0.529177 97.89148300384039
0.5616936984924623 81.75194486569126
0.5942103969849246 67.63407622175464
0.6267270954773869 55.321514156130775
0.6592437939698492 44.643951599725085
0.6917604924623115 35.4473527674553
0.7242771909547738 27.581358333400203
0.7567938894472361 20.897754506634328
0.7893105879396984 15.254171370770734
0.8218272864321609 10.518540053998436
0.8543439849246232 6.571801920185806
0.8868606834170855 3.3082435442418614
0.9193773819095478 0.6341039985794055
0.9518940804020101 -1.5344178142340752
0.9844107788944724 -3.2727985525274903
1.0169274773869346 -4.649016308870046
1.049444175879397 -5.723631637372478
1.0819608743718594 -6.5495082343271065
1.1144775728643217 -7.17162120447648
1.146994271356784 -7.627266300775204
1.1795109698492463 -7.946763460744705
1.2120276683417086 -8.154548734761875
1.244544366834171 -8.270434620160415
1.2770610653266332 -8.310804183967264
1.3095777638190955 -8.289565723551448
1.3420944623115578 -8.21879144580521
1.3746111608040201 -8.109056757347275
1.4071278592964824 -7.969560478905237
1.4396445577889447 -7.808131413957597
1.472161256281407 -7.631217737619863
1.5046779547738693 -7.443925048894528
1.5371946532663316 -7.250130950277651
1.569711351758794 -7.052670439086796
1.6022280502512563 -6.853564219600969
1.6347447487437186 -6.654253318537144
1.6672614472361809 -6.455806302375038
1.6997781457286432 -6.259075967131935
1.7322948442211055 -6.064796052427766
1.7648115427135678 -5.87362141731677
1.79732824120603 -5.686124599586037
1.8298449396984924 -5.50276661249228
1.8623616381909547 -5.323860314920637
1.894878336683417 -5.149541681655933
1.9273950351758793 -4.979759176101311
1.9599117336683418 -4.814285599785023
1.9924284321608041 -4.652751438383746
2.024945130653266 -4.494694641373201
2.0574618291457285 -4.339619348837971
2.089978527638191 -4.187055337288655
2.122495226130653 -4.036610649335046
2.1550119246231154 -3.8880115927419183
2.1875286231155777 -3.7411265795423105
2.22004532160804 -3.5959726887726333
2.2525620201005023 -3.4527060223872468
2.2850787185929646 -3.3115986389040586
2.317595417085427 -3.173005965087043
2.3501121155778892 -3.0373290784011147
2.3826288140703515 -2.9049761799161047
2.4151455125628143 -2.776327051782971
2.4476622110552766 -2.6517034569117186
2.480178909547739 -2.531347437987449
2.512695608040201 -2.4154084428929536
2.5452123065326635 -2.303939253931958
2.577729005025126 -2.1968999081917104
2.610245703517588 -2.0941682130429626
2.6427624020100504 -1.9955551014379012
2.6752791005025127 -1.9008229286310439
2.707795798994975 -1.8097048587270024
2.7403124974874373 -1.7219236873249884
2.7728291959798996 -1.6372087507473907
2.805345894472362 -1.5553099374886301
2.8378625929648242 -1.476008201703678
2.8703792914572865 -1.3991223463251004
2.902895989949749 -1.3245121674619895
2.935412688442211 -1.2520783136162663
2.9679293869346735 -1.1817594030237046
3.0004460854271358 -1.1135270578273548
3.032962783919598 -1.0473795588810617
3.0654794824120604 -0.9833348086029332
3.0979961809045227 -0.9214232234465385
3.130512879396985 -0.8616810758687166
3.1630295778894473 -0.8041446820657825
3.1955462763819096 -0.7488456993451678
3.228062974874372 -0.6958076672680136
3.260579673366834 -0.6450438089382828
3.2930963718592965 -0.5965560098508718
3.325613070351759 -0.5503348158266022
3.358129768844221 -0.5063602406570453
3.3906464673366834 -0.4646031479034036
3.4231631658291457 -0.42502696784754335
3.455679864321608 -0.38758952653790857
3.4881965628140703 -0.35224479498401706
3.5207132613065326 -0.3189444081450006
3.553229959798995 -0.28763885067229467
3.5857466582914572 -0.2582782549251874
3.6182633567839195 -0.23081280262397286
3.650780055276382 -0.20519276142999843
3.683296753768844 -0.18136821937349623
3.7158134522613064 -0.159288601932019
3.7483301507537687 -0.13890206812538963
3.780846849246231 -0.12015488349231873
3.8133635477386933 -0.10299086022541815
3.8458802462311557 -0.0873509396155896
3.878396944723618 -0.07317297126127187
3.9109136432160803 -0.0603917194442829
3.9434303417085426 -0.0489391019553409
3.975947040201005 -0.03874464267136091
4.008463738693467 -0.029736098330204186
4.0409804371859295 -0.021840203846920758
4.073497135678392 -0.014983470370680152
4.106013834170854 -0.009092966783612155
4.138530532663316 -0.004097018656239015
4.171047231155779 7.423157666153202e-5
4.203563929648241 0.0034884441527083254
4.236080628140703 0.006210902631323734
4.268597326633166 0.008304534988326395
4.301114025125628 0.009830111842745737
4.33363072361809 0.010846577363338383
4.3661474221105525 0.01141145087200357
4.398664120603015 0.011581225182965227
4.431180819095477 0.01141168294492445
4.463697517587939 0.010958055897219765
4.496214216080402 0.010274964617963178
4.528730914572864 0.009416097898395037
4.561247613065326 0.008433620326854907
4.593764311557789 0.0073773320016243815
4.626281010050251 0.006293642425134749
4.658797708542713 0.005224457277961392
4.6913144070351755 0.004206106386561714
4.723831105527638 0.003268456944283571
4.7563478040201 0.0024343497341874354
4.7888645025125625 0.0017194582086403898
4.821381201005025 0.0011325899502026004
4.853897899497487 0.0006763151056929928
4.886414597989949 0.00034760344283313316
4.918931296482412 0.00013786614141508835
4.951447994974874 3.141460609867863e-5
4.983964693467336 8.498114425492531e-7
5.016481391959799 0.0
5.048998090452261 0.0
5.081514788944723 0.0
5.1140314874371855 0.0
5.146548185929648 0.0
5.179064884422111 0.0
5.211581582914573 0.0
5.244098281407036 0.0
5.276614979899498 0.0
5.30913167839196 0.0
5.3416483768844225 0.0
5.374165075376885 0.0
5.406681773869347 0.0
5.439198472361809 0.0
5.471715170854272 0.0
5.504231869346734 0.0
5.536748567839196 0.0
5.569265266331659 0.0
5.601781964824121 0.0
5.634298663316583 0.0
5.6668153618090455 0.0
5.699332060301508 0.0
5.73184875879397 0.0
5.7643654572864325 0.0
5.796882155778895 0.0
5.829398854271357 0.0
5.861915552763819 0.0
5.894432251256282 0.0
5.926948949748744 0.0
5.959465648241206 0.0
5.991982346733669 0.0
6.024499045226131 0.0
6.057015743718593 0.0
6.0895324422110555 0.0
6.122049140703518 0.0
6.15456583919598 0.0
6.187082537688442 0.0
6.219599236180905 0.0
6.252115934673367 0.0
6.284632633165829 0.0
6.317149331658292 0.0
6.349666030150754 0.0
6.382182728643216 0.0
6.4146994271356785 0.0
6.447216125628141 0.0
6.479732824120603 0.0
6.5122495226130654 0.0
6.544766221105528 0.0
6.57728291959799 0.0
6.609799618090452 0.0
6.642316316582915 0.0
6.674833015075377 0.0
6.707349713567839 0.0
6.739866412060302 0.0
6.772383110552764 0.0
6.804899809045226 0.0
6.8374165075376885 0.0
6.869933206030151 0.0
6.902449904522613 0.0
6.934966603015075 0.0
6.967483301507538 0.0
7.0 0.0
