0.529177 0.036193131847028326
0.5616936984924623 -0.019029651965013272
0.5942103969849246 -0.033132884986173394
0.6267270954773869 0.007960324586690604
0.6592437939698492 0.029348412008403102
0.6917604924623115 -0.0002997569100102737
0.7242771909547738 -0.025697360335982466
0.7567938894472361 -0.005774283001585445
0.7893105879396984 0.022081058797425612
0.8218272864321609 0.011281173282839063
0.8543439849246232 -0.017988914889770058
0.8868606834170855 -0.016727508910150846
0.9193773819095478 0.012629171031107944
0.9518940804020101 0.022227514870678533
0.9844107788944724 -0.004880104341452807
1.0169274773869346 -0.027623800427818423
1.049444175879397 -0.007022388347365904
1.0819608743718594 0.03470053155513142
1.1144775728643217 0.03680010253964383
1.146994271356784 -0.026866329301924452
1.1795109698492463 -0.11526875372635459
1.2120276683417086 -0.16269224867488674
1.244544366834171 -0.1436263277901162
1.2770610653266332 -0.0915155933492997
1.3095777638190955 -0.06034057658035863
1.3420944623115578 -0.07457876696980748
1.3746111608040201 -0.11419041198507784
1.4071278592964824 -0.13988500772495627
1.4396445577889447 -0.12846750521407557
1.472161256281407 -0.08752369548665229
1.5046779547738693 -0.04334549979307667
1.5371946532663316 -0.018275542298511027
1.569711351758794 -0.016844514988235915
1.6022280502512563 -0.0278947841679269
1.6347447487437186 -0.03641134369803467
1.6672614472361809 -0.03414771927776883
1.6997781457286432 -0.022536536545771924
1.7322948442211055 -0.008616174342876093
1.7648115427135678 0.0010796014041716262
1.79732824120603 0.004195407018585229
1.8298449396984924 0.0024438953848857636
1.8623616381909547 -0.0008275669861177448
1.894878336683417 -0.0030735142082107814
1.9273950351758793 -0.0035500146133244925
1.9599117336683418 -0.0028539120551158703
1.9924284321608041 -0.0018684890601434745
2.024945130653266 -0.0010096468822666793
2.0574618291457285 -0.00014024909756926718
2.089978527638191 0.0010381931571146197
2.122495226130653 0.002551279239980886
2.1550119246231154 0.004003510005873068
2.1875286231155777 0.004769321429421325
2.22004532160804 0.004348331511891956
2.2525620201005023 0.0026463246238108695
2.2850787185929646 3.260251571646222e-5
2.317595417085427 -0.0028259635419090046
2.3501121155778892 -0.00524002858634276
2.3826288140703515 -0.0067390390469768136
2.4151455125628143 -0.007183332938723197
2.4476622110552766 -0.006731883881059275
2.480178909547739 -0.005716203619783755
2.512695608040201 -0.004495812645359365
2.5452123065326635 -0.003355212354961168
2.577729005025126 -0.002465383835328794
2.610245703517588 -0.001897619394924277
2.6427624020100504 -0.0016594271266967553
2.6752791005025127 -0.0017243663062913583
2.707795798994975 -0.0020428226665103466
2.7403124974874373 -0.002537745064671526
2.7728291959798996 -0.0030992408518386583
2.805345894472362 -0.0035913645360210467
2.8378625929648242 -0.0038758977011070783
2.8703792914572865 -0.0038471607987844436
2.902895989949749 -0.0034646517706278246
2.935412688442211 -0.0027697413536316162
2.9679293869346735 -0.0018784709016017587
3.0004460854271358 -0.0009516552059380956
3.032962783919598 -0.0001519173607675839
3.0654794824120604 0.0003983225631145615
3.0979961809045227 0.0006448570625821048
3.130512879396985 0.0006081420602868093
3.1630295778894473 0.0003682282890622446
3.1955462763819096 3.50406565985395e-5
3.228062974874372 -0.000285309447065174
3.260579673366834 -0.0005176035468252849
3.2930963718592965 -0.0006309117808882547
3.325613070351759 -0.0006365204350800013
3.358129768844221 -0.0005737168106634272
3.3906464673366834 -0.0004900506633020996
3.4231631658291457 -0.0004233610984556435
3.455679864321608 -0.00039106808537781035
3.4881965628140703 -0.0003889221024451217
3.5207132613065326 -0.00039788735932688724
3.553229959798995 -0.00039529202086896476
3.5857466582914572 -0.00036551544991425544
3.6182633567839195 -0.00030635152091917917
3.650780055276382 -0.00022926219730834418
3.683296753768844 -0.00015415745559721472
3.7158134522613064 -0.00010123780623416678
3.7483301507537687 -8.322419267869918e-5
3.780846849246231 -0.00010082926672794201
3.8133635477386933 -0.00014288968162645688
3.8458802462311557 -0.00019077571903380885
3.878396944723618 -0.00022518687433148443
3.9109136432160803 -0.00023273335756357483
3.9434303417085426 -0.00020997818609203023
3.975947040201005 -0.00016369957955930658
4.008463738693467 -0.00010758339340100065
4.0409804371859295 -5.682540285079085e-5
4.073497135678392 -2.2766065342239017e-5
4.106013834170854 -9.499980194505042e-6
4.138530532663316 -1.3513156602584786e-5
4.171047231155779 -2.617494095602524e-5
4.203563929648241 -3.783151436209664e-5
4.236080628140703 -4.172549006398185e-5
4.268597326633166 -3.618400137384015e-5
4.301114025125628 -2.435992149685262e-5
4.33363072361809 -1.190830448649649e-5
4.3661474221105525 -3.8581022749895055e-6
4.398664120603015 -2.2149584424369095e-6
4.431180819095477 -5.383606435316324e-6
4.463697517587939 -9.537471044041013e-6
4.496214216080402 -1.1053225023260893e-5
4.528730914572864 -8.58610866316667e-6
4.561247613065326 -3.600158947847376e-6
4.593764311557789 8.991180493467255e-7
4.626281010050251 2.551912075432483e-6
4.658797708542713 1.2402900324559596e-6
4.6913144070351755 -1.0585565632936778e-6
4.723831105527638 -2.0564716578519437e-6
4.7563478040201 -1.115054828915163e-6
4.7888645025125625 3.958647312174435e-7
4.821381201005025 7.857631771912565e-7
4.853897899497487 3.6103074307902716e-8
4.886414597989949 -4.129455533075088e-7
4.918931296482412 -4.2466183458600426e-8
4.951447994974874 8.388133210246451e-8
4.983964693467336 -1.328834287050995e-8
5.016481391959799 0.0
5.048998090452261 0.0
5.081514788944723 0.0
5.1140314874371855 0.0
5.146548185929648 0.0
5.179064884422111 0.0
5.211581582914573 0.0
5.244098281407036 0.0
5.276614979899498 0.0
5.30913167839196 0.0
5.3416483768844225 0.0
5.374165075376885 0.0
5.406681773869347 0.0
5.439198472361809 0.0
5.471715170854272 0.0
5.504231869346734 0.0
5.536748567839196 0.0
5.569265266331659 0.0
5.601781964824121 0.0
5.634298663316583 0.0
5.6668153618090455 0.0
5.699332060301508 0.0
5.73184875879397 0.0
5.7643654572864325 0.0
5.796882155778895 0.0
5.829398854271357 0.0
5.861915552763819 0.0
5.894432251256282 0.0
5.926948949748744 0.0
5.959465648241206 0.0
5.991982346733669 0.0
6.024499045226131 0.0
6.057015743718593 0.0
6.0895324422110555 0.0
6.122049140703518 0.0
6.15456583919598 0.0
6.187082537688442 0.0
6.219599236180905 0.0
6.252115934673367 0.0
6.284632633165829 0.0
6.317149331658292 0.0
6.349666030150754 0.0
6.382182728643216 0.0
6.4146994271356785 0.0
6.447216125628141 0.0
6.479732824120603 0.0
6.5122495226130654 0.0
6.544766221105528 0.0
6.57728291959799 0.0
6.609799618090452 0.0
6.642316316582915 0.0
6.674833015075377 0.0
6.707349713567839 0.0
6.739866412060302 0.0
6.772383110552764 0.0
6.804899809045226 0.0
6.8374165075376885 0.0
6.869933206030151 0.0
6.902449904522613 0.0
6.934966603015075 0.0
6.967483301507538 0.0
7.0 0.0
