0.529177 -13.101763093795995
0.5616936984924623 29.681996983939428
0.5942103969849246 29.480638904358045
0.6267270954773869 -4.014725377025798
0.6592437939698492 -26.636798652207773
0.6917604924623115 -15.506998659287348
0.7242771909547738 11.002413489728042
0.7567938894472361 21.932722099443197
0.7893105879396984 8.59593684691805
0.8218272864321609 -11.897375180928435
0.8543439849246232 -19.240261177275812
0.8868606834170855 -9.14543394164616
0.9193773819095478 7.517000309343302
0.9518940804020101 18.047815386051354
0.9844107788944724 17.892716352891227
1.0169274773869346 10.588442829183066
1.049444175879397 2.020528870642295
1.0819608743718594 -4.188806167302914
1.1144775728643217 -7.49760847430349
1.146994271356784 -8.931665411996562
1.1795109698492463 -9.549088290078089
1.2120276683417086 -9.871682122956486
1.244544366834171 -10.018711510648416
1.2770610653266332 -9.982612773282312
1.3095777638190955 -9.772070381099525
1.3420944623115578 -9.43072870812199
1.3746111608040201 -9.015452109662135
1.4071278592964824 -8.57794816617809
1.4396445577889447 -8.154805212982524
1.472161256281407 -7.763297322085975
1.5046779547738693 -7.403205434418453
1.5371946532663316 -7.06354149148649
1.569711351758794 -6.7299452485038955
1.6022280502512563 -6.389085261222931
1.6347447487437186 -6.029813993108405
1.6672614472361809 -5.643078197367231
1.6997781457286432 -5.22208209210612
1.7322948442211055 -4.762629357648905
1.7648115427135678 -4.2630163223028035
1.79732824120603 -3.723568700065073
1.8298449396984924 -3.146682493190042
1.8623616381909547 -2.5380069201629567
1.894878336683417 -1.9083401912507156
1.9273950351758793 -1.2748795482464175
1.9599117336683418 -0.6604921168726037
1.9924284321608041 -0.09065791278578672
2.024945130653266 0.4110095107892562
2.0574618291457285 0.8270281145255467
2.089978527638191 1.1486157555302725
2.122495226130653 1.375916061042858
2.1550119246231154 1.5162234587836565
2.1875286231155777 1.5811934438184494
2.22004532160804 1.5841162565193372
2.2525620201005023 1.5379764527855855
2.2850787185929646 1.4544968763273687
2.317595417085427 1.3439445668948338
2.3501121155778892 1.2152989039554427
2.3826288140703515 1.076437169602798
2.4151455125628143 0.9341713481894658
2.4476622110552766 0.7941482136207014
2.480178909547739 0.660723067913068
2.512695608040201 0.5369205364165737
2.5452123065326635 0.42453657142800694
2.577729005025126 0.32436382761704863
2.610245703517588 0.23647603808137774
2.6427624020100504 0.1604996098687934
2.6752791005025127 0.0958238087916925
2.707795798994975 0.041735168866466665
2.7403124974874373 -0.0025108676465492863
2.7728291959798996 -0.037656614433842606
2.805345894472362 -0.06442604682922592
2.8378625929648242 -0.08351578137080651
2.8703792914572865 -0.0955930309871178
2.902895989949749 -0.10130453736519485
2.935412688442211 -0.10129808884897784
2.9679293869346735 -0.09625237203675852
3.0004460854271358 -0.0869057595916729
3.032962783919598 -0.07407324691365602
3.0654794824120604 -0.05864380591759755
3.0979961809045227 -0.04155639739133221
3.130512879396985 -0.02375912956904358
3.1630295778894473 -0.006160178219772661
3.1955462763819096 0.01042005576465499
3.228062974874372 0.025288124185181005
3.260579673366834 0.03790414606265813
3.2930963718592965 0.0478952793245071
3.325613070351759 0.05505741204808601
3.358129768844221 0.05934677058797888
3.3906464673366834 0.0608625093872206
3.4231631658291457 0.05982079909000504
3.455679864321608 0.056521331379030926
3.4881965628140703 0.05130872878362425
3.5207132613065326 0.044533526024054026
3.553229959798995 0.03651908278203564
3.5857466582914572 0.027540870884706692
3.6182633567839195 0.017822439031021986
3.650780055276382 0.007548251666264605
3.683296753768844 -0.0031113350186728894
3.7158134522613064 -0.013971785380078927
3.7483301507537687 -0.024813246242331388
3.780846849246231 -0.0353752914514871
3.8133635477386933 -0.04537139935536061
3.8458802462311557 -0.054520355785825814
3.878396944723618 -0.0625855127513546
3.9109136432160803 -0.06940922358575108
3.9434303417085426 -0.07493035809244475
3.975947040201005 -0.07917776793152598
4.008463738693467 -0.08224055429741384
4.0409804371859295 -0.0842243805187195
4.073497135678392 -0.08520883202805862
4.106013834170854 -0.08522153998916338
4.138530532663316 -0.08423962832597454
4.171047231155779 -0.08221929999137956
4.203563929648241 -0.07914325125125288
4.236080628140703 -0.07506728525925155
4.268597326633166 -0.07014570633606354
4.301114025125628 -0.06462151306953956
4.33363072361809 -0.05878069593808277
4.3661474221105525 -0.05288558196758686
4.398664120603015 -0.04711373811892372
4.431180819095477 -0.04153042465145518
4.463697517587939 -0.03611111534661404
4.496214216080402 -0.030808647706521697
4.528730914572864 -0.02563539508849999
4.561247613065326 -0.02071638938457454
4.593764311557789 -0.01627541334670468
4.626281010050251 -0.012546280541357646
4.658797708542713 -0.009646854986385733
4.6913144070351755 -0.007491416824507269
4.723831105527638 -0.005818482547340409
4.7563478040201 -0.004355319219143894
4.7888645025125625 -0.0030358207586118624
4.821381201005025 -0.0020906156682372057
4.853897899497487 -0.0018362284321256084
4.886414597989949 -0.0021999748418011222
4.918931296482412 -0.0024127255032340145
4.951447994974874 -0.0015798516309359911
4.983964693467336 -0.0002228801254773316
5.016481391959799 0.0
5.048998090452261 0.0
5.081514788944723 0.0
5.1140314874371855 0.0
5.146548185929648 0.0
5.179064884422111 0.0
5.211581582914573 0.0
5.244098281407036 0.0
5.276614979899498 0.0
5.30913167839196 0.0
5.3416483768844225 0.0
5.374165075376885 0.0
5.406681773869347 0.0
5.439198472361809 0.0
5.471715170854272 0.0
5.504231869346734 0.0
5.536748567839196 0.0
5.569265266331659 0.0
5.601781964824121 0.0
5.634298663316583 0.0
5.6668153618090455 0.0
5.699332060301508 0.0
5.73184875879397 0.0
5.7643654572864325 0.0
5.796882155778895 0.0
5.829398854271357 0.0
5.861915552763819 0.0
5.894432251256282 0.0
5.926948949748744 0.0
5.959465648241206 0.0
5.991982346733669 0.0
6.024499045226131 0.0
6.057015743718593 0.0
6.0895324422110555 0.0
6.122049140703518 0.0
6.15456583919598 0.0
6.187082537688442 0.0
6.219599236180905 0.0
6.252115934673367 0.0
6.284632633165829 0.0
6.317149331658292 0.0
6.349666030150754 0.0
6.382182728643216 0.0
6.4146994271356785 0.0
6.447216125628141 0.0
6.479732824120603 0.0
6.5122495226130654 0.0
6.544766221105528 0.0
6.57728291959799 0.0
6.609799618090452 0.0
6.642316316582915 0.0
6.674833015075377 0.0
6.707349713567839 0.0
6.739866412060302 0.0
6.772383110552764 0.0
6.804899809045226 0.0
6.8374165075376885 0.0
6.869933206030151 0.0
6.902449904522613 0.0
6.934966603015075 0.0
6.967483301507538 0.0
7.0 0.0
