0.529177 -0.17137518712479505
0.5616936984924623 -0.16053454019856872
0.5942103969849246 -0.12962666639759846
0.6267270954773869 -0.08411320069717476
0.6592437939698492 -0.031249872172338655
0.6917604924623115 0.0207397154008504
0.7242771909547738 0.06383592379825132
0.7567938894472361 0.0915252288505144
0.7893105879396984 0.0999632798066159
0.8218272864321609 0.08873108504667471
0.8543439849246232 0.06098153526545502
0.8868606834170855 0.022893270705026225
0.9193773819095478 -0.017500716958238627
0.9518940804020101 -0.05189604272709403
0.9844107788944724 -0.073391986599745
1.0169274773869346 -0.07790255923828227
1.049444175879397 -0.06499247983811074
1.0819608743718594 -0.037946003660181304
1.1144775728643217 -0.003043218837774475
1.146994271356784 0.0318059893870668
1.1795109698492463 0.05877697465439269
1.2120276683417086 0.07182383429790207
1.244544366834171 0.06798697217891458
1.2770610653266332 0.04803709483530838
1.3095777638190955 0.016324037685990334
1.3420944623115578 -0.02013025583983108
1.3746111608040201 -0.05309795766152092
1.4071278592964824 -0.07486392413375142
1.4396445577889447 -0.0798478126507689
1.472161256281407 -0.06581222569730016
1.5046779547738693 -0.034432795002430794
1.5371946532663316 0.008861567663188907
1.569711351758794 0.05572817938445951
1.6022280502512563 0.09625702702578565
1.6347447487437186 0.12056970148296386
1.6672614472361809 0.12038763958480558
1.6997781457286432 0.09031087161929463
1.7322948442211055 0.028616162040634663
1.7648115427135678 -0.06252229187339253
1.79732824120603 -0.177385090615644
1.8298449396984924 -0.3075381512826425
1.8623616381909547 -0.44298185765183007
1.894878336683417 -0.5734269289459917
1.9273950351758793 -0.6895066037868673
1.9599117336683418 -0.7837652344078379
1.9924284321608041 -0.8513140612139978
2.024945130653266 -0.8901050763506646
2.0574618291457285 -0.9008329573334777
2.089978527638191 -0.8865243837226444
2.122495226130653 -0.8519078801309661
2.1550119246231154 -0.8026731944355561
2.1875286231155777 -0.7447277410028619
2.22004532160804 -0.6835418613281945
2.2525620201005023 -0.6236491467989254
2.2850787185929646 -0.5683379651381983
2.317595417085427 -0.519540484812751
2.3501121155778892 -0.4778998324418353
2.3826288140703515 -0.44297718653979246
2.4151455125628143 -0.41354984077952395
2.4476622110552766 -0.38794849892110506
2.480178909547739 -0.3643861968012061
2.512695608040201 -0.3412405080762255
2.5452123065326635 -0.3172629901255277
2.577729005025126 -0.29170309334949707
2.610245703517588 -0.2643461980824213
2.6427624020100504 -0.23547571189737937
2.6752791005025127 -0.2057764328292251
2.707795798994975 -0.1762003553139948
2.7403124974874373 -0.14781690951531345
2.7728291959798996 -0.12166776689809922
2.805345894472362 -0.09864251701219473
2.8378625929648242 -0.07938651445510914
2.8703792914572865 -0.0642467848774686
2.902895989949749 -0.05325673653896956
2.935412688442211 -0.046156064339811564
2.9679293869346735 -0.04243898911954602
3.0004460854271358 -0.04142199669513502
3.032962783919598 -0.04232151591895672
3.0654794824120604 -0.04433236110889993
3.0979961809045227 -0.046699030262971064
3.130512879396985 -0.04877381668484304
3.1630295778894473 -0.05005786859328509
3.1955462763819096 -0.050223549784277566
3.228062974874372 -0.04911848949632258
3.260579673366834 -0.04675339391178568
3.2930963718592965 -0.043276921032884275
3.325613070351759 -0.038941652464927756
3.358129768844221 -0.03406544163408398
3.3906464673366834 -0.028992233108510845
3.4231631658291457 -0.024055917599980603
3.455679864321608 -0.01955001423448266
3.4881965628140703 -0.015705063437053468
3.5207132613065326 -0.012674671941567794
3.553229959798995 -0.010530264020417235
3.5857466582914572 -0.009263829331757734
3.6182633567839195 -0.008797364936981467
3.650780055276382 -0.008997312212159159
3.683296753768844 -0.009692093311969074
3.7158134522613064 -0.010690843291740748
3.7483301507537687 -0.011801586515503004
3.780846849246231 -0.012847383582993643
3.8133635477386933 -0.013679337009307346
3.8458802462311557 -0.014185748692398192
3.878396944723618 -0.014297131083367276
3.9109136432160803 -0.013987153130074148
3.9434303417085426 -0.013269925319036702
3.975947040201005 -0.012194277107482776
4.008463738693467 -0.010835844834218733
4.0409804371859295 -0.009287866925660637
4.073497135678392 -0.00765158067952143
4.106013834170854 -0.0060270417598076165
4.138530532663316 -0.004505058306676801
4.171047231155779 -0.0031607631008228054
4.203563929648241 -0.002049157497822307
4.236080628140703 -0.0012027667071379256
4.268597326633166 -0.0006313632347882958
4.301114025125628 -0.00032355614530388266
4.33363072361809 -0.0002499181719031185
4.3661474221105525 -0.00036723602352140006
4.398664120603015 -0.0006234241864149226
4.431180819095477 -0.0009626378632674459
4.463697517587939 -0.0013301526214490877
4.496214216080402 -0.001676640747973579
4.528730914572864 -0.001961559300980298
4.561247613065326 -0.002155463882445474
4.593764311557789 -0.002241166315798182
4.626281010050251 -0.002213755289631081
4.658797708542713 -0.002079589206914534
4.6913144070351755 -0.0018544440517871408
4.723831105527638 -0.0015610517057211837
4.7563478040201 -0.0012262935379112605
4.7888645025125625 -0.0008783197808952536
4.821381201005025 -0.0005438485313788988
4.853897899497487 -0.0002458620583638549
4.886414597989949 -1.8668033590074629e-6
4.918931296482412 0.00017717814807838295
4.951447994974874 0.00028722540082526393
4.983964693467336 0.00033082285881391726
5.016481391959799 0.0003162018474540673
5.048998090452261 0.0002559030272095697
5.081514788944723 0.000165106997883413
5.1140314874371855 5.985357529425528e-5
5.146548185929648 -4.4666838221019134e-5
5.179064884422111 -0.00013558358477894217
5.211581582914573 -0.00020344405129435472
5.244098281407036 -0.00024285010476887692
5.276614979899498 -0.0002525945546949515
5.30913167839196 -0.0002353137078898726
5.3416483768844225 -0.0001967238204088062
5.374165075376885 -0.00014455332348006777
5.406681773869347 -8.73145636433037e-5
5.439198472361809 -3.3074724342441186e-5
5.471715170854272 1.1616462870733812e-5
5.504231869346734 4.250567508279346e-5
5.536748567839196 5.802362647955306e-5
5.569265266331659 5.923629396420438e-5
5.601781964824121 4.937679477734491e-5
5.634298663316583 3.303933954157401e-5
5.6668153618090455 1.517471537226811e-5
5.699332060301508 6.952541298232973e-8
5.73184875879397 -9.490669981460087e-6
5.7643654572864325 -1.2689268260146491e-5
5.796882155778895 -1.064681782736443e-5
5.829398854271357 -5.854650225955993e-6
5.861915552763819 -1.1736137821571901e-6
5.894432251256282 1.3396402209764346e-6
5.926948949748744 1.3452208804665133e-6
5.959465648241206 2.9027251002844423e-7
5.991982346733669 -2.181877789553255e-8
6.024499045226131 0.0
6.057015743718593 0.0
6.0895324422110555 0.0
6.122049140703518 0.0
6.15456583919598 0.0
6.187082537688442 0.0
6.219599236180905 0.0
6.252115934673367 0.0
6.284632633165829 0.0
6.317149331658292 0.0
6.349666030150754 0.0
6.382182728643216 0.0
6.4146994271356785 0.0
6.447216125628141 0.0
6.479732824120603 0.0
6.5122495226130654 0.0
6.544766221105528 0.0
6.57728291959799 0.0
6.609799618090452 0.0
6.642316316582915 0.0
6.674833015075377 0.0
6.707349713567839 0.0
6.739866412060302 0.0
6.772383110552764 0.0
6.804899809045226 0.0
6.8374165075376885 0.0
6.869933206030151 0.0
6.902449904522613 0.0
6.934966603015075 0.0
6.967483301507538 0.0
7.0 0.0
