0.529177 -12.113122527453015
0.5616936984924623 -6.005857338575879
0.5942103969849246 -0.47215711097487656
0.6267270954773869 3.798316621523554
0.6592437939698492 6.413360050495612
0.6917604924623115 7.289179588706247
0.7242771909547738 6.622367981066418
0.7567938894472361 4.824882941613396
0.7893105879396984 2.4317774703467876
0.8218272864321609 -0.0028002710168948397
0.8543439849246232 -2.003284199125119
0.8868606834170855 -3.2472650990093825
0.9193773819095478 -3.6049930903373024
0.9518940804020101 -3.1390940360433888
0.9844107788944724 -2.067835985841157
1.0169274773869346 -0.7023139643442846
1.049444175879397 0.627588644178104
1.0819608743718594 1.6425304343993048
1.1144775728643217 2.164782975181879
1.146994271356784 2.1425611964314157
1.1795109698492463 1.6455584496379743
1.2120276683417086 0.8358759405800811
1.244544366834171 -0.07676252032069897
1.2770610653266332 -0.8843382410505001
1.3095777638190955 -1.4236092903702229
1.3420944623115578 -1.6047644784594013
1.3746111608040201 -1.4215449632392847
1.4071278592964824 -0.9431150579221139
1.4396445577889447 -0.29171233457418566
1.472161256281407 0.3875081041442172
1.5046779547738693 0.9573133219746524
1.5371946532663316 1.3136675900332193
1.569711351758794 1.4012242892731592
1.6022280502512563 1.2173995540597389
1.6347447487437186 0.8059062494048703
1.6672614472361809 0.24256627154682064
1.6997781457286432 -0.382715238534729
1.7322948442211055 -0.983806009277032
1.7648115427135678 -1.4927063094455661
1.79732824120603 -1.868297148415877
1.8298449396984924 -2.098773865483963
1.8623616381909547 -2.1983646048101946
1.894878336683417 -2.199896036529026
1.9273950351758793 -2.1452702317674266
1.9599117336683418 -2.0759465276805713
1.9924284321608041 -2.0251613946602447
2.024945130653266 -2.0130061864238087
2.0574618291457285 -2.044775655009289
2.089978527638191 -2.112344244686028
2.122495226130653 -2.197830151395465
2.1550119246231154 -2.27852746186727
2.1875286231155777 -2.332033251415851
2.22004532160804 -2.340637114193669
2.2525620201005023 -2.2943158929447236
2.2850787185929646 -2.192015602360698
2.317595417085427 -2.0412377920365543
2.3501121155778892 -1.856224563305659
2.3826288140703515 -1.6552206135729648
2.4151455125628143 -1.4573689040316822
2.4476622110552766 -1.2797749156325153
2.480178909547739 -1.1351734854652022
2.512695608040201 -1.0304808079235954
2.5452123065326635 -0.9663435824968474
2.577729005025126 -0.9376359197885904
2.610245703517588 -0.9347244386808597
2.6427624020100504 -0.9452365457800624
2.6752791005025127 -0.9560309874177619
2.707795798994975 -0.9550804528425942
2.7403124974874373 -0.9330244493758073
2.7728291959798996 -0.8842244533789199
2.805345894472362 -0.8072388035561744
2.8378625929648242 -0.7047190683933877
2.8703792914572865 -0.5828021233119216
2.902895989949749 -0.45012559407405206
2.935412688442211 -0.3166249209189118
2.9679293869346735 -0.19227773845886986
3.0004460854271358 -0.08594806068504113
3.032962783919598 -0.004453467790881405
3.0654794824120604 0.04806117376938346
3.0979961809045227 0.07040395484727924
3.130512879396985 0.06427345171323395
3.1630295778894473 0.0338939045486768
3.1955462763819096 -0.014583562475309009
3.228062974874372 -0.07382805632369127
3.260579673366834 -0.13613265980529832
3.2930963718592965 -0.19418729773497034
3.325613070351759 -0.2417458854179131
3.358129768844221 -0.2741316483243281
3.3906464673366834 -0.2885466116513271
3.4231631658291457 -0.2841741163501865
3.455679864321608 -0.2620844879274955
3.4881965628140703 -0.22497180778736947
3.5207132613065326 -0.17676284268964082
3.553229959798995 -0.12214692342058697
3.5857466582914572 -0.0660778668770945
3.6182633567839195 -0.013296355034981389
3.650780055276382 0.032085634860777645
3.683296753768844 0.06690660139065585
3.7158134522613064 0.08916337844129885
3.7483301507537687 0.09809715020128351
3.780846849246231 0.0941612782116863
3.8133635477386933 0.07888464975440002
3.8458802462311557 0.054652073105899035
3.878396944723618 0.02442839851755707
3.9109136432160803 -0.008544617174266023
3.9434303417085426 -0.041050058156542946
3.975947040201005 -0.07017033592819644
4.008463738693467 -0.09351322965085274
4.0409804371859295 -0.10937431936872599
4.073497135678392 -0.11682737868068216
4.106013834170854 -0.11574110406763793
4.138530532663316 -0.1067268869446707
4.171047231155779 -0.09102771177640534
4.203563929648241 -0.07036234075530956
4.236080628140703 -0.04674150987739267
4.268597326633166 -0.022273838931141654
4.301114025125628 0.001021394222334493
4.33363072361809 0.02137937531915668
4.3661474221105525 0.037420538099468104
4.398664120603015 0.04823855523500242
4.431180819095477 0.05344126704221708
4.463697517587939 0.05314451399317477
4.496214216080402 0.047922780127919395
4.528730914572864 0.03872390823744354
4.561247613065326 0.02675768504559528
4.593764311557789 0.013369664275160176
4.626281010050251 -8.78701812325744e-5
4.658797708542713 -0.012376383832815918
4.6913144070351755 -0.022473007109510945
4.723831105527638 -0.029646054856129922
4.7563478040201 -0.03349904414972116
4.7888645025125625 -0.03398113571347494
4.821381201005025 -0.031364998078061035
4.853897899497487 -0.02619595437499811
4.886414597989949 -0.019218687259126455
4.918931296482412 -0.011289556909105158
4.951447994974874 -0.0032835942765814252
4.983964693467336 0.003994605198386125
5.016481391959799 0.009887545284072985
5.048998090452261 0.013941969464212889
5.081514788944723 0.0159415039979649
5.1140314874371855 0.015912391116216895
5.146548185929648 0.014102684779572883
5.179064884422111 0.01093803166259022
5.211581582914573 0.006959611942875199
5.244098281407036 0.0027517203179741045
5.276614979899498 -0.0011323833987262333
5.30913167839196 -0.004237484712575679
5.3416483768844225 -0.00625816164756543
5.374165075376885 -0.007068859171340591
5.406681773869347 -0.006728450245645945
5.439198472361809 -0.005458647456180188
5.471715170854272 -0.0035991534459753893
5.504231869346734 -0.0015458835787285352
5.536748567839196 0.00031849631886871066
5.569265266331659 0.001690578879788518
5.601781964824121 0.002397202815700439
5.634298663316583 0.0024212521439039847
5.6668153618090455 0.001895534884170047
5.699332060301508 0.0010634349437168567
5.73184875879397 0.00021205734265095089
5.7643654572864325 -0.00040863529648049735
5.796882155778895 -0.000660100011373288
5.829398854271357 -0.0005580448541877558
5.861915552763819 -0.0002605384670459898
5.894432251256282 1.0407660738565028e-5
5.926948949748744 9.901018893287983e-5
5.959465648241206 3.459514118731022e-5
5.991982346733669 -1.924876414705068e-6
6.024499045226131 0.0
6.057015743718593 0.0
6.0895324422110555 0.0
6.122049140703518 0.0
6.15456583919598 0.0
6.187082537688442 0.0
6.219599236180905 0.0
6.252115934673367 0.0
6.284632633165829 0.0
6.317149331658292 0.0
6.349666030150754 0.0
6.382182728643216 0.0
6.4146994271356785 0.0
6.447216125628141 0.0
6.479732824120603 0.0
6.5122495226130654 0.0
6.544766221105528 0.0
6.57728291959799 0.0
6.609799618090452 0.0
6.642316316582915 0.0
6.674833015075377 0.0
6.707349713567839 0.0
6.739866412060302 0.0
6.772383110552764 0.0
6.804899809045226 0.0
6.8374165075376885 0.0
6.869933206030151 0.0
6.902449904522613 0.0
6.934966603015075 0.0
6.967483301507538 0.0
7.0 0.0
