0.529177 -52.87744810273034
0.5616936984924623 -100.78065000290735
0.5942103969849246 -133.20721523464272
0.6267270954773869 -152.2405846124675
0.6592437939698492 -159.82147809197886
0.6917604924623115 -157.85286769324193
0.7242771909547738 -148.24336705341557
0.7567938894472361 -132.90244547761904
0.7893105879396984 -113.70016566047707
0.8218272864321609 -92.40461352130114
0.8543439849246232 -70.61053648510097
0.8868606834170855 -49.67211652767401
0.9193773819095478 -30.65090971576683
0.9518940804020101 -14.286834954944425
0.9844107788944724 -0.9960834734920354
1.0169274773869346 9.104441686584323
1.049444175879397 16.150384743687027
1.0819608743718594 20.467951566784905
1.1144775728643217 22.50518158010891
1.146994271356784 22.764945959266697
1.1795109698492463 21.746807369527232
1.2120276683417086 19.902634842001135
1.244544366834171 17.608221986205535
1.2770610653266332 15.150611961951654
1.3095777638190955 12.728795446504591
1.3420944623115578 10.464164923587305
1.3746111608040201 8.41664648042206
1.4071278592964824 6.6026954637327435
1.4396445577889447 5.012130314322349
1.472161256281407 3.621835873564123
1.5046779547738693 2.4054492401082825
1.5371946532663316 1.3390575014127535
1.569711351758794 0.4035743596668908
1.6022280502512563 -0.41521129139619006
1.6347447487437186 -1.1278745582585543
1.6672614472361809 -1.7429975748600555
1.6997781457286432 -2.2686005944615317
1.7322948442211055 -2.7130393623392592
1.7648115427135678 -3.0853016379733162
1.79732824120603 -3.3948134400616254
1.8298449396984924 -3.6509555834800267
1.8623616381909547 -3.8625035761579056
1.894878336683417 -4.0371617532237
1.9273950351758793 -4.181292604049304
1.9599117336683418 -4.299868936099301
1.9924284321608041 -4.3966173348380835
2.024945130653266 -4.474285463809792
2.0574618291457285 -4.534954498625666
2.089978527638191 -4.580327077244874
2.122495226130653 -4.6119431210863695
2.1550119246231154 -4.631302617306574
2.1875286231155777 -4.639899042431352
2.22004532160804 -4.639184937614118
2.2525620201005023 -4.630500207078512
2.2850787185929646 -4.614994299003229
2.317595417085427 -4.593567467021785
2.3501121155778892 -4.566846545661974
2.3826288140703515 -4.5351999216509284
2.4151455125628143 -4.498786972664675
2.4476622110552766 -4.457630694076215
2.480178909547739 -4.4116991681512445
2.512695608040201 -4.360981782834642
2.5452123065326635 -4.305548943526446
2.577729005025126 -4.245588402631256
2.610245703517588 -4.18141617256515
2.6427624020100504 -4.113464355265023
2.6752791005025127 -4.04225146061799
2.707795798994975 -3.9683425697330676
2.7403124974874373 -3.892307007970885
2.7728291959798996 -3.814680252744438
2.805345894472362 -3.7359349933813064
2.8378625929648242 -3.6564640270153177
2.8703792914572865 -3.576575437271458
2.902895989949749 -3.496498600947234
2.935412688442211 -3.41639822518664
2.9679293869346735 -3.336392930446891
3.0004460854271358 -3.2565748441120377
3.032962783919598 -3.17702714767438
3.0654794824120604 -3.0978373624056985
3.0979961809045227 -3.01910517790202
3.130512879396985 -2.940944647329161
3.1630295778894473 -2.8634814467077376
3.1955462763819096 -2.7868465240517253
3.228062974874372 -2.7111677992306795
3.260579673366834 -2.636561617893676
3.2930963718592965 -2.5631254531381273
3.325613070351759 -2.490932955073731
3.358129768844221 -2.420031953110083
3.3906464673366834 -2.350445501631839
3.4231631658291457 -2.2821755997192668
3.455679864321608 -2.2152088646289485
3.4881965628140703 -2.1495232299130294
3.5207132613065326 -2.0850946823429695
3.553229959798995 -2.0219031359974906
3.5857466582914572 -1.9599367398532195
3.6182633567839195 -1.8991941880594823
3.650780055276382 -1.8396849067594303
3.683296753768844 -1.7814272852556314
3.7158134522613064 -1.7244453662478918
3.7483301507537687 -1.668764582826043
3.780846849246231 -1.614407213673985
3.8133635477386933 -1.5613882195302722
3.8458802462311557 -1.5097120314530912
3.878396944723618 -1.459370702466913
3.9109136432160803 -1.410343632569493
3.9434303417085426 -1.3625988600961136
3.975947040201005 -1.3160957070194854
4.008463738693467 -1.2707883961611515
4.0409804371859295 -1.2266301429481246
4.073497135678392 -1.1835771748101251
4.106013834170854 -1.141592151241639
4.138530532663316 -1.1006465422560723
4.171047231155779 -1.0607216614498611
4.203563929648241 -1.0218082245355617
4.236080628140703 -0.9839044947530056
4.268597326633166 -0.9470132604237733
4.301114025125628 -0.9111380460599321
4.33363072361809 -0.8762790683413186
4.3661474221105525 -0.8424294985870802
4.398664120603015 -0.8095725766688702
4.431180819095477 -0.7776800372284924
4.463697517587939 -0.7467121644731378
4.496214216080402 -0.7166195996960596
4.528730914572864 -0.6873468050671363
4.561247613065326 -0.6588368607353914
4.593764311557789 -0.6310370644569048
4.626281010050251 -0.6039046383266395
4.658797708542713 -0.5774117473483784
4.6913144070351755 -0.5515490169345867
4.723831105527638 -0.5263268111757498
4.7563478040201 -0.5017737035141181
4.7888645025125625 -0.4779318296441488
4.821381201005025 -0.45484914312874025
4.853897899497487 -0.43256897274295625
4.886414597989949 -0.411117674477282
4.918931296482412 -0.39049154251733853
4.951447994974874 -0.37064445078431163
4.983964693467336 -0.3514778986609599
5.016481391959799 -0.33283519311225973
5.048998090452261 -0.3145013840166939
5.081514788944723 -0.29621025990309136
5.1140314874371855 -0.27765920246565656
5.146548185929648 -0.2585320018515631
5.179064884422111 -0.23852888295550656
5.211581582914573 -0.2174020385809854
5.244098281407036 -0.19499398246989585
5.276614979899498 -0.17127511711987609
5.30913167839196 -0.14637616772051842
5.3416483768844225 -0.12061068460570823
5.374165075376885 -0.09448278539639432
5.406681773869347 -0.0686758109859511
5.439198472361809 -0.04401870301262534
5.471715170854272 -0.02142873663069622
5.504231869346734 -0.0018317701615160331
5.536748567839196 0.013935660903371172
5.569265266331659 0.0252344347172766
5.601781964824121 0.031729308826470515
5.634298663316583 0.03347834903252078
5.6668153618090455 0.030987157742856652
5.699332060301508 0.02520866291160928
5.73184875879397 0.017470904405854526
5.7643654572864325 0.009321038951384253
5.796882155778895 0.0022853573518659687
5.829398854271357 -0.0024354933284485014
5.861915552763819 -0.004287226829546853
5.894432251256282 -0.0036069159923499683
5.926948949748744 -0.0016413203138654353
5.959465648241206 -0.00010793626097438391
5.991982346733669 3.6274268495617434e-5
6.024499045226131 0.0
6.057015743718593 0.0
6.0895324422110555 0.0
6.122049140703518 0.0
6.15456583919598 0.0
6.187082537688442 0.0
6.219599236180905 0.0
6.252115934673367 0.0
6.284632633165829 0.0
6.317149331658292 0.0
6.349666030150754 0.0
6.382182728643216 0.0
6.4146994271356785 0.0
6.447216125628141 0.0
6.479732824120603 0.0
6.5122495226130654 0.0
6.544766221105528 0.0
6.57728291959799 0.0
6.609799618090452 0.0
6.642316316582915 0.0
6.674833015075377 0.0
6.707349713567839 0.0
6.739866412060302 0.0
6.772383110552764 0.0
6.804899809045226 0.0
6.8374165075376885 0.0
6.869933206030151 0.0
6.902449904522613 0.0
6.934966603015075 0.0
6.967483301507538 0.0
7.0 0.0
