0.529177 97.89658928823559
0.5616936984924623 81.7566707755816
0.5942103969849246 67.6386545530886
0.6267270954773869 55.32665153232159
0.6592437939698492 44.6498406541495
0.6917604924623115 35.45316412250446
0.7242771909547738 27.585816136316566
0.7567938894472361 20.90027674790366
0.7893105879396984 15.255649822198848
0.8218272864321609 10.521157477997974
0.8543439849246232 6.577955378185777
0.8868606834170855 3.3191865842098878
0.9193773819095478 0.6490461677502708
0.9518940804020101 -1.5183044707826525
0.9844107788944724 -3.2594955061480277
1.0169274773869346 -4.642322139553642
1.049444175879397 -5.725937180117512
1.0819608743718594 -6.561117193703808
1.1144775728643217 -7.190764879450569
1.146994271356784 -7.650675821388575
1.1795109698492463 -7.9704946757693165
1.2120276683417086 -8.174742320878636
1.244544366834171 -8.283802925940051
1.2770610653266332 -8.314793854441405
1.3095777638190955 -8.282279239935008
1.3420944623115578 -8.198817543581924
1.3746111608040201 -8.07535193814715
1.4071278592964824 -7.921462952789
1.4396445577889447 -7.745509305888504
1.472161256281407 -7.554687364079598
1.5046779547738693 -7.355042233737663
1.5371946532663316 -7.151463096503676
1.569711351758794 -6.947691235431478
1.6022280502512563 -6.746361456668353
1.6347447487437186 -6.549087575104693
1.6672614472361809 -6.356592227611941
1.6997781457286432 -6.168872432216517
1.7322948442211055 -5.985386411243496
1.7648115427135678 -5.805244805537768
1.79732824120603 -5.627390278421046
1.8298449396984924 -5.450752804413355
1.8623616381909547 -5.274372544802816
1.894878336683417 -5.097487039431769
1.9273950351758793 -4.919583640315068
1.9599117336683418 -4.7404211701953045
1.9924284321608041 -4.560026545939991
2.024945130653266 -4.378672677284726
2.0574618291457285 -4.196843622438223
2.089978527638191 -4.015192105718199
2.122495226130653 -3.8344934100878163
2.1550119246231154 -3.6555986043892403
2.1875286231155777 -3.479389206766882
2.22004532160804 -3.306734781127716
2.2525620201005023 -3.1384545951514156
2.2850787185929646 -2.975284271314308
2.317595417085427 -2.8178482527853816
2.3501121155778892 -2.6666388049960688
2.3826288140703515 -2.5220021231606893
2.4151455125628143 -2.3841318864195955
2.4476622110552766 -2.2530702895836043
2.480178909547739 -2.128716216152384
2.512695608040201 -2.0108398291284857
2.5452123065326635 -1.8991024930969047
2.577729005025126 -1.793080643833207
2.610245703517588 -1.6922920234010235
2.6427624020100504 -1.5962226195699145
2.6752791005025127 -1.5043526943121606
2.707795798994975 -1.4161804492088095
2.7403124974874373 -1.3312421363536373
2.7728291959798996 -1.2491277541225827
2.805345894472362 -1.169491835892245
2.8378625929648242 -1.0920592136810683
2.8703792914572865 -1.0166259875613832
2.902895989949749 -0.9430562304873433
2.935412688442211 -0.8712751886350816
2.9679293869346735 -0.80125988875659
3.0004460854271358 -0.733028133290702
3.032962783919598 -0.6666268548036669
3.0654794824120604 -0.6021207232066104
3.0979961809045227 -0.5395817657874886
3.130512879396985 -0.479080587662736
3.1630295778894473 -0.420679586056508
3.1955462763819096 -0.36442835265461326
3.228062974874372 -0.3103612693029163
3.260579673366834 -0.25849713608204183
3.2930963718592965 -0.20884053670130243
3.325613070351759 -0.16138455013793873
3.358129768844221 -0.11611436201081915
3.3906464673366834 -0.07301131360406998
3.4231631658291457 -0.03205694727671471
3.455679864321608 0.006763341441001103
3.4881965628140703 0.04345735965074482
3.5207132613065326 0.07802410477239619
3.553229959798995 0.11045281026616749
3.5857466582914572 0.14072307839018094
3.6182633567839195 0.16880603953956097
3.650780055276382 0.19466640173345695
3.683296753768844 0.21826519557185975
3.7158134522613064 0.23956298207133386
3.7483301507537687 0.25852327413150533
3.780846849246231 0.2751159263169143
3.8133635477386933 0.28932027007431316
3.8458802462311557 0.3011278092020575
3.878396944723618 0.31054433923264924
3.9109136432160803 0.3175914097575969
3.9434303417085426 0.32230710578761546
3.975947040201005 0.32474617835009667
4.008463738693467 0.3249796014729327
4.0409804371859295 0.3230936690270596
4.073497135678392 0.3191887680762875
4.106013834170854 0.3133779739976035
4.138530532663316 0.30578560645056996
4.171047231155779 0.29654586526362436
4.203563929648241 0.2858016335723619
4.236080628140703 0.2737034952240265
4.268597326633166 0.2604089684982114
4.301114025125628 0.2460819131167682
4.33363072361809 0.23089202712628776
4.3661474221105525 0.2150143192615701
4.398664120603015 0.19862842513458645
4.431180819095477 0.1819176354809997
4.463697517587939 0.16506752393991064
4.496214216080402 0.14826410098709175
4.528730914572864 0.1316914781639298
4.561247613065326 0.11552909869675432
4.593764311557789 0.09994867021521259
4.626281010050251 0.08511101268470611
4.658797708542713 0.07116309657334341
4.6913144070351755 0.05823557575547511
4.723831105527638 0.04644109595261625
4.7563478040201 0.03587355790853053
4.7888645025125625 0.02660830623028687
4.821381201005025 0.018702867085437447
4.853897899497487 0.012197333881829309
4.886414597989949 0.007112758911489436
4.918931296482412 0.003444906159359107
4.951447994974874 0.0011494079451495054
4.983964693467336 0.00011269432786775724
5.016481391959799 0.0
5.048998090452261 0.0
5.081514788944723 0.0
5.1140314874371855 0.0
5.146548185929648 0.0
5.179064884422111 0.0
5.211581582914573 0.0
5.244098281407036 0.0
5.276614979899498 0.0
5.30913167839196 0.0
5.3416483768844225 0.0
5.374165075376885 0.0
5.406681773869347 0.0
5.439198472361809 0.0
5.471715170854272 0.0
5.504231869346734 0.0
5.536748567839196 0.0
5.569265266331659 0.0
5.601781964824121 0.0
5.634298663316583 0.0
5.6668153618090455 0.0
5.699332060301508 0.0
5.73184875879397 0.0
5.7643654572864325 0.0
5.796882155778895 0.0
5.829398854271357 0.0
5.861915552763819 0.0
5.894432251256282 0.0
5.926948949748744 0.0
5.959465648241206 0.0
5.991982346733669 0.0
6.024499045226131 0.0
6.057015743718593 0.0
6.0895324422110555 0.0
6.122049140703518 0.0
6.15456583919598 0.0
6.187082537688442 0.0
6.219599236180905 0.0
6.252115934673367 0.0
6.284632633165829 0.0
6.317149331658292 0.0
6.349666030150754 0.0
6.382182728643216 0.0
6.4146994271356785 0.0
6.447216125628141 0.0
6.479732824120603 0.0
6.5122495226130654 0.0
6.544766221105528 0.0
6.57728291959799 0.0
6.609799618090452 0.0
6.642316316582915 0.0
6.674833015075377 0.0
6.707349713567839 0.0
6.739866412060302 0.0
6.772383110552764 0.0
6.804899809045226 0.0
6.8374165075376885 0.0
6.869933206030151 0.0
6.902449904522613 0.0
6.934966603015075 0.0
6.967483301507538 0.0
7.0 0.0
