0.529177 -0.029869269779851493
0.5616936984924623 -0.03058549745401251
0.5942103969849246 0.01382745913628014
0.6267270954773869 0.0319494941126095
0.6592437939698492 -0.000857431126632946
0.6917604924623115 -0.029428469663344003
0.7242771909547738 -0.009675804731386961
0.7567938894472361 0.024320554832684138
0.7893105879396984 0.018314981481012182
0.8218272864321609 -0.01684437703124786
0.8543439849246232 -0.02509910983917507
0.8868606834170855 0.006733342831523714
0.9193773819095478 0.029506885677733408
0.9518940804020101 0.006555126995181126
0.9844107788944724 -0.030612447407975196
1.0169274773869346 -0.024909897612928944
1.049444175879397 0.02684324375985625
1.0819608743718594 0.06422236059614761
1.1144775728643217 0.03335177291336322
1.146994271356784 -0.05090272891220593
1.1795109698492463 -0.12024212840151449
1.2120276683417086 -0.12173058012569982
1.244544366834171 -0.06418213425416752
1.2770610653266332 -0.001789436315959847
1.3095777638190955 0.01814932806377101
1.3420944623115578 -0.009569491534648478
1.3746111608040201 -0.054716637094315956
1.4071278592964824 -0.08326558921237392
1.4396445577889447 -0.08212045458213879
1.472161256281407 -0.06072616833614575
1.5046779547738693 -0.03651858867794999
1.5371946532663316 -0.02070654668006
1.569711351758794 -0.014314775125058077
1.6022280502512563 -0.01290955911929359
1.6347447487437186 -0.012690394141600336
1.6672614472361809 -0.012750613481557593
1.6997781457286432 -0.013539932810374466
1.7322948442211055 -0.014647013188607616
1.7648115427135678 -0.014391081739404399
1.79732824120603 -0.011243199556588479
1.8298449396984924 -0.005392184648655984
1.8623616381909547 0.0010576413741887336
1.894878336683417 0.005394781132793014
1.9273950351758793 0.006043155173188097
1.9599117336683418 0.003479048374174454
1.9924284321608041 -0.0002020489881715548
2.024945130653266 -0.002637719652739179
2.0574618291457285 -0.0025345621390329143
2.089978527638191 -0.00021708522530161645
2.122495226130653 0.0027926941826876828
2.1550119246231154 0.004771492373095043
2.1875286231155777 0.004732944938155015
2.22004532160804 0.0028256154587325
2.2525620201005023 8.323436583168586e-5
2.2850787185929646 -0.0022287781531531436
2.317595417085427 -0.0032716946341224684
2.3501121155778892 -0.00297282291734291
2.3826288140703515 -0.0019382645514269825
2.4151455125628143 -0.0010544617584287153
2.4476622110552766 -0.0010174665477507006
2.480178909547739 -0.002018119262061191
2.512695608040201 -0.003700278165695181
2.5452123065326635 -0.005368479993023811
2.577729005025126 -0.0063181824854723345
2.610245703517588 -0.006131935773510122
2.6427624020100504 -0.004825498445939047
2.6752791005025127 -0.002807831916243231
2.707795798994975 -0.0006979902730108734
2.7403124974874373 0.0009106982017783594
2.7728291959798996 0.0016448182374801945
2.805345894472362 0.0014411179661806273
2.8378625929648242 0.0005191661619505794
2.8703792914572865 -0.0007332569386448995
2.902895989949749 -0.0019073078925089249
2.935412688442211 -0.002697803354237749
2.9679293869346735 -0.0029694359984091534
3.0004460854271358 -0.0027557067623433795
3.032962783919598 -0.0022062299138951857
3.0654794824120604 -0.0015118099184974199
3.0979961809045227 -0.0008373417186362531
3.130512879396985 -0.0002827940305678567
3.1630295778894473 0.00012203037471181233
3.1955462763819096 0.0003965093827673627
3.228062974874372 0.0005771318741381037
3.260579673366834 0.0006899490696810062
3.2930963718592965 0.0007378068701768825
3.325613070351759 0.0007045468273645383
3.358129768844221 0.0005710111487928771
3.3906464673366834 0.0003336110188456587
3.4231631658291457 1.6363686654585763e-5
3.455679864321608 -0.00032903774410897313
3.4881965628140703 -0.0006352340947728408
3.5207132613065326 -0.0008385815947917763
3.553229959798995 -0.0008985777525936101
3.5857466582914572 -0.0008102944701136039
3.6182633567839195 -0.000605589822669117
3.650780055276382 -0.00034297525013471386
3.683296753768844 -8.987609260202589e-5
3.7158134522613064 9.666475841640931e-5
3.7483301507537687 0.00018468395455784048
3.780846849246231 0.00017319100800250453
3.8133635477386933 8.82377049151728e-5
3.8458802462311557 -2.8605592319763673e-5
3.878396944723618 -0.00013490775802438293
3.9109136432160803 -0.0002001600432208761
3.9434303417085426 -0.0002128422419218623
3.975947040201005 -0.00018026739508059109
4.008463738693467 -0.00012230909504751253
4.0409804371859295 -6.207070708796891e-5
4.073497135678392 -1.7230634227871633e-5
4.106013834170854 4.936962568535819e-6
4.138530532663316 7.623706835602206e-6
4.171047231155779 4.301503508941096e-7
4.203563929648241 -6.485969322511664e-6
4.236080628140703 -7.2878976311585575e-6
4.268597326633166 -2.341285380680347e-6
4.301114025125628 3.3658454299256846e-6
4.33363072361809 4.067861596013245e-6
4.3661474221105525 -2.8813572612307325e-6
4.398664120603015 -1.517744635748386e-5
4.431180819095477 -2.675794684137145e-5
4.463697517587939 -3.130658711825163e-5
4.496214216080402 -2.6032893117644562e-5
4.528730914572864 -1.3453705662413995e-5
4.561247613065326 1.3387648323259782e-8
4.593764311557789 7.923326393211028e-6
4.626281010050251 7.756087711641158e-6
4.658797708542713 2.2720795413988526e-6
4.6913144070351755 -2.8464709203035454e-6
4.723831105527638 -3.5044230912717467e-6
4.7563478040201 -3.1566480629408034e-7
4.7888645025125625 2.5435773522985983e-6
4.821381201005025 2.0080108811271202e-6
4.853897899497487 -4.484562055040442e-7
4.886414597989949 -1.1519790632519289e-6
4.918931296482412 7.649282451893669e-8
4.951447994974874 2.3090990453056293e-7
4.983964693467336 -3.841847728836001e-8
5.016481391959799 0.0
5.048998090452261 0.0
5.081514788944723 0.0
5.1140314874371855 0.0
5.146548185929648 0.0
5.179064884422111 0.0
5.211581582914573 0.0
5.244098281407036 0.0
5.276614979899498 0.0
5.30913167839196 0.0
5.3416483768844225 0.0
5.374165075376885 0.0
5.406681773869347 0.0
5.439198472361809 0.0
5.471715170854272 0.0
5.504231869346734 0.0
5.536748567839196 0.0
5.569265266331659 0.0
5.601781964824121 0.0
5.634298663316583 0.0
5.6668153618090455 0.0
5.699332060301508 0.0
5.73184875879397 0.0
5.7643654572864325 0.0
5.796882155778895 0.0
5.829398854271357 0.0
5.861915552763819 0.0
5.894432251256282 0.0
5.926948949748744 0.0
5.959465648241206 0.0
5.991982346733669 0.0
6.024499045226131 0.0
6.057015743718593 0.0
6.0895324422110555 0.0
6.122049140703518 0.0
6.15456583919598 0.0
6.187082537688442 0.0
6.219599236180905 0.0
6.252115934673367 0.0
6.284632633165829 0.0
6.317149331658292 0.0
6.349666030150754 0.0
6.382182728643216 0.0
6.4146994271356785 0.0
6.447216125628141 0.0
6.479732824120603 0.0
6.5122495226130654 0.0
6.544766221105528 0.0
6.57728291959799 0.0
6.609799618090452 0.0
6.642316316582915 0.0
6.674833015075377 0.0
6.707349713567839 0.0
6.739866412060302 0.0
6.772383110552764 0.0
6.804899809045226 0.0
6.8374165075376885 0.0
6.869933206030151 0.0
6.902449904522613 0.0
6.934966603015075 0.0
6.967483301507538 0.0
7.0 0.0
