-9.5332338444944895
5.6547078054483695
3.4381590676441376
-3.1251693202845772
1.6205862791424366
-2.8960223829532956
-0.0021157931428279
-0.0130376151179399
-1.1524213896586191
2.0371099507966544
-0.6257437110207072
1.8908774609352330
0.7717296413145057
0.3772427402405135
1.8620460992996344
-0.8887250263996704
1.9644324240349507
-1.1961845257598895
1.2896798330770314
-0.8091587088534129
0.5334689844286867
-0.3266932255951954
0.1101153875457179
-0.0680298792578909
-0.0000000000016665
0.0000000000010559
-0.0000000000008865
-0.0000000000003707
0.0000000000011467
-0.0000000000007020
0.0000000000005710
-0.0000000000002449
0.0000000000000670
0.0000000000047257
-0.0000000000018661
-0.0000000000029863
0.0000000000049513
0.0000000000004399
-0.0000000000009357
0.0000000000042897
-0.0000000000008318
0.0000000000038115
-0.0000000000004483
-0.0000000000092709
0.0000000000064922
-0.0000000000058712
0.0000000000005257
0.0000000000053283
-0.0000000000071981
-0.0000000000002442
0.0000000000016903
-0.0000000000030395
0.0000000000051903
0.0000000000012680
-0.0000000000103136
0.0000000000003504
0.0000000000057931
-0.0000000000004252
0.0000000000026123
0.0000000000172242
-0.0000000000103876
0.0000000000082336
-0.0000000000003665
-0.0000000000091966
0.0000000000106041
-0.0000000000098182
-0.0000000000045507
0.0000000000074302
-0.0000000000097617
-0.0000000000074618
0.0000000000165967
-0.0000000000065441
-0.0000000000309921
0.0000000000320967
-0.0000000000209622
-0.0000000000051763
0.0000000000218415
-0.0000000000257534
0.0000000000055044
0.0000000000145244
-0.0000000000233639
0.0000000000016423
0.0000000000378338
-0.0000000000302069
0.0000000000259380
0.0000000000067279
-0.0000000000242949
0.0000000000274510
-0.0000000000130397
-0.0000000000374077
0.0000000000334782
-0.0000000000234561
0.0000000000009972
0.0000000000283060
0.0000000000016938
0.0000000000002292
0.0000000000008778
-0.0000000000019312
0.0000000000033037
-0.0000000000059987
-0.0000000000029581
0.0000000000040556
-0.0000000000035635
-0.0000000000038855
0.0000000000031941
-0.0000000000029508
0.0000000000059583
0.0000000000018032
-0.0000000000067417
-0.0000000000042361
-0.0000000000175925
0.0000000000103673
0.0000000000023652
-0.0000000000096509
0.0000000000115444
-0.0000000000146076
-0.0000000000051294
0.0000000000155337
-0.0000000000090802
-0.0000000000112649
0.0000000000149344
-0.0000000000026040
0.0000000000136820
0.0000000000056673
0.0000000000131287
-0.0000000000137287
-0.0000000000069449
0.0000000000123017
-0.0000000000178718
0.0000000000067726
0.0000000000159333
-0.0000000000249451
0.0000000000098662
0.0000000000310345
-0.0000000000124351
-0.0000000000759924
0.0000000000357265
0.0000000000074200
-0.0000000000393912
0.0000000000455123
-0.0000000000171452
-0.0000000000454208
0.0000000000446978
0.0000000000710166
-0.0000000000437361
-0.0000000000121811
0.0000000000476176
-0.0000000000405002
-0.0000000000740688
0.0000000000396707
0.0000000000049436
0.0000000000000928
0.0000000000039663
-0.0000000000086388
0.0000000000018180
0.0000000000065022
-0.0000000000099123
-0.0000000000022764
0.0000000000113049
-0.0000000000073204
-0.0000000000026606
0.0000000000021560
0.0000000000047976
0.0000000000023559
-0.0000000000057609
-0.0000000000099001
-0.0000000000032275
0.0000000000177479
-0.0000000000189272
0.0000000000049802
0.0000000000242341
-0.0000000000280355
-0.0000000000089821
0.0000000000212446
-0.0000000000121448
-0.0000000000019684
0.0000000000091418
0.0000000000062069
0.0000000000059308
-0.0000000000217070
0.0000000000209826
-0.0000000000114158
-0.0000000000264791
0.0000000000397076
0.0000000000027800
-0.0000000000391666
-0.0000000000344805
-0.0000000000135060
0.0000000000372533
-0.0000000000359384
-0.0000000000000931
0.0000000000549268
0.0000000000379364
0.0000000000085329
-0.0000000000420124
0.0000000000079805
-0.0000000000075607
0.0000000000046077
0.0000000000047725
-0.0000000000129462
0.0000000000077135
0.0000000000031993
-0.0000000000148766
0.0000000000086346
0.0000000000050281
-0.0000000000084497
0.0000000000073826
0.0000000000034515
0.0000000000170202
-0.0000000000165619
0.0000000000058064
0.0000000000076388
-0.0000000000258150
0.0000000000113204
0.0000000000045780
-0.0000000000146828
0.0000000000077478
0.0000000000130272
-0.0000000000209513
0.0000000000188313
-0.0000000000138720
-0.0000000000107670
0.0000000000288341
-0.0000000000150937
-0.0000000000103137
0.0000000000249030
-0.0000000000122433
0.0000000000050798
0.0000000000096521
-0.0000000000355384
0.0000000000100646
0.0000000000053463
-0.0000000000095836
0.0000000000032881
0.0000000000020034
-0.0000000000085580
0.0000000000041948
-0.0000000000016697
-0.0000000000021000
0.0000000000133674
-0.0000000000012839
0.0000000000087826
0.0000000000122280
-0.0000000000175766
-0.0000000000004253
0.0000000000059464
-0.0000000000125011
0.0000000000065361
0.0000000000070153
-0.0000000000134644
-0.0000000000174997
0.0000000000213054
0.0000000000031381
-0.0000000000054701
-0.0000000000230402
0.0000000000402444
-0.0000000000073386
0.0000000000043485
0.0000000000061536
-0.0000000000113621
-0.0000000000026752
0.0000000000090772
-0.0000000000093013
0.0000000000060141
-0.0000000000004047
-0.0000000000304333
-0.0000000000038917
0.0000000000158881
-0.0000000000322184
0.0000000000022450
0.0000000000163991
0.0000000000352329
-0.0000000000122975
-0.0000000000215594
0.0000000000122751
-0.0000000000181287
0.0000000000103015
0.0000000000048388
-0.0000000000182436
0.0000000000136308
0.0000000000037753
0.0000000000135489
-0.0000000000231899
0.0000000000140548
0.0000000000166535
-0.0000000000219160
0.0000000000161023
0.0000000000045448
-0.0000000000123015
0.0000000000121276
-0.0000000000083039
0.0000000000145400
0.0000000000091647
-0.0000000000171312
0.0000000000152225
0.0000000000002040
-0.0000000000060288
-0.0000000000030541
0.0000000000008827
-0.0000000000007975
0.0000000000000104
0.0000000000016553
-0.0000000000005612
0.0000000000000466
-0.0000000000014240
0.0000000000014702
0.0000000000019486
-0.0000000000028968
-0.0000000000005581
0.0000000000026430
-0.0000000000011157
-0.0000000000035820
0.0000000000032771
-0.0000000000016886
-0.0000000000002211
0.0000000000018621
-0.0000000000015678
-0.0000000000003410
-0.0000000000004132
0.0000000000012918
0.0000000000034541
-0.0000000000031121
0.0000000000065483
-0.0000000000039097
0.0000000000031641
0.0000000000004933
-0.0000000000029269
0.0000000000026710
-0.0000000000017312
-0.0000000000002154
-0.0000000000110232
0.0000000000096752
-0.0000000000059332
-0.0000000000010915
0.0000000000053516
0.0000000000146495
-0.0000000000087635
-0.0000000000014251
0.0000000000005391
-0.0000000000001291
-0.0000000000000168
0.0000000000014439
-0.0000000000023239
0.0000000000005452
0.0000000000008417
-0.0000000000014994
-0.0000000000010822
0.0000000000006552
-0.0000000000018909
-0.0000000000049833
0.0000000000030530
-0.0000000000008158
-0.0000000000011782
0.0000000000021396
-0.0000000000032278
-0.0000000000003519
0.0000000000057188
-0.0000000000052715
0.0000000000074506
-0.0000000000038630
-0.0000000000008771
0.0000000000048476
-0.0000000000042154
0.0000000000018825
-0.0000000000212695
0.0000000000100241
0.0000000000008276
-0.0000000000013333
-0.0000000000001676
0.0000000000011071
-0.0000000000031810
0.0000000000022026
0.0000000000025210
-0.0000000000029239
0.0000000000004697
0.0000000000025573
-0.0000000000008453
-0.0000000000043776
0.0000000000012736
0.0000000000029382
-0.0000000000049429
0.0000000000023767
0.0000000000064097
-0.0000000000071512
0.0000000000062234
-0.0000000000021326
-0.0000000000047028
0.0000000000080752
-0.0000000000141491
0.0000000000003860
-0.0000000000021465
0.0000000000024649
0.0000000000005126
-0.0000000000040647
0.0000000000025312
0.0000000000009249
-0.0000000000030141
0.0000000000016136
-0.0000000000040565
0.0000000000037468
0.0000000000023517
-0.0000000000061244
0.0000000000007191
0.0000000000047717
0.0000000000028306
0.0000000000013043
-0.0000000000033207
0.0000000000021451
-0.0000000000003787
-0.0000000000018344
0.0000000000044017
0.0000000000045082
-0.0000000000044500
-0.0000000000052169
0.0000000000020929
0.0000000000017417
-0.0000000000034146
-0.0000000000090186
0.0000000000012278
-0.0000000000047423
0.0000000000083519
0.0000000000049716
-0.0000000000067315
-0.0000000000017782
0.0000000000029893
-0.0000000000020428
0.0000000000010779
0.0000000000018531
-0.0000000000063910
-0.0000000000019066
0.0000000000043971
0.0000000000002497
-0.0000000000014445
-0.0000000000012289
-0.0000000000021340
-0.0000000000012872
0.0000000000039138
-0.0000000000016738
-0.0000000000088378
-0.0000000000061588
0.0000000000107412
0.0000000000034148
-0.0000000000057300
0.0000000000009919
-0.0000000000011623
-0.0000000000031700
0.0000000000063551
0.0000000000036421
-0.0000000000003467
-0.0000000000009065
0.0000000000129866
0.0000000000098218
-0.0000000000139231
-0.0000000000038985
-0.0000000000017745
0.0000000000071447
-0.0000000000119137
-0.0000000000026773
0.0000000000030135
0.0000000000000292
-0.0000000000023564
0.0000000000041016
-0.0000000000024021
-0.0000000000021517
0.0000000000059203
-0.0000000000033626
0.0000000000069893
0.0000000000030787
-0.0000000000065035
-0.0000000000006076
0.0000000000013587
-0.0000000000013297
0.0000000000065215
0.0000000000034037
-0.0000000000081056
-0.0000000000040833
0.0000000000052919
-0.0000000000024759
0.0000000000047467
-0.0000000000041660
-0.0000000000118563
-0.0000000000062357
0.0000000000094473
0.0000000000011410
0.0000000000022238
0.0000000000040408
-0.0000000000071891
0.0000000000023389
0.0000000000101537
0.0000000000011223
-0.0000000000030220
0.0000000000012525
0.0000000000025744
-0.0000000000067866
0.0000000000027025
0.0000000000060370
-0.0000000000071429
0.0000000000055040
0.0000000000007246
-0.0000000000000210
0.0000000000033984
-0.0000000000071203
-0.0000000000069852
0.0000000000094413
0.0000000000028851
0.0000000000071645
-0.0000000000070565
-0.0000000000084965
-0.0000000000010023
-0.0000000000066818
0.0000000000097133
0.0000000000004566
-0.0000000000030315
0.0000000000031015
0.0000000000023778
-0.0000000000063267
-0.0000000000006900
-0.0000000000044396
0.0000000000043608
0.0000000000039647
0.0000000000017923
-0.0000000000065960
0.0000000000054623
0.0000000000017309
0.0000000000045174
-0.0000000000049054
0.0000000000041980
-0.0000000000044736
-0.0000000000084812
-0.0000000000199551
0.0000000000152856
-0.0000000000069348
0.0000000000101888
-0.0000000000195993
0.0000000000047984
-0.0000000000067951
0.0000000000008505
-0.0000000000020027
-0.0000000000044471
0.0000000000074272
0.0000000000039590
-0.0000000000022026
0.0000000000008354
0.0000000000206992
0.0000000000102186
-0.0000000000142251
-0.0000000000052576
-0.0000000000006778
0.0000000000067139
-0.0000000000121713
0.0000000000053065
-0.0000000000048897
0.0000000000011127
0.0000000000046140
-0.0000000000060644
0.0000000000068396
0.0000000000130094
-0.0000000000151190
-0.0000000000076124
0.0000000000121335
-0.0000000000002924
0.0000000000007388
0.0000000000048340
-0.0000000000082010
0.0000000000065251
-0.0000000000144720
-0.0000000000036875
0.0000000000072731
-0.0000000000018975
0.0000000000012209
0.0000000000026334
-0.0000000000064189
0.0000000000051503
0.0000000000108996
0.0000000000027649
0.0000000000049421
-0.0000000000022233
-0.0000000000044605
0.0000000000085521
0.0000000000092750
-0.0000000000114762
-0.0000000000016178
-0.0000000000062790
0.0000000000100253
-0.0000000000116587
-0.0000000000007970
-0.0000000000057456
0.0000000000099015
0.0000000000003119
0.0000000000039953
-0.0000000000018620
0.0000000000052669
0.0000000000048365
0.0000000000145691
-0.0000000000180439
-0.0000000000079739
-0.0000000000028917
0.0000000000073382
-0.0000000000128688
-0.0000000000162429
0.0000000000110434
0.0000000000028285
-0.0000000000153331
0.0000000000098621
0.0000000000024080
0.0000000000092651
0.0000000000023863
0.0000000000097414
0.0000000000012800
-0.0000000000112897
-0.0000000000105197
-0.0000000000140487
0.0000000000033308
-0.0000000000001253
0.0000000000004258
0.0000000000036045
-0.0000000000035615
0.0000000000032061
0.0000000000031673
-0.0000000000052784
0.0000000000022039
0.0000000000045723
-0.0000000000040063
0.0000000000097115
-0.0000000000038461
0.0000000000026641
0.0000000000037750
-0.0000000000089530
0.0000000000039224
0.0000000000032192
-0.0000000000102138
-0.0000000000117066
0.0000000000053573
0.0000000000019768
-0.0000000000059912
0.0000000000106547
0.0000000000351893
-0.0000000000172425
0.0000000000020192
0.0000000000008956
-0.0000000000035946
0.0000000000036241
-0.0000000000015517
-0.0000000000035746
0.0000000000044796
-0.0000000000015661
-0.0000000000043354
0.0000000000064899
0.0000000000006692
-0.0000000000085732
0.0000000000094671
-0.0000000000024210
-0.0000000000105382
-0.0000000000042268
-0.0000000000029487
0.0000000000103208
-0.0000000000037330
0.0000000000034465
-0.0000000000014688
-0.0000000000030617
0.0000000000055086
-0.0000000000049178
-0.0000000000007964
-0.0000000000072719
0.0000000000072779
-0.0000000000027971
-0.0000000000037604
0.0000000000075888
-0.0000000000027426
-0.0000000000020840
0.0000000000052956
-0.0000000000034915
-0.0000000000003243
-0.0000000000031567
-0.0000000000047895
0.0000000000068901
-0.0000000000028489
-0.0000000000030902
-0.0000000000044365
-0.0000000000149875
-0.0000000000082193
0.0000000000166646
0.0000000000069981
-0.0000000000087786
0.0000000000044846
-0.0000000000115762
-0.0000000000133685
0.0000000000201207
0.0000000000078509
0.0000000000039917
-0.0000000000135682
0.0000000000215346
0.0000000000093724
-0.0000000000173504
-0.0000000000012243
-0.0000000000057359
0.0000000000129736
-0.0000000000186006
0.0000000000038225
-0.0000000000001555
-0.0000000000074632
0.0000000000085478
-0.0000000000007160
-0.0000000000091005
-0.0000000000066211
0.0000000000006434
0.0000000000010072
-0.0000000000073867
0.0000000000125054
0.0000000000095958
-0.0000000000037959
-0.0000000000072601
0.0000000000015435
0.0000000000112043
-0.0000000000044669
0.0000000000084813
-0.0000000000024402
-0.0000000000025523
0.0000000000060190
0.0000000000081684
-0.0000000000049366
-0.0000000000027748
-0.0000000000023394
-0.0000000000035558
-0.0000000000023766
0.0000000000271271
0.0000000000088652
-0.0000000000153991
-0.0000000000020095
-0.0000000000088936
0.0000000000105522
-0.0000000000163595
-0.0000000000043038
-0.0000000000033111
0.0000000000078398
-0.0000000000138747
-0.0000000000012476
0.0000000000114580
-0.0000000000053821
0.0000000000087327
0.0000000000057727
0.0000000000095470
-0.0000000000257981
-0.0000000000003359
-0.0000000000034393
0.0000000000058800
-0.0000000000045949
-0.0000000000014209
0.0000000000088555
-0.0000000000075527
0.0000000000010989
-0.0000000000023010
-0.0000000000042671
0.0000000000112112
-0.0000000000061640
-0.0000000000015916
0.0000000000001709
0.0000000000087580
0.0000000000069173
-0.0000000000035709
0.0000000000001622
0.0000000000033858
-0.0000000000058232
0.0000000000018628
0.0000000000162998
-0.0000000000067426
0.0000000000013758
0.0000000000024735
0.0000000000031813
-0.0000000000034406
0.0000000000011901
-0.0000000000007715
-0.0000000000032392
-0.0000000000003352
0.0000000000078314
-0.0000000000077571
0.0000000000087450
0.0000000000142476
-0.0000000000098482
-0.0000000000022313
0.0000000000082918
0.0000000000090351
-0.0000000000064523
0.0000000000005887
-0.0000000000062527
0.0000000000009309
0.0000000000008834
0.0000000000116551
-0.0000000000124495
0.0000000000034400
0.0000000000035065
-0.0000000000052247
0.0000000000023511
-0.0000000000122395
0.0000000000024524
0.0000000000008168
-0.0000000000019471
-0.0000000000003564
-0.0000000000007163
0.0000000000043547
-0.0000000000052113
-0.0000000000014828
-0.0000000000009574
0.0000000000010817
-0.0000000000003233
-0.0000000000006566
0.0000000000002654
0.0000000000008451
0.0000000000003709
-0.0000000000008892
0.0000000000012798
-0.0000000000019113
0.0000000000019078
-0.0000000000005891
0.0000000000000415
0.0000000000004412
-0.0000000000006789
0.0000000000033638
-0.0000000000019324
0.0000000000011472
-0.0000000000014766
0.0000000000002852
0.0000000000001200
0.0000000000000026
0.0000000000001850
-0.0000000000009430
0.0000000000007503
-0.0000000000024459
0.0000000000014161
-0.0000000000002460
0.0000000000003800
0.0000000000047969
-0.0000000000007685
0.0000000000005910
0.0000000000003829
-0.0000000000013030
0.0000000000011037
-0.0000000000027300
0.0000000000009238
-0.0000000000008729
-0.0000000000008591
0.0000000000012929
0.0000000000012498
0.0000000000037730
0.0000000000020609
-0.0000000000017811
-0.0000000000005090
0.0000000000008443
-0.0000000000004914
0.0000000000008222
0.0000000000003821
-0.0000000000022355
0.0000000000008383
-0.0000000000013866
0.0000000000007918
-0.0000000000002931
0.0000000000000159
0.0000000000021278
0.0000000000008895
0.0000000000001788
0.0000000000001140
-0.0000000000010631
0.0000000000007821
0.0000000000006921
-0.0000000000025950
0.0000000000010472
0.0000000000026128
0.0000000000034404
0.0000000000011592
-0.0000000000007596
0.0000000000006993
0.0000000000005374
-0.0000000000012113
0.0000000000005994
0.0000000000027501
-0.0000000000019305
0.0000000000005764
0.0000000000012433
-0.0000000000002169
-0.0000000000008998
0.0000000000012226
0.0000000000028169
-0.0000000000005074
0.0000000000010030
-0.0000000000019864
0.0000000000007266
0.0000000000023321
-0.0000000000008355
-0.0000000000005433
0.0000000000013852
0.0000000000015388
0.0000000000120589
-0.0000000000077471
0.0000000000026977
-0.0000000000020014
0.0000000000009199
-0.0000000000023686
0.0000000000039116
0.0000000000009599
0.0000000000001188
-0.0000000000004743
0.0000000000058681
0.0000000000072634
-0.0000000000022215
0.0000000000006309
0.0000000000024557
0.0000000000022174
-0.0000000000019716
0.0000000000004730
-0.0000000000017276
0.0000000000006466
0.0000000000021326
0.0000000000028951
0.0000000000052788
-0.0000000000047120
0.0000000000020191
-0.0000000000005678
-0.0000000000030270
0.0000000000036346
-0.0000000000044801
0.0000000000041829
-0.0000000000010799
-0.0000000000003151
0.0000000000020161
0.0000000000023150
0.0000000000043924
0.0000000000014334
0.0000000000009324
0.0000000000037705
