0.529177 -0.00774611796634872
0.5616936984924623 -0.02072561528325423
0.5942103969849246 -0.00013471448937707464
0.6267270954773869 0.018918446268401112
0.6592437939698492 0.006175605282066954
0.6917604924623115 -0.01584382902200332
0.7242771909547738 -0.010928042478838051
0.7567938894472361 0.011809443604761327
0.7893105879396984 0.014696875904689932
0.8218272864321609 -0.006730147875998682
0.8543439849246232 -0.01747375684533381
0.8868606834170855 0.00035244260931222016
0.9193773819095478 0.01899257873640181
0.9518940804020101 0.007779895944395321
0.9844107788944724 -0.01888602458478772
1.0169274773869346 -0.0194311836818315
1.049444175879397 0.016394988978561287
1.0819608743718594 0.048369981114717575
1.1144775728643217 0.03093591154117803
1.146994271356784 -0.033705636361162306
1.1795109698492463 -0.09581959148044916
1.2120276683417086 -0.10757658909278689
1.244544366834171 -0.06653551603824326
1.2770610653266332 -0.012503571769400423
1.3095777638190955 0.011483204144496995
1.3420944623115578 -0.006686143019692281
1.3746111608040201 -0.045918595137038665
1.4071278592964824 -0.07525191546488941
1.4396445577889447 -0.0779560457685875
1.472161256281407 -0.05847136940002429
1.5046779547738693 -0.03278804575649019
1.5371946532663316 -0.014617225849576698
1.569711351758794 -0.008195536198968512
1.6022280502512563 -0.009856661807248202
1.6347447487437186 -0.013704511697710586
1.6672614472361809 -0.015937607138027943
1.6997781457286432 -0.015691642019930896
1.7322948442211055 -0.013617964387378834
1.7648115427135678 -0.01040949543670422
1.79732824120603 -0.006426920230751421
1.8298449396984924 -0.002123479543911344
1.8623616381909547 0.001623372850474425
1.894878336683417 0.0037737751678150744
1.9273950351758793 0.003769888819533662
1.9599117336683418 0.001990808787468268
1.9924284321608041 -0.00037284451394725693
2.024945130653266 -0.0019537748979701064
2.0574618291457285 -0.0019320567414524703
2.089978527638191 -0.00040939676824791604
2.122495226130653 0.0017440869225993083
2.1550119246231154 0.0034220908315205634
2.1875286231155777 0.0038589956267855996
2.22004532160804 0.0029484822967447144
2.2525620201005023 0.001187731318736951
2.2850787185929646 -0.0006585962552776436
2.317595417085427 -0.0019597473911971974
2.3501121155778892 -0.002480838030976429
2.3826288140703515 -0.00240767002173925
2.4151455125628143 -0.002167946194219894
2.4476622110552766 -0.0021707249038627197
2.480178909547739 -0.0025999729095360635
2.512695608040201 -0.0033477369721595096
2.5452123065326635 -0.004094188617273176
2.577729005025126 -0.004475882392796393
2.610245703517588 -0.004255724319307319
2.6427624020100504 -0.0034221244974332876
2.6752791005025127 -0.0021861138697545357
2.707795798994975 -0.0008914120380723034
2.7403124974874373 0.00011589503668574253
2.7728291959798996 0.0006037086757260113
2.805345894472362 0.0005163018051348445
2.8378625929648242 -3.075437263078129e-5
2.8703792914572865 -0.0008102553194362372
2.902895989949749 -0.0015681394339708277
2.935412688442211 -0.0021009732496395372
2.9679293869346735 -0.002302677934892472
3.0004460854271358 -0.002172166128900699
3.032962783919598 -0.0017882924702803393
3.0654794824120604 -0.0012678402207484396
3.0979961809045227 -0.0007241468444476595
3.130512879396985 -0.00023941870665566967
3.1630295778894473 0.0001441847368823801
3.1955462763819096 0.0004174613017653428
3.228062974874372 0.0005888246321319457
3.260579673366834 0.0006694548799828226
3.2930963718592965 0.0006651831694171051
3.325613070351759 0.0005770024432649734
3.358129768844221 0.00040788700329130734
3.3906464673366834 0.0001710967211465686
3.4231631658291457 -0.00010498965434635465
3.455679864321608 -0.00037853049508385084
3.4881965628140703 -0.0006023959236358678
3.5207132613065326 -0.0007361109861108162
3.553229959798995 -0.0007572758293008519
3.5857466582914572 -0.0006683336814603535
3.6182633567839195 -0.0004962333661637786
3.650780055276382 -0.00028501660756319325
3.683296753768844 -8.372654559707371e-5
3.7158134522613064 6.652455226685561e-5
3.7483301507537687 0.00014240121305419962
3.780846849246231 0.0001423789319687785
3.8133635477386933 8.42456493046484e-5
3.8458802462311557 -2.561270946443983e-6
3.878396944723618 -8.693183923469405e-5
3.9109136432160803 -0.00014508525981682396
3.9434303417085426 -0.00016597265096152114
3.975947040201005 -0.0001519105733223114
4.008463738693467 -0.00011496498393626098
4.0409804371859295 -7.09395548028624e-5
4.073497135678392 -3.3376712679000775e-5
4.106013834170854 -9.632537626202975e-6
4.138530532663316 -4.3994702991767554e-8
4.171047231155779 8.800486739346525e-8
4.203563929648241 -2.983920921906247e-6
4.236080628140703 -4.714631472779729e-6
4.268597326633166 -3.927352111077198e-6
4.301114025125628 -2.3909880724204413e-6
4.33363072361809 -2.8603819259842567e-6
4.3661474221105525 -6.823773333053396e-6
4.398664120603015 -1.3252370024474658e-5
4.431180819095477 -1.90343163808393e-5
4.463697517587939 -2.080526786585324e-5
4.496214216080402 -1.706352298924685e-5
4.528730914572864 -9.244122963991686e-6
4.561247613065326 -9.981444009099505e-7
4.593764311557789 3.978227084644459e-6
4.626281010050251 4.218796277655201e-6
4.658797708542713 1.301070938097837e-6
4.6913144070351755 -1.4925129789844505e-6
4.723831105527638 -1.7883804730445263e-6
4.7563478040201 5.3969699820299866e-8
4.7888645025125625 1.6160965969902463e-6
4.821381201005025 1.1679076123982668e-6
4.853897899497487 -3.3943848620765493e-7
4.886414597989949 -7.175215159804793e-7
4.918931296482412 6.022156640028697e-8
4.951447994974874 1.4355134680954507e-7
4.983964693467336 -2.4074836346699158e-8
5.016481391959799 0.0
5.048998090452261 0.0
5.081514788944723 0.0
5.1140314874371855 0.0
5.146548185929648 0.0
5.179064884422111 0.0
5.211581582914573 0.0
5.244098281407036 0.0
5.276614979899498 0.0
5.30913167839196 0.0
5.3416483768844225 0.0
5.374165075376885 0.0
5.406681773869347 0.0
5.439198472361809 0.0
5.471715170854272 0.0
5.504231869346734 0.0
5.536748567839196 0.0
5.569265266331659 0.0
5.601781964824121 0.0
5.634298663316583 0.0
5.6668153618090455 0.0
5.699332060301508 0.0
5.73184875879397 0.0
5.7643654572864325 0.0
5.796882155778895 0.0
5.829398854271357 0.0
5.861915552763819 0.0
5.894432251256282 0.0
5.926948949748744 0.0
5.959465648241206 0.0
5.991982346733669 0.0
6.024499045226131 0.0
6.057015743718593 0.0
6.0895324422110555 0.0
6.122049140703518 0.0
6.15456583919598 0.0
6.187082537688442 0.0
6.219599236180905 0.0
6.252115934673367 0.0
6.284632633165829 0.0
6.317149331658292 0.0
6.349666030150754 0.0
6.382182728643216 0.0
6.4146994271356785 0.0
6.447216125628141 0.0
6.479732824120603 0.0
6.5122495226130654 0.0
6.544766221105528 0.0
6.57728291959799 0.0
6.609799618090452 0.0
6.642316316582915 0.0
6.674833015075377 0.0
6.707349713567839 0.0
6.739866412060302 0.0
6.772383110552764 0.0
6.804899809045226 0.0
6.8374165075376885 0.0
6.869933206030151 0.0
6.902449904522613 0.0
6.934966603015075 0.0
6.967483301507538 0.0
7.0 0.0
