0.529177 -0.2569524027258012
0.5616936984924623 -0.20009570676120347
0.5942103969849246 -0.12962290248833597
0.6267270954773869 -0.055426169417842175
0.6592437939698492 0.013179431181924883
0.6917604924623115 0.06825639890303137
0.7242771909547738 0.10406521775257715
0.7567938894472361 0.1177335837182909
0.7893105879396984 0.10961248069179419
0.8218272864321609 0.0831995821390592
0.8543439849246232 0.04458379980678728
0.8868606834170855 0.0014576023659174098
0.9193773819095478 -0.03816263620137761
0.9518940804020101 -0.0672951073411241
0.9844107788944724 -0.08118358802312287
1.0169274773869346 -0.07809252063270833
1.049444175879397 -0.05954595073853852
1.0819608743718594 -0.02995628328062594
1.1144775728643217 0.004289484675609856
1.146994271356784 0.03610799563830369
1.1795109698492463 0.059109860714670504
1.2120276683417086 0.0688281789462053
1.244544366834171 0.06354710712548695
1.2770610653266332 0.04457689264563669
1.3095777638190955 0.01593585982300283
1.3420944623115578 -0.016481707782077137
1.3746111608040201 -0.04607503885199549
1.4071278592964824 -0.06680903306732944
1.4396445577889447 -0.0743459810364584
1.472161256281407 -0.0668332151199138
1.5046779547738693 -0.0452191767108161
1.5371946532663316 -0.013065253515378572
1.569711351758794 0.024085649140033638
1.6022280502512563 0.05964827418029017
1.6347447487437186 0.08706305934720149
1.6672614472361809 0.10080692881456343
1.6997781457286432 0.0971868659453321
1.7322948442211055 0.07480739192942565
1.7648115427135678 0.034667054993406055
1.79732824120603 -0.02009685031225672
1.8298449396984924 -0.08474287716489926
1.8623616381909547 -0.15363204052118817
1.894878336683417 -0.22098594843555475
1.9273950351758793 -0.28158341773996654
1.9599117336683418 -0.33130642289143
1.9924284321608041 -0.367480227672786
2.024945130653266 -0.38898976634482096
2.0574618291457285 -0.3961885161625105
2.089978527638191 -0.3906425356253749
2.122495226130653 -0.3747683610108652
2.1550119246231154 -0.35142846377857495
2.1875286231155777 -0.32354315646443865
2.22004532160804 -0.2937656318918016
2.2525620201005023 -0.26425030443533615
2.2850787185929646 -0.23652691690040228
2.317595417085427 -0.21147668194134894
2.3501121155778892 -0.18939400649105664
2.3826288140703515 -0.1701091934919532
2.4151455125628143 -0.1531441688475752
2.4476622110552766 -0.1378742734414118
2.480178909547739 -0.12367352172623214
2.512695608040201 -0.11002722868215642
2.5452123065326635 -0.09660327407254954
2.577729005025126 -0.08328037484534434
2.610245703517588 -0.07013770202320302
2.6427624020100504 -0.05741445809871948
2.6752791005025127 -0.04545040209450235
2.707795798994975 -0.03461883639465668
2.7403124974874373 -0.025262537068556412
2.7728291959798996 -0.01764094061400101
2.805345894472362 -0.01189407615129312
2.8378625929648242 -0.008025720359000843
2.8703792914572865 -0.005905453195737209
2.902895989949749 -0.005287003768899012
2.935412688442211 -0.0058386785531183705
2.9679293869346735 -0.00718082479579607
3.0004460854271358 -0.008925166257540695
3.032962783919598 -0.010711345907111536
3.0654794824120604 -0.012236960967129562
3.0979961809045227 -0.01327859807133791
3.130512879396985 -0.013702690628633718
3.1630295778894473 -0.013466268906995538
3.1955462763819096 -0.012608732140506618
3.228062974874372 -0.01123655885385233
3.260579673366834 -0.00950334678782383
3.2930963718592965 -0.007587736154164304
3.325613070351759 -0.0056716508170211455
3.358129768844221 -0.003920945602658321
3.3906464673366834 -0.002470042931236094
3.4231631658291457 -0.0014115510402916698
3.455679864321608 -0.0007912495129858144
3.4881965628140703 -0.0006082658273953712
3.5207132613065326 -0.0008197965707950061
3.553229959798995 -0.0013493796941475011
3.5857466582914572 -0.002097515183777432
3.6182633567839195 -0.0029533607466873946
3.650780055276382 -0.0038062842540966813
3.683296753768844 -0.00455621384207916
3.7158134522613064 -0.005121961345139425
3.7483301507537687 -0.005446974748338107
3.780846849246231 -0.00550226946688781
3.8133635477386933 -0.00528656944152317
3.8458802462311557 -0.004823933999432484
3.878396944723618 -0.004159338834142545
3.9109136432160803 -0.003352809071657248
3.9434303417085426 -0.002472765607308247
3.975947040201005 -0.001589245457580546
4.008463738693467 -0.0007675998840568354
4.0409804371859295 -6.317190855043009e-5
4.073497135678392 0.00048267896090692375
4.106013834170854 0.0008449880024272716
4.138530532663316 0.0010159695066249697
4.171047231155779 0.001004254816507455
4.203563929648241 0.0008327879677381134
4.236080628140703 0.0005356771926017245
4.268597326633166 0.00015436130888701882
4.301114025125628 -0.000266524228209164
4.33363072361809 -0.0006832052658864995
4.3661474221105525 -0.0010564130352577195
4.398664120603015 -0.0013543396216846304
4.431180819095477 -0.0015547103303106269
4.463697517587939 -0.00164586827486346
4.496214216080402 -0.001626857721930719
4.528730914572864 -0.0015065780517034
4.561247613065326 -0.0013021531831327593
4.593764311557789 -0.001036716977978358
4.626281010050251 -0.0007368503647739999
4.658797708542713 -0.0004299189895391464
4.6913144070351755 -0.00014155174358165823
4.723831105527638 0.00010652769742591772
4.7563478040201 0.00029814860863552894
4.7888645025125625 0.000423708608650486
4.821381201005025 0.00048050778605102096
4.853897899497487 0.000472416204502224
4.886414597989949 0.0004089487083547283
4.918931296482412 0.0003038710328837624
4.951447994974874 0.00017349806694255676
4.983964693467336 3.486616333248094e-5
5.016481391959799 -9.603500257071573e-5
5.048998090452261 -0.00020579913689289242
5.081514788944723 -0.00028476618354034144
5.1140314874371855 -0.0003277112882642541
5.146548185929648 -0.0003340112689329544
5.179064884422111 -0.0003072955041716341
5.211581582914573 -0.00025464268765063025
5.244098281407036 -0.0001854328038461972
5.276614979899498 -0.00011000041558872908
5.30913167839196 -3.825636122201104e-5
5.3416483768844225 2.155222318833694e-5
5.374165075376885 6.379045953508466e-5
5.406681773869347 8.597544729127549e-5
5.439198472361809 8.884154340194073e-5
5.471715170854272 7.592871588713024e-5
5.504231869346734 5.275923103909008e-5
5.536748567839196 2.5731891582836397e-5
5.569265266331659 9.142131602857262e-7
5.601781964824121 -1.7058331650332548e-5
5.634298663316583 -2.576876249804627e-5
5.6668153618090455 -2.5322324290755205e-5
5.699332060301508 -1.807699300115928e-5
5.73184875879397 -7.823762643965892e-6
5.7643654572864325 1.422633431502618e-6
5.796882155778895 6.722075340803713e-6
5.829398854271357 7.18865885573905e-6
5.861915552763819 4.2198334995191544e-6
5.894432251256282 6.727677828166634e-7
5.926948949748744 -9.395625966135412e-7
5.959465648241206 -4.216253728372976e-7
5.991982346733669 2.256820152979344e-8
6.024499045226131 0.0
6.057015743718593 0.0
6.0895324422110555 0.0
6.122049140703518 0.0
6.15456583919598 0.0
6.187082537688442 0.0
6.219599236180905 0.0
6.252115934673367 0.0
6.284632633165829 0.0
6.317149331658292 0.0
6.349666030150754 0.0
6.382182728643216 0.0
6.4146994271356785 0.0
6.447216125628141 0.0
6.479732824120603 0.0
6.5122495226130654 0.0
6.544766221105528 0.0
6.57728291959799 0.0
6.609799618090452 0.0
6.642316316582915 0.0
6.674833015075377 0.0
6.707349713567839 0.0
6.739866412060302 0.0
6.772383110552764 0.0
6.804899809045226 0.0
6.8374165075376885 0.0
6.869933206030151 0.0
6.902449904522613 0.0
6.934966603015075 0.0
6.967483301507538 0.0
7.0 0.0
