0.529177 -0.13780645435303995
0.5616936984924623 0.01697209123773291
0.5942103969849246 0.11703835536854967
0.6267270954773869 0.02195997800032501
0.6592437939698492 -0.09316605280071144
0.6917604924623115 -0.048816488194688645
0.7242771909547738 0.06734620317030249
0.7567938894472361 0.06821894826026664
0.7893105879396984 -0.0378646472655646
0.8218272864321609 -0.08063201936818132
0.8543439849246232 0.0024592335580564395
0.8868606834170855 0.08258811892272888
0.9193773819095478 0.0397660298244773
0.9518940804020101 -0.0662502413234165
0.9844107788944724 -0.08521468587650816
1.0169274773869346 0.018953095179938373
1.049444175879397 0.11979063149743752
1.0819608743718594 0.07703703321078592
1.1144775728643217 -0.11199608102549519
1.146994271356784 -0.3203741318162088
1.1795109698492463 -0.42142929345806124
1.2120276683417086 -0.3915225736469665
1.244544366834171 -0.30103303513908486
1.2770610653266332 -0.23367198773894415
1.3095777638190955 -0.223096402901092
1.3420944623115578 -0.25051512803980813
1.3746111608040201 -0.2811897045028786
1.4071278592964824 -0.29549511023429886
1.4396445577889447 -0.29315656386177125
1.472161256281407 -0.2801613202944395
1.5046779547738693 -0.25792522918902705
1.5371946532663316 -0.22381642712650773
1.569711351758794 -0.17813787251822077
1.6022280502512563 -0.12819975982995402
1.6347447487437186 -0.08536287133256337
1.6672614472361809 -0.05819715097624112
1.6997781457286432 -0.04764505461105273
1.7322948442211055 -0.04750628493303566
1.7648115427135678 -0.04911674294362456
1.79732824120603 -0.04648634997630552
1.8298449396984924 -0.038674220245468405
1.8623616381909547 -0.02862895830475054
1.894878336683417 -0.02003623631537721
1.9273950351758793 -0.014525519645587792
1.9599117336683418 -0.010824294701023973
1.9924284321608041 -0.005968727776576088
2.024945130653266 0.002507035036387606
2.0574618291457285 0.014811138999277773
2.089978527638191 0.028488442800892244
2.122495226130653 0.039440090251275706
2.1550119246231154 0.04372316542730914
2.1875286231155777 0.039215862301830384
2.22004532160804 0.026433860260965503
2.2525620201005023 0.008260083176651278
2.2850787185929646 -0.011163456470455912
2.317595417085427 -0.027842236792309905
2.3501121155778892 -0.039075393499729216
2.3826288140703515 -0.043983352836505674
2.4151455125628143 -0.04335386045937639
2.4476622110552766 -0.03900015823899139
2.480178909547739 -0.03295641667131122
2.512695608040201 -0.026821051189074296
2.5452123065326635 -0.021436025080447507
2.577729005025126 -0.01692791683512951
2.610245703517588 -0.013001346325665963
2.6427624020100504 -0.009309431612962271
2.6752791005025127 -0.00573748020730136
2.707795798994975 -0.0025042603172664712
2.7403124974874373 -7.38426435304973e-5
2.7728291959798996 0.0010553815939715605
2.805345894472362 0.0005822248321578627
2.8378625929648242 -0.0014400666299252407
2.8703792914572865 -0.004575735357036592
2.902895989949749 -0.008109515386593102
2.935412688442211 -0.011236997632238399
2.9679293869346735 -0.013274376306753766
3.0004460854271358 -0.013821218968189442
3.032962783919598 -0.012832692293272885
3.0654794824120604 -0.010590910625580818
3.0979961809045227 -0.007596558657496644
3.130512879396985 -0.004422127115049079
3.1630295778894473 -0.001572617039414581
3.1955462763819096 0.0006103433465227681
3.228062974874372 0.001983883846094159
3.260579673366834 0.0025822173088272393
3.2930963718592965 0.0025570036259523476
3.325613070351759 0.0021057589659676523
3.358129768844221 0.0014119550891109611
3.3906464673366834 0.00061127061917432
3.4231631658291457 -0.00021339657689622982
3.455679864321608 -0.0010157880861356716
3.4881965628140703 -0.0017622303329858369
3.5207132613065326 -0.0024127655633492395
3.553229959798995 -0.0029157419367606963
3.5857466582914572 -0.003217013696144022
3.6182633567839195 -0.0032783357577841343
3.650780055276382 -0.003095827379354432
3.683296753768844 -0.002709578289170622
3.7158134522613064 -0.0021991622194832416
3.7483301507537687 -0.0016654046051485238
3.780846849246231 -0.0012040750079904683
3.8133635477386933 -0.0008803145111642152
3.8458802462311557 -0.000712500404461025
3.878396944723618 -0.0006710110304766204
3.9109136432160803 -0.0006921888002011656
3.9434303417085426 -0.0007025575044963261
3.975947040201005 -0.0006448742145153119
4.008463738693467 -0.0004970928579837164
4.0409804371859295 -0.0002779473636564944
4.073497135678392 -3.768990626440427e-5
4.106013834170854 0.00016217109401850394
4.138530532663316 0.00027239982392757156
4.171047231155779 0.0002740459609640311
4.203563929648241 0.00018436350023876003
4.236080628140703 4.874120304521057e-5
4.268597326633166 -7.781806317552764e-5
4.301114025125628 -0.00015204013050151843
4.33363072361809 -0.00015783012423753462
4.3661474221105525 -0.0001095977168574791
4.398664120603015 -4.240519427867184e-5
4.431180819095477 6.309468119525263e-6
4.463697517587939 1.4796096081681753e-5
4.496214216080402 -1.3820906247019593e-5
4.528730914572864 -5.569223111479005e-5
4.561247613065326 -8.14108897202459e-5
4.593764311557789 -7.376450571427995e-5
4.626281010050251 -3.766895230228329e-5
4.658797708542713 4.103925562048971e-6
4.6913144070351755 2.7133208106988604e-5
4.723831105527638 2.2662272726847732e-5
4.7563478040201 2.9402723953353416e-6
4.7888645025125625 -1.0734052409588912e-5
4.821381201005025 -7.99794429440226e-6
4.853897899497487 1.9208008552595857e-6
4.886414597989949 4.221189385589241e-6
4.918931296482412 -4.2710519210231723e-7
4.951447994974874 -8.124430337375088e-7
4.983964693467336 1.331865746578842e-7
5.016481391959799 0.0
5.048998090452261 0.0
5.081514788944723 0.0
5.1140314874371855 0.0
5.146548185929648 0.0
5.179064884422111 0.0
5.211581582914573 0.0
5.244098281407036 0.0
5.276614979899498 0.0
5.30913167839196 0.0
5.3416483768844225 0.0
5.374165075376885 0.0
5.406681773869347 0.0
5.439198472361809 0.0
5.471715170854272 0.0
5.504231869346734 0.0
5.536748567839196 0.0
5.569265266331659 0.0
5.601781964824121 0.0
5.634298663316583 0.0
5.6668153618090455 0.0
5.699332060301508 0.0
5.73184875879397 0.0
5.7643654572864325 0.0
5.796882155778895 0.0
5.829398854271357 0.0
5.861915552763819 0.0
5.894432251256282 0.0
5.926948949748744 0.0
5.959465648241206 0.0
5.991982346733669 0.0
6.024499045226131 0.0
6.057015743718593 0.0
6.0895324422110555 0.0
6.122049140703518 0.0
6.15456583919598 0.0
6.187082537688442 0.0
6.219599236180905 0.0
6.252115934673367 0.0
6.284632633165829 0.0
6.317149331658292 0.0
6.349666030150754 0.0
6.382182728643216 0.0
6.4146994271356785 0.0
6.447216125628141 0.0
6.479732824120603 0.0
6.5122495226130654 0.0
6.544766221105528 0.0
6.57728291959799 0.0
6.609799618090452 0.0
6.642316316582915 0.0
6.674833015075377 0.0
6.707349713567839 0.0
6.739866412060302 0.0
6.772383110552764 0.0
6.804899809045226 0.0
6.8374165075376885 0.0
6.869933206030151 0.0
6.902449904522613 0.0
6.934966603015075 0.0
6.967483301507538 0.0
7.0 0.0
