0.529177 -26.016649078133923
0.5616936984924623 -51.988016419825726
0.5942103969849246 -70.06311444178209
0.6267270954773869 -80.95160877656599
0.6592437939698492 -85.3805145692786
0.6917604924623115 -84.16279737417608
0.7242771909547738 -78.22573935555738
0.7567938894472361 -68.60379050064148
0.7893105879396984 -56.40226223577338
0.8218272864321609 -42.74037709383447
0.8543439849246232 -28.683903451104925
0.8868606834170855 -15.178212637743854
0.9193773819095478 -2.9917719064360426
0.9518940804020101 7.322135274425818
0.9844107788944724 15.440937330104134
1.0169274773869346 21.264765794130653
1.049444175879397 24.887679722651228
1.0819608743718594 26.55367439411384
1.1144775728643217 26.604626830838242
1.146994271356784 25.42760304231342
1.1795109698492463 23.408008373988196
1.2120276683417086 20.893228026612633
1.244544366834171 18.169125900112704
1.2770610653266332 15.449508758380034
1.3095777638190955 12.876804138581065
1.3420944623115578 10.530988704342235
1.3746111608040201 8.443319208399771
1.4071278592964824 6.6115920256143
1.4396445577889447 5.014313969484647
1.472161256281407 3.6220810054946924
1.5046779547738693 2.405410983663387
1.5371946532663316 1.339086301786665
1.569711351758794 0.40362643142725574
1.6022280502512563 -0.41520464372297283
1.6347447487437186 -1.127917001995229
1.6672614472361809 -1.743049862991029
1.6997781457286432 -2.2686234104039613
1.7322948442211055 -2.7130188866631215
1.7648115427135678 -3.0852516043414653
1.79732824120603 -3.3947620868439117
1.8298449396984924 -3.6509290377671277
1.8623616381909547 -3.86251417663334
1.894878336683417 -4.037204793126875
1.9273950351758793 -4.181350599266807
1.9599117336683418 -4.299920008676054
1.9924284321608041 -4.396643774680342
2.024945130653266 -4.47427946798598
2.0574618291457285 -4.534919723460916
2.089978527638191 -4.58027626711737
2.122495226130653 -4.611893223049265
2.1550119246231154 -4.63126925531833
2.1875286231155777 -4.639892054234224
2.22004532160804 -4.6392060728630895
2.2525620201005023 -4.630543308712731
2.2850787185929646 -4.615047580387909
2.317595417085427 -4.593617019614612
2.3501121155778892 -4.566880035848953
2.3826288140703515 -4.535209543011661
2.4151455125628143 -4.498771031237993
2.4476622110552766 -4.457593609546166
2.480178909547739 -4.4116500647469366
2.512695608040201 -4.360932136572956
2.5452123065326635 -4.30550990044685
2.577729005025126 -4.245568378541066
2.610245703517588 -4.181419213744448
2.6427624020100504 -4.113489528064747
2.6752791005025127 -4.042293300351957
2.707795798994975 -3.96839240603731
2.7403124974874373 -3.8923548324328294
2.7728291959798996 -3.8147167249517224
2.805345894472362 -3.7359531953788974
2.8378625929648242 -3.656460660004086
2.8703792914572865 -3.576551284044399
2.902895989949749 -3.496458224564776
2.935412688442211 -3.4163490111750434
2.9679293869346735 -3.336343684248277
3.0004460854271358 -3.2565342138623237
3.032962783919598 -3.177002150227054
3.0654794824120604 -3.0978322520568327
3.0979961809045227 -3.0191208235592057
3.130512879396985 -2.940978490121779
3.1630295778894473 -2.8635280129765306
3.1955462763819096 -2.786898383184962
3.228062974874372 -2.711216794090433
3.260579673366834 -2.6366001644746575
3.2930963718592965 -2.563147707571261
3.325613070351759 -2.49093567728778
3.358129768844221 -2.420014950363111
3.3906464673366834 -2.3504116025342228
3.4231631658291457 -2.282130179622982
3.455679864321608 -2.2151590066059725
3.4881965628140703 -2.1494766536543466
3.5207132613065326 -2.085058600659977
3.553229959798995 -2.0218832028349425
3.5857466582914572 -1.9599362354856567
3.6182633567839195 -1.8992135501521261
3.650780055276382 -1.8397216658886464
3.683296753768844 -1.781476407433729
3.7158134522613064 -1.7244999504182488
3.7483301507537687 -1.6688168149812554
3.780846849246231 -1.6144494468753692
3.8133635477386933 -1.5614140341076563
3.8458802462311557 -1.5097171336146857
3.878396944723618 -1.4593535413659993
3.9109136432160803 -1.4103056526873843
3.9434303417085426 -1.362544352756231
3.975947040201005 -1.3160312763684487
4.008463738693467 -1.2707221045620827
4.0409804371859295 -1.2265704427645687
4.073497135678392 -1.1835317627319455
4.106013834170854 -1.141566894177231
4.138530532663316 -1.1006446186220273
4.171047231155779 -1.0607430386025953
4.203563929648241 -1.021849554437722
4.236080628140703 -0.983959459766993
4.268597326633166 -0.947073344805176
4.301114025125628 -0.9111936525405326
4.33363072361809 -0.8763208498112363
4.3661474221105525 -0.8424497382875415
4.398664120603015 -0.8095664317042974
4.431180819095477 -0.7776464630642295
4.463697517587939 -0.7466543637438008
4.496214216080402 -0.716544886416159
4.528730914572864 -0.687265841763292
4.561247613065326 -0.6587623057621386
4.593764311557789 -0.6309817522214871
4.626281010050251 -0.6038794976975623
4.658797708542713 -0.5774237335499492
4.6913144070351755 -0.5515993803855963
4.723831105527638 -0.5264100447620876
4.7563478040201 -0.5018774911513901
4.7888645025125625 -0.4780382599474251
4.821381201005025 -0.45493735231139
4.853897899497487 -0.4326192439420993
4.886414597989949 -0.41111685432588274
4.918931296482412 -0.3904394516139291
4.951447994974874 -0.3705607781994331
4.983964693467336 -0.35140890000729996
5.016481391959799 -0.33285937726395787
5.048998090452261 -0.3147332955413731
5.081514788944723 -0.2968014621783368
5.1140314874371855 -0.27879565592047584
5.146548185929648 -0.2604272237240366
5.179064884422111 -0.24141257255723758
5.211581582914573 -0.2215042496281967
5.244098281407036 -0.20052540469441738
5.276614979899498 -0.17840456476005784
5.30913167839196 -0.1552069213557843
5.3416483768844225 -0.1311578422646562
5.374165075376885 -0.10665418542521365
5.406681773869347 -0.0822593216180394
5.439198472361809 -0.05867865749132761
5.471715170854272 -0.036713956422318006
5.504231869346734 -0.017196901639181306
5.536748567839196 -0.0009050914195540827
5.569265266331659 0.011533126242284197
5.601781964824121 0.0197351153146883
5.634298663316583 0.02364851466154505
5.6668153618090455 0.02360802715702448
5.699332060301508 0.020347244795630104
5.73184875879397 0.014949304577385192
5.7643654572864325 0.008724642862944165
5.796882155778895 0.0030135530614643358
5.829398854271357 -0.0010725486590672517
5.861915552763819 -0.0029321251568035223
5.894432251256282 -0.0027011715228582034
5.926948949748744 -0.0013008571622776799
5.959465648241206 -0.00010954333993140608
5.991982346733669 2.7244768716627732e-5
6.024499045226131 0.0
6.057015743718593 0.0
6.0895324422110555 0.0
6.122049140703518 0.0
6.15456583919598 0.0
6.187082537688442 0.0
6.219599236180905 0.0
6.252115934673367 0.0
6.284632633165829 0.0
6.317149331658292 0.0
6.349666030150754 0.0
6.382182728643216 0.0
6.4146994271356785 0.0
6.447216125628141 0.0
6.479732824120603 0.0
6.5122495226130654 0.0
6.544766221105528 0.0
6.57728291959799 0.0
6.609799618090452 0.0
6.642316316582915 0.0
6.674833015075377 0.0
6.707349713567839 0.0
6.739866412060302 0.0
6.772383110552764 0.0
6.804899809045226 0.0
6.8374165075376885 0.0
6.869933206030151 0.0
6.902449904522613 0.0
6.934966603015075 0.0
6.967483301507538 0.0
7.0 0.0
