1 0.306296 360.18 1366.65
2 0.267702 298.33 1369.75
3 0.249400 286.10 1326.13
4 0.232991 254.39 1326.81
5 0.214766 230.93 1298.44
6 0.211148 228.19 1288.86
7 0.207733 225.45 1279.96
8 0.201778 220.76 1263.99
9 0.194873 208.32 1256.87
10 0.183363 194.87 1230.86
11 0.169638 188.57 1182.09
12 0.167419 182.32 1182.20
13 0.163631 179.66 1169.64
14 0.157292 175.87 1147.18
15 0.147081 170.40 1108.82
16 0.137001 190.44 1026.16
17 0.127148 172.60 1007.95
18 0.120888 165.78 987.10
19 0.117623 174.74 954.00
20 0.112845 164.73 945.89
21 0.105811 158.87 917.04
22 0.096403 153.82 871.53
23 0.092396 156.23 843.02
24 0.087756 147.35 830.48
25 0.083956 151.18 799.38
26 0.080082 142.03 791.07
27 0.078929 141.07 785.24
28 0.077211 140.19 775.44
29 0.074830 139.41 760.85
30 0.072700 137.15 750.41
31 0.069886 131.97 740.27
32 0.067992 122.79 742.84
33 0.066040 118.91 735.54
34 0.064899 119.30 726.83
35 0.063632 117.03 721.49
36 0.062690 111.71 723.19
37 0.061458 110.05 716.91
38 0.060173 106.76 712.60
39 0.058507 107.05 699.98
40 0.057293 104.63 694.66
41 0.056032 101.55 689.83
42 0.054955 100.92 682.66
43 0.054452 101.94 677.31
44 0.053866 99.66 676.24
45 0.053085 99.42 670.60
46 0.052091 98.66 664.03
47 0.051087 98.94 655.74
48 0.050257 98.26 650.21
49 0.049419 96.96 645.49
51 0.047899 94.45 636.99
52 0.047320 93.13 634.22
53 0.046639 92.70 629.29
54 0.046146 92.72 625.19
55 0.045564 91.11 622.75
56 0.044962 91.32 617.42
57 0.044409 89.91 614.86
58 0.043797 87.74 612.84
59 0.043550 86.06 613.15
60 0.043151 85.90 610.00
61 0.042599 85.12 606.41
62 0.041921 84.13 602.00
63 0.041433 83.38 598.84
64 0.040833 83.00 594.18
65 0.040304 83.43 588.96
66 0.039807 81.46 587.35
67 0.039372 80.93 584.24
68 0.038933 80.91 580.38
69 0.038570 80.64 577.52
70 0.038091 79.50 574.80
71 0.037712 79.07 571.98
72 0.037304 79.30 567.97
73 0.036763 78.75 563.80
74 0.036240 78.60 559.19
75 0.035922 77.33 558.03
76 0.035602 76.09 556.76
77 0.035125 75.29 553.42
78 0.034650 74.43 550.13
79 0.034039 72.72 546.67
80 0.033599 73.00 542.13
81 0.033109 70.69 540.51
82 0.032727 68.92 539.15
83 0.032354 67.65 537.17
84 0.032205 66.86 536.74
85 0.031961 66.57 534.75
86 0.031771 66.70 532.74
87 0.031485 67.32 529.17
88 0.031062 66.60 525.94
89 0.030661 66.56 522.04
90 0.030503 66.45 520.62
91 0.030249 66.50 518.02
92 0.029924 66.00 515.41
93 0.029576 64.85 513.38
94 0.029242 64.78 510.10
95 0.029153 64.71 509.28
96 0.029009 64.84 507.65
97 0.028769 64.52 505.62
98 0.028451 64.78 502.03
99 0.028068 64.09 498.96
101 0.027664 63.17 495.94
102 0.027487 63.26 493.97
103 0.027265 62.94 492.06
104 0.027051 62.58 490.26
105 0.026843 61.87 488.97
106 0.026547 61.67 486.09
107 0.026268 60.93 484.05
108 0.025971 60.16 481.84
109 0.025825 59.92 480.56
110 0.025668 60.07 478.69
111 0.025509 59.80 477.32
112 0.025338 59.40 475.96
113 0.025296 60.03 474.71
114 0.025226 59.87 474.16
115 0.025106 59.57 473.22
116 0.024921 59.26 471.58
117 0.024730 58.47 470.48
118 0.024529 58.54 468.17
119 0.024395 58.07 467.29
120 0.024223 57.85 465.65
121 0.024037 57.46 464.07
122 0.023929 57.47 462.85
123 0.023789 57.12 461.72
124 0.023625 56.61 460.51
125 0.023483 56.31 459.28
126 0.023334 56.13 457.82
127 0.023228 55.92 456.89
128 0.023084 55.31 456.00
129 0.022892 55.20 453.96
130 0.022842 55.00 453.64
131 0.022754 54.94 452.70
132 0.022607 54.92 451.04
133 0.022407 54.73 448.97
134 0.022313 55.32 447.18
135 0.022200 55.18 446.03
136 0.022077 54.81 445.07
137 0.021980 54.67 444.11
138 0.021893 54.78 442.96
139 0.021770 54.64 441.70
140 0.021645 54.45 440.47
141 0.021574 53.77 440.48
142 0.021482 53.85 439.29
143 0.021406 54.09 438.10
144 0.021313 54.12 436.97
145 0.021238 54.30 435.86
146 0.021169 54.00 435.40
147 0.021076 53.79 434.57
148 0.020988 53.85 433.45
149 0.020898 53.58 432.70
151 0.020723 53.32 430.93
152 0.020637 53.14 430.12
153 0.020561 53.26 429.05
154 0.020507 52.93 428.81
155 0.020430 52.91 427.91
156 0.020332 52.77 426.90
157 0.020263 53.05 425.71
158 0.020184 52.83 425.04
159 0.020109 52.96 423.95
160 0.020048 52.69 423.56
161 0.019976 52.40 423.02
162 0.019896 52.20 422.30
163 0.019873 52.29 421.92
164 0.019834 52.22 421.52
165 0.019772 51.98 421.05
166 0.019697 51.72 420.45
167 0.019649 51.41 420.24
168 0.019605 51.31 419.82
169 0.019556 51.15 419.41
170 0.019493 51.24 418.53
171 0.019424 51.05 417.92
172 0.019382 50.80 417.69
173 0.019340 50.77 417.21
174 0.019305 50.97 416.54
175 0.019266 50.96 416.06
176 0.019222 50.90 415.59
177 0.019191 50.78 415.35
178 0.019160 50.81 414.92
179 0.019131 50.86 414.50
180 0.019104 50.96 414.04
181 0.019068 50.88 413.69
182 0.019040 50.73 413.53
183 0.019005 50.49 413.38
184 0.018979 50.30 413.29
185 0.018951 50.25 413.00
186 0.018914 50.21 412.59
187 0.018874 50.25 412.04
188 0.018831 50.33 411.39
189 0.018793 50.14 411.15
190 0.018757 50.04 410.83
191 0.018714 50.06 410.27
192 0.018671 50.32 409.39
193 0.018647 50.17 409.28
194 0.018613 50.05 408.99
195 0.018579 50.08 408.53
196 0.018543 50.13 408.01
197 0.018511 49.81 408.01
198 0.018476 49.84 407.53
199 0.018436 49.66 407.24
201 0.018384 49.55 406.71
202 0.018351 49.46 406.40
203 0.018307 49.30 406.04
204 0.018266 49.19 405.64
205 0.018245 49.03 405.56
206 0.018218 49.00 405.26
207 0.018185 48.87 405.00
208 0.018159 48.87 404.67
209 0.018129 48.76 404.42
210 0.018091 48.65 404.05
211 0.018067 48.58 403.83
212 0.018033 48.43 403.59
213 0.017992 48.24 403.28
214 0.017975 48.45 402.82
215 0.017949 48.37 402.58
216 0.017916 48.35 402.17
217 0.017890 48.10 402.14
218 0.017863 48.02 401.90
219 0.017831 48.20 401.27
220 0.017798 48.35 400.65
221 0.017753 48.39 400.03
222 0.017737 48.07 400.20
223 0.017712 48.01 399.96
224 0.017680 48.08 399.46
225 0.017647 48.14 398.97
226 0.017622 48.19 398.59
227 0.017592 48.13 398.26
228 0.017559 47.95 398.05
229 0.017532 47.94 397.72
230 0.017523 47.95 397.58
231 0.017506 47.94 397.37
232 0.017481 47.88 397.12
233 0.017453 47.87 396.77
234 0.017434 47.82 396.58
235 0.017409 47.88 396.18
236 0.017379 47.90 395.77
237 0.017353 47.70 395.67
238 0.017329 47.78 395.26
239 0.017310 47.75 395.05
240 0.017290 47.54 395.04
241 0.017268 47.48 394.82
242 0.017242 47.40 394.57
243 0.017222 47.34 394.39
244 0.017203 47.55 393.89
245 0.017185 47.76 393.39
246 0.017170 47.63 393.35
247 0.017154 47.58 393.21
248 0.017138 47.63 392.94
249 0.017125 47.51 392.90
251 0.017092 47.18 392.86
252 0.017077 46.92 392.99
253 0.017060 46.87 392.82
254 0.017046 46.94 392.56
255 0.017031 46.95 392.35
256 0.017016 47.02 392.07
257 0.017002 46.97 391.95
258 0.016993 46.88 391.93
259 0.016980 46.80 391.85
260 0.016967 46.73 391.76
261 0.016956 46.59 391.79
262 0.016944 46.50 391.73
263 0.016931 46.44 391.64
264 0.016920 46.39 391.55
265 0.016909 46.48 391.30
266 0.016900 46.50 391.15
267 0.016890 46.40 391.15
268 0.016880 46.45 390.95
269 0.016870 46.38 390.90
270 0.016861 46.29 390.90
271 0.016853 46.19 390.91
272 0.016844 46.13 390.86
273 0.016835 46.26 390.58
274 0.016824 46.22 390.48
275 0.016813 46.20 390.37
276 0.016805 46.14 390.32
277 0.016794 46.16 390.16
278 0.016785 46.12 390.09
279 0.016779 46.13 390.00
280 0.016771 46.04 390.00
281 0.016764 45.90 390.06
282 0.016757 45.75 390.15
283 0.016750 45.83 389.96
284 0.016743 45.87 389.82
285 0.016736 45.92 389.67
286 0.016729 45.82 389.70
287 0.016722 45.80 389.63
288 0.016716 45.80 389.55
289 0.016709 45.72 389.54
290 0.016702 45.84 389.31
291 0.016695 45.84 389.22
292 0.016688 45.79 389.20
293 0.016681 45.84 389.03
294 0.016675 45.86 388.93
295 0.016668 45.88 388.82
296 0.016660 45.92 388.67
297 0.016653 45.86 388.64
298 0.016646 45.88 388.52
299 0.016638 45.81 388.50
301 0.016625 45.84 388.30
302 0.016619 45.78 388.29
303 0.016612 45.74 388.24
304 0.016605 45.73 388.16
305 0.016598 45.69 388.11
306 0.016593 45.74 387.99
307 0.016587 45.75 387.89
308 0.016580 45.65 387.91
309 0.016575 45.59 387.91
310 0.016568 45.56 387.86
311 0.016560 45.60 387.71
312 0.016551 45.50 387.71
313 0.016546 45.45 387.70
314 0.016539 45.42 387.64
315 0.016533 45.41 387.58
316 0.016527 45.40 387.50
317 0.016521 45.33 387.51
318 0.016514 45.24 387.52
319 0.016508 45.24 387.44
320 0.016502 45.25 387.34
321 0.016496 45.16 387.38
322 0.016491 45.17 387.29
323 0.016486 45.15 387.25
324 0.016481 45.16 387.17
325 0.016475 45.10 387.16
326 0.016470 45.09 387.11
327 0.016465 45.08 387.06
328 0.016461 44.94 387.16
329 0.016456 44.91 387.14
330 0.016452 44.98 387.00
331 0.016447 44.97 386.94
332 0.016442 44.95 386.89
333 0.016437 44.87 386.93
334 0.016432 44.86 386.87
335 0.016426 44.80 386.86
336 0.016422 44.71 386.91
337 0.016418 44.62 386.96
338 0.016415 44.59 386.95
339 0.016411 44.55 386.94
340 0.016406 44.52 386.91
341 0.016402 44.48 386.89
342 0.016397 44.49 386.83
343 0.016393 44.48 386.78
344 0.016390 44.57 386.64
345 0.016387 44.58 386.59
346 0.016384 44.62 386.51
347 0.016381 44.59 386.50
348 0.016377 44.56 386.47
349 0.016373 44.56 386.42
351 0.016367 44.53 386.37
352 0.016363 44.50 386.36
353 0.016360 44.49 386.34
354 0.016357 44.46 386.33
355 0.016354 44.48 386.26
356 0.016350 44.52 386.17
357 0.016347 44.46 386.20
358 0.016345 44.48 386.14
359 0.016342 44.45 386.14
360 0.016340 44.41 386.16
361 0.016337 44.36 386.18
362 0.016335 44.37 386.13
363 0.016332 44.35 386.12
364 0.016330 44.36 386.08
365 0.016328 44.36 386.05
366 0.016325 44.40 385.97
367 0.016323 44.41 385.93
368 0.016320 44.44 385.85
369 0.016318 44.48 385.77
370 0.016315 44.50 385.72
371 0.016312 44.45 385.74
372 0.016310 44.43 385.73
373 0.016307 44.41 385.71
374 0.016305 44.44 385.65
375 0.016303 44.48 385.58
376 0.016300 44.44 385.60
377 0.016298 44.47 385.52
378 0.016295 44.47 385.48
379 0.016293 44.44 385.50
380 0.016291 44.46 385.43
381 0.016289 44.49 385.38
382 0.016287 44.49 385.35
383 0.016285 44.47 385.35
384 0.016283 44.49 385.30
385 0.016281 44.46 385.32
386 0.016279 44.46 385.28
387 0.016277 44.49 385.22
388 0.016275 44.51 385.16
389 0.016273 44.49 385.16
390 0.016270 44.52 385.09
391 0.016268 44.55 385.02
392 0.016265 44.59 384.93
393 0.016262 44.58 384.91
394 0.016259 44.60 384.84
395 0.016256 44.60 384.81
396 0.016253 44.62 384.74
397 0.016250 44.65 384.67
398 0.016247 44.64 384.64
399 0.016244 44.67 384.57
401 0.016239 44.68 384.48
402 0.016236 44.65 384.47
403 0.016233 44.63 384.46
404 0.016230 44.61 384.45
405 0.016228 44.62 384.41
406 0.016225 44.60 384.39
407 0.016223 44.61 384.36
408 0.016221 44.65 384.29
409 0.016219 44.61 384.30
410 0.016217 44.61 384.27
411 0.016215 44.64 384.21
412 0.016213 44.64 384.18
413 0.016211 44.69 384.10
414 0.016209 44.68 384.08
415 0.016206 44.67 384.06
416 0.016204 44.66 384.05
417 0.016202 44.62 384.06
418 0.016201 44.57 384.09
419 0.016199 44.56 384.08
420 0.016197 44.58 384.04
421 0.016195 44.60 383.98
422 0.016193 44.60 383.96
423 0.016190 44.60 383.93
424 0.016188 44.57 383.92
425 0.016186 44.56 383.92
426 0.016184 44.55 383.90
427 0.016182 44.56 383.87
428 0.016181 44.56 383.84
429 0.016179 44.54 383.85
430 0.016178 44.56 383.81
431 0.016176 44.55 383.79
432 0.016175 44.54 383.79
433 0.016173 44.55 383.75
434 0.016172 44.55 383.73
435 0.016170 44.54 383.73
436 0.016168 44.55 383.69
437 0.016167 44.53 383.69
438 0.016165 44.50 383.71
439 0.016164 44.49 383.70
440 0.016163 44.48 383.69
441 0.016161 44.47 383.68
442 0.016160 44.47 383.67
443 0.016158 44.48 383.63
444 0.016157 44.47 383.63
445 0.016156 44.48 383.60
446 0.016154 44.47 383.58
447 0.016152 44.45 383.58
448 0.016151 44.44 383.58
449 0.016150 44.40 383.61
451 0.016147 44.33 383.65
452 0.016145 44.29 383.68
453 0.016144 44.26 383.69
454 0.016142 44.25 383.68
455 0.016141 44.23 383.69
456 0.016139 44.23 383.66
457 0.016138 44.21 383.68
458 0.016137 44.20 383.67
459 0.016136 44.19 383.67
460 0.016134 44.19 383.64
461 0.016132 44.22 383.59
462 0.016131 44.25 383.53
463 0.016129 44.28 383.47
464 0.016128 44.31 383.41
465 0.016126 44.31 383.40
466 0.016124 44.27 383.42
467 0.016123 44.20 383.47
468 0.016121 44.18 383.48
469 0.016119 44.13 383.51
470 0.016117 44.12 383.49
471 0.016115 44.13 383.46
472 0.016113 44.12 383.44
473 0.016111 44.14 383.40
474 0.016109 44.15 383.35
475 0.016108 44.16 383.32
476 0.016106 44.16 383.31
477 0.016105 44.15 383.30
478 0.016104 44.16 383.26
479 0.016102 44.14 383.26
480 0.016100 44.13 383.25
481 0.016099 44.11 383.26
482 0.016097 44.11 383.24
483 0.016096 44.09 383.24
484 0.016094 44.09 383.21
485 0.016093 44.11 383.17
486 0.016091 44.13 383.13
487 0.016089 44.13 383.11
488 0.016087 44.10 383.11
489 0.016085 44.10 383.09
490 0.016084 44.10 383.06
491 0.016083 44.11 383.04
492 0.016081 44.13 383.00
493 0.016080 44.14 382.97
494 0.016079 44.14 382.95
495 0.016077 44.12 382.96
496 0.016076 44.08 382.99
497 0.016075 44.06 383.01
498 0.016074 44.05 383.00
499 0.016073 44.07 382.96
501 0.016071 44.03 382.96
502 0.016069 44.02 382.96
503 0.016068 44.03 382.93
504 0.016066 44.04 382.90
505 0.016065 44.05 382.87
506 0.016063 44.06 382.83
507 0.016062 44.07 382.81
508 0.016060 44.06 382.79
509 0.016059 44.04 382.80
510 0.016058 44.04 382.79
511 0.016057 44.02 382.80
512 0.016056 44.03 382.76
513 0.016055 44.05 382.73
514 0.016053 44.05 382.71
515 0.016052 44.09 382.65
516 0.016051 44.12 382.60
517 0.016049 44.14 382.55
518 0.016048 44.11 382.56
519 0.016047 44.10 382.56
520 0.016045 44.09 382.55
521 0.016044 44.10 382.53
522 0.016043 44.10 382.52
523 0.016041 44.11 382.48
524 0.016040 44.12 382.45
525 0.016038 44.12 382.43
526 0.016037 44.12 382.41
527 0.016036 44.12 382.39
528 0.016034 44.11 382.39
529 0.016033 44.12 382.35
530 0.016031 44.15 382.30
531 0.016030 44.14 382.29
532 0.016029 44.13 382.29
533 0.016027 44.13 382.26
534 0.016026 44.12 382.26
535 0.016025 44.09 382.28
536 0.016023 44.10 382.24
537 0.016021 44.10 382.22
538 0.016020 44.12 382.18
539 0.016019 44.15 382.13
540 0.016018 44.14 382.12
541 0.016016 44.13 382.12
542 0.016015 44.10 382.14
543 0.016014 44.10 382.13
544 0.016013 44.10 382.10
545 0.016012 44.12 382.07
546 0.016010 44.12 382.05
547 0.016009 44.13 382.02
548 0.016008 44.12 382.01
549 0.016007 44.10 382.03
551 0.016005 44.09 382.02
552 0.016004 44.06 382.04
553 0.016003 44.07 382.01
554 0.016002 44.08 381.99
555 0.016001 44.08 381.97
556 0.016000 44.09 381.94
557 0.015998 44.09 381.92
558 0.015997 44.08 381.92
559 0.015996 44.07 381.92
560 0.015995 44.03 381.95
561 0.015994 44.02 381.95
562 0.015993 44.01 381.94
563 0.015992 44.02 381.91
564 0.015991 44.07 381.84
565 0.015990 44.10 381.80
566 0.015989 44.09 381.79
567 0.015988 44.08 381.79
568 0.015987 44.07 381.79
569 0.015986 44.06 381.79
570 0.015985 44.05 381.79
571 0.015984 44.05 381.77
572 0.015983 44.06 381.75
573 0.015982 44.05 381.75
574 0.015981 44.02 381.77
575 0.015980 44.02 381.76
576 0.015979 44.00 381.77
577 0.015979 43.99 381.76
578 0.015978 44.01 381.73
579 0.015977 44.03 381.70
580 0.015976 44.02 381.69
581 0.015974 44.04 381.65
582 0.015973 44.00 381.68
583 0.015972 43.99 381.69
584 0.015971 43.98 381.68
585 0.015970 43.97 381.68
586 0.015969 43.98 381.66
587 0.015969 43.99 381.63
588 0.015968 44.00 381.61
589 0.015967 44.01 381.59
590 0.015965 44.00 381.57
591 0.015964 44.03 381.53
592 0.015963 44.02 381.53
593 0.015962 44.01 381.53
594 0.015961 43.99 381.54
595 0.015960 43.97 381.55
596 0.015959 43.93 381.58
597 0.015959 43.93 381.57
598 0.015958 43.94 381.54
599 0.015957 43.96 381.51
601 0.015955 44.01 381.43
602 0.015955 44.01 381.42
603 0.015954 44.00 381.42
604 0.015953 43.99 381.42
605 0.015952 43.98 381.42
606 0.015951 44.01 381.38
607 0.015951 44.02 381.35
608 0.015950 44.05 381.32
609 0.015949 44.04 381.32
610 0.015948 44.02 381.32
611 0.015948 43.99 381.35
612 0.015947 43.96 381.37
613 0.015946 43.94 381.39
614 0.015946 43.93 381.39
615 0.015945 43.93 381.38
616 0.015944 43.93 381.36
617 0.015943 43.92 381.37
618 0.015942 43.91 381.37
619 0.015941 43.90 381.37
620 0.015941 43.90 381.36
621 0.015940 43.90 381.35
622 0.015939 43.90 381.34
623 0.015939 43.90 381.33
624 0.015938 43.90 381.32
625 0.015937 43.90 381.31
626 0.015937 43.91 381.29
627 0.015936 43.93 381.26
628 0.015935 43.94 381.24
629 0.015935 43.96 381.21
630 0.015934 43.95 381.20
631 0.015933 43.95 381.20
632 0.015932 43.93 381.21
633 0.015932 43.93 381.20
634 0.015931 43.94 381.19
635 0.015931 43.95 381.16
636 0.015930 43.98 381.13
637 0.015930 43.99 381.11
638 0.015929 43.98 381.11
639 0.015929 43.98 381.11
640 0.015928 43.97 381.11
641 0.015928 43.96 381.11
642 0.015927 43.97 381.10
643 0.015927 43.99 381.07
644 0.015926 43.99 381.06
645 0.015926 44.00 381.05
646 0.015925 43.99 381.05
647 0.015925 43.97 381.06
648 0.015924 43.96 381.07
649 0.015924 43.94 381.09
651 0.015923 43.95 381.06
652 0.015922 43.95 381.05
653 0.015922 43.97 381.03
654 0.015921 43.96 381.03
655 0.015921 43.95 381.03
656 0.015920 43.94 381.03
657 0.015920 43.93 381.04
658 0.015919 43.92 381.04
659 0.015919 43.91 381.06
660 0.015918 43.92 381.03
661 0.015918 43.91 381.04
662 0.015917 43.91 381.04
663 0.015917 43.90 381.04
664 0.015916 43.88 381.06
665 0.015916 43.86 381.07
666 0.015915 43.84 381.08
667 0.015915 43.83 381.10
668 0.015914 43.81 381.10
669 0.015914 43.82 381.09
670 0.015913 43.83 381.08
671 0.015913 43.83 381.06
672 0.015913 43.85 381.04
673 0.015912 43.85 381.03
674 0.015912 43.85 381.02
675 0.015911 43.86 381.01
676 0.015911 43.84 381.02
677 0.015910 43.86 381.00
678 0.015910 43.85 381.00
679 0.015910 43.85 380.99
680 0.015909 43.86 380.98
681 0.015909 43.86 380.98
682 0.015909 43.85 380.99
683 0.015908 43.83 380.99
684 0.015907 43.82 381.01
685 0.015907 43.81 381.01
686 0.015907 43.82 380.99
687 0.015906 43.83 380.97
688 0.015906 43.85 380.95
689 0.015905 43.85 380.94
690 0.015905 43.85 380.93
691 0.015905 43.85 380.93
692 0.015904 43.84 380.94
693 0.015904 43.83 380.94
694 0.015903 43.84 380.93
695 0.015903 43.84 380.92
696 0.015903 43.84 380.92
697 0.015902 43.83 380.92
698 0.015902 43.82 380.93
699 0.015902 43.81 380.94
701 0.015901 43.82 380.91
702 0.015901 43.83 380.89
703 0.015900 43.86 380.86
704 0.015900 43.85 380.86
705 0.015899 43.85 380.85
706 0.015899 43.84 380.86
707 0.015899 43.84 380.86
708 0.015898 43.84 380.85
709 0.015898 43.84 380.84
710 0.015898 43.86 380.82
711 0.015897 43.86 380.81
712 0.015897 43.86 380.81
713 0.015897 43.86 380.81
714 0.015896 43.86 380.81
715 0.015896 43.84 380.82
716 0.015896 43.85 380.81
717 0.015896 43.84 380.81
718 0.015895 43.83 380.82
719 0.015895 43.82 380.83
720 0.015895 43.80 380.85
721 0.015895 43.80 380.85
722 0.015894 43.80 380.85
723 0.015894 43.81 380.83
724 0.015894 43.82 380.81
725 0.015894 43.83 380.81
726 0.015893 43.82 380.81
727 0.015893 43.81 380.82
728 0.015893 43.80 380.83
729 0.015893 43.79 380.83
730 0.015892 43.80 380.82
731 0.015892 43.81 380.81
732 0.015892 43.82 380.79
733 0.015892 43.82 380.79
734 0.015892 43.81 380.79
735 0.015891 43.81 380.80
736 0.015891 43.80 380.81
737 0.015891 43.80 380.80
738 0.015891 43.81 380.78
739 0.015890 43.83 380.75
740 0.015890 43.85 380.73
741 0.015890 43.85 380.73
742 0.015890 43.84 380.73
743 0.015890 43.82 380.76
744 0.015889 43.81 380.77
745 0.015889 43.79 380.78
746 0.015889 43.79 380.77
747 0.015888 43.80 380.76
748 0.015888 43.81 380.74
749 0.015888 43.82 380.73
751 0.015887 43.82 380.73
752 0.015887 43.81 380.73
753 0.015887 43.81 380.73
754 0.015887 43.81 380.72
755 0.015886 43.83 380.71
756 0.015886 43.83 380.70
757 0.015886 43.83 380.70
758 0.015886 43.82 380.70
759 0.015886 43.81 380.71
760 0.015885 43.81 380.72
761 0.015885 43.80 380.72
762 0.015885 43.80 380.71
763 0.015884 43.80 380.71
764 0.015884 43.79 380.71
765 0.015884 43.79 380.72
766 0.015884 43.77 380.73
767 0.015883 43.75 380.75
768 0.015883 43.75 380.75
769 0.015883 43.75 380.74
770 0.015883 43.77 380.73
771 0.015883 43.79 380.70
772 0.015882 43.79 380.69
773 0.015882 43.80 380.68
774 0.015882 43.79 380.69
775 0.015882 43.78 380.70
776 0.015881 43.77 380.70
777 0.015881 43.77 380.70
778 0.015881 43.78 380.69
779 0.015881 43.79 380.68
780 0.015881 43.79 380.67
781 0.015881 43.79 380.67
782 0.015880 43.79 380.67
783 0.015880 43.79 380.67
784 0.015880 43.79 380.66
785 0.015880 43.80 380.65
786 0.015880 43.80 380.64
787 0.015879 43.80 380.65
788 0.015879 43.78 380.66
789 0.015879 43.77 380.67
790 0.015879 43.76 380.68
791 0.015879 43.76 380.68
792 0.015879 43.77 380.66
793 0.015879 43.79 380.65
794 0.015878 43.80 380.63
795 0.015878 43.80 380.63
796 0.015878 43.79 380.64
797 0.015878 43.77 380.65
798 0.015878 43.76 380.67
799 0.015878 43.75 380.68
801 0.015877 43.76 380.66
802 0.015877 43.77 380.65
803 0.015877 43.77 380.64
804 0.015877 43.76 380.65
805 0.015876 43.75 380.66
806 0.015876 43.74 380.67
807 0.015876 43.73 380.67
808 0.015876 43.74 380.66
809 0.015876 43.76 380.64
810 0.015876 43.77 380.63
811 0.015875 43.78 380.61
812 0.015875 43.79 380.60
813 0.015875 43.80 380.58
814 0.015875 43.80 380.58
815 0.015875 43.80 380.58
816 0.015874 43.80 380.57
817 0.015874 43.80 380.57
818 0.015874 43.81 380.56
819 0.015874 43.80 380.57
820 0.015874 43.79 380.57
821 0.015874 43.78 380.59
822 0.015873 43.77 380.59
823 0.015873 43.77 380.59
824 0.015873 43.77 380.58
825 0.015873 43.78 380.57
826 0.015873 43.79 380.57
827 0.015873 43.79 380.56
828 0.015872 43.79 380.56
829 0.015872 43.79 380.56
830 0.015872 43.78 380.56
831 0.015872 43.79 380.56
832 0.015872 43.79 380.55
833 0.015872 43.79 380.54
834 0.015871 43.80 380.53
835 0.015871 43.80 380.53
836 0.015871 43.79 380.54
837 0.015871 43.79 380.54
838 0.015871 43.79 380.54
839 0.015871 43.78 380.54
840 0.015870 43.80 380.52
841 0.015870 43.80 380.52
842 0.015870 43.79 380.52
843 0.015870 43.78 380.53
844 0.015870 43.77 380.55
845 0.015870 43.75 380.56
846 0.015869 43.75 380.56
847 0.015869 43.75 380.56
848 0.015869 43.76 380.55
849 0.015869 43.76 380.55
851 0.015869 43.75 380.55
852 0.015869 43.74 380.56
853 0.015869 43.74 380.57
854 0.015868 43.73 380.57
855 0.015868 43.73 380.57
856 0.015868 43.74 380.56
857 0.015868 43.74 380.55
858 0.015868 43.75 380.55
859 0.015868 43.74 380.55
860 0.015868 43.73 380.56
861 0.015867 43.72 380.57
862 0.015867 43.71 380.58
863 0.015867 43.71 380.58
864 0.015867 43.71 380.57
865 0.015867 43.72 380.56
866 0.015867 43.73 380.55
867 0.015867 43.73 380.55
868 0.015867 43.73 380.55
869 0.015866 43.73 380.55
870 0.015866 43.72 380.56
871 0.015866 43.72 380.55
872 0.015866 43.73 380.55
873 0.015866 43.73 380.54
874 0.015866 43.74 380.53
875 0.015866 43.74 380.53
876 0.015866 43.74 380.52
877 0.015866 43.74 380.52
878 0.015866 43.74 380.52
879 0.015865 43.74 380.52
880 0.015865 43.74 380.52
881 0.015865 43.74 380.52
882 0.015865 43.73 380.52
883 0.015865 43.72 380.53
884 0.015865 43.72 380.53
885 0.015865 43.72 380.54
886 0.015864 43.71 380.54
887 0.015864 43.72 380.53
888 0.015864 43.72 380.53
889 0.015864 43.72 380.52
890 0.015864 43.73 380.52
891 0.015864 43.73 380.51
892 0.015864 43.72 380.51
893 0.015864 43.72 380.52
894 0.015863 43.72 380.51
895 0.015863 43.72 380.51
896 0.015863 43.73 380.50
897 0.015863 43.74 380.49
898 0.015863 43.74 380.48
899 0.015863 43.74 380.48
901 0.015863 43.74 380.48
902 0.015863 43.73 380.49
903 0.015862 43.73 380.48
904 0.015862 43.73 380.48
905 0.015862 43.74 380.48
906 0.015862 43.73 380.48
907 0.015862 43.73 380.49
908 0.015862 43.72 380.49
909 0.015862 43.71 380.50
910 0.015862 43.71 380.50
911 0.015862 43.71 380.50
912 0.015861 43.71 380.50
913 0.015861 43.71 380.50
914 0.015861 43.72 380.49
915 0.015861 43.71 380.49
916 0.015861 43.71 380.49
917 0.015861 43.71 380.50
918 0.015861 43.70 380.50
919 0.015861 43.70 380.50
920 0.015861 43.70 380.49
921 0.015861 43.71 380.49
922 0.015860 43.72 380.48
923 0.015860 43.72 380.47
924 0.015860 43.72 380.47
925 0.015860 43.72 380.47
926 0.015860 43.72 380.47
927 0.015860 43.71 380.48
928 0.015860 43.71 380.48
929 0.015860 43.70 380.48
930 0.015860 43.70 380.48
931 0.015859 43.70 380.48
932 0.015859 43.71 380.47
933 0.015859 43.71 380.47
934 0.015859 43.72 380.46
935 0.015859 43.72 380.46
936 0.015859 43.72 380.46
937 0.015859 43.71 380.46
938 0.015859 43.71 380.46
939 0.015859 43.71 380.46
940 0.015858 43.70 380.47
941 0.015858 43.71 380.46
942 0.015858 43.71 380.45
943 0.015858 43.72 380.44
944 0.015858 43.72 380.44
945 0.015858 43.72 380.44
946 0.015858 43.71 380.44
947 0.015858 43.71 380.45
948 0.015858 43.70 380.46
949 0.015857 43.70 380.46
951 0.015857 43.70 380.45
952 0.015857 43.70 380.45
953 0.015857 43.70 380.45
954 0.015857 43.71 380.44
955 0.015857 43.71 380.43
956 0.015857 43.72 380.42
957 0.015857 43.73 380.41
958 0.015856 43.73 380.41
959 0.015856 43.73 380.40
960 0.015856 43.73 380.40
961 0.015856 43.73 380.40
962 0.015856 43.73 380.40
963 0.015856 43.73 380.40
964 0.015856 43.73 380.40
965 0.015856 43.73 380.40
966 0.015856 43.73 380.40
967 0.015855 43.72 380.41
968 0.015855 43.73 380.40
969 0.015855 43.72 380.40
970 0.015855 43.73 380.39
971 0.015855 43.73 380.38
972 0.015855 43.74 380.37
973 0.015855 43.74 380.37
974 0.015854 43.75 380.36
975 0.015854 43.74 380.36
976 0.015854 43.74 380.37
977 0.015854 43.73 380.37
978 0.015854 43.73 380.37
979 0.015854 43.73 380.37
980 0.015854 43.73 380.36
981 0.015854 43.74 380.36
982 0.015853 43.74 380.36
983 0.015853 43.73 380.36
984 0.015853 43.73 380.36
985 0.015853 43.73 380.36
986 0.015853 43.73 380.36
987 0.015853 43.73 380.36
988 0.015853 43.74 380.34
989 0.015853 43.74 380.34
990 0.015852 43.74 380.34
991 0.015852 43.74 380.34
992 0.015852 43.74 380.34
993 0.015852 43.74 380.34
994 0.015852 43.74 380.34
995 0.015852 43.73 380.34
996 0.015852 43.73 380.34
997 0.015852 43.72 380.35
998 0.015852 43.73 380.34
999 0.015851 43.73 380.34
