0.529177 1.1910168844983104
0.5616936984924623 1.0764396300722296
0.5942103969849246 -0.44049489813335185
0.6267270954773869 -1.0573309217019755
0.6592437939698492 -0.12386359404302993
0.6917604924623115 0.8257007833242938
0.7242771909547738 0.5077713760119877
0.7567938894472361 -0.463742327936302
0.7893105879396984 -0.7052902001270809
0.8218272864321609 0.02047835212999871
0.8543439849246232 0.6781837739702041
0.8868606834170855 0.43283546827842656
0.9193773819095478 -0.36643346132336774
0.9518940804020101 -0.7428193089122601
0.9844107788944724 -0.2536992331150145
1.0169274773869346 0.6033305816629877
1.049444175879397 0.9666726012594609
1.0819608743718594 0.375692179336113
1.1144775728643217 -0.9925489274169763
1.146994271356784 -2.6256362817495074
1.1795109698492463 -4.082551471298586
1.2120276683417086 -5.172140711631926
1.244544366834171 -5.894910688624975
1.2770610653266332 -6.315581697195967
1.3095777638190955 -6.491577464374529
1.3420944623115578 -6.467934354195677
1.3746111608040201 -6.292007360101763
1.4071278592964824 -6.015607177610661
1.4396445577889447 -5.6853309045604306
1.472161256281407 -5.334652882140176
1.5046779547738693 -4.98385123534149
1.5371946532663316 -4.6440502989265156
1.569711351758794 -4.320133443279531
1.6022280502512563 -4.011525152944671
1.6347447487437186 -3.713027268853807
1.6672614472361809 -3.4172173654459357
1.6997781457286432 -3.117489328618092
1.7322948442211055 -2.809754339772269
1.7648115427135678 -2.4919920448248263
1.79732824120603 -2.1627722251215005
1.8298449396984924 -1.82068466399096
1.8623616381909547 -1.46572792141518
1.894878336683417 -1.1019917500110523
1.9273950351758793 -0.7397900443109506
1.9599117336683418 -0.3955404981489892
1.9924284321608041 -0.08892612096371977
2.024945130653266 0.1616600308203715
2.0574618291457285 0.3435547016636633
2.089978527638191 0.4524776464977549
2.122495226130653 0.4926437587776604
2.1550119246231154 0.4746813423057574
2.1875286231155777 0.4124517805366281
2.22004532160804 0.32000923834783634
2.2525620201005023 0.20956077163441478
2.2850787185929646 0.09067915322043518
2.317595417085427 -0.02950405036904158
2.3501121155778892 -0.145649077629173
2.3826288140703515 -0.25358528260665025
2.4151455125628143 -0.34997539760706786
2.4476622110552766 -0.43227629842607485
2.480178909547739 -0.49884536669026147
2.512695608040201 -0.5490131651810657
2.5452123065326635 -0.5830169088026764
2.577729005025126 -0.6017977198340532
2.610245703517588 -0.6067437921823853
2.6427624020100504 -0.5994785177844619
2.6752791005025127 -0.5817525517146009
2.707795798994975 -0.55543330179745
2.7403124974874373 -0.5225320130351747
2.7728291959798996 -0.48519270486627875
2.805345894472362 -0.44559248465742485
2.8378625929648242 -0.4057534397556424
2.8703792914572865 -0.3673169410821515
2.902895989949749 -0.3313588298551622
2.935412688442211 -0.29831744780904046
2.9679293869346735 -0.2680696307588164
3.0004460854271358 -0.24013830158270366
3.032962783919598 -0.213969470516588
3.0654794824120604 -0.1891931062040726
3.0979961809045227 -0.1657889833096533
3.130512879396985 -0.14411157818580023
3.1630295778894473 -0.12477482798811934
3.1955462763819096 -0.10844176063164923
3.228062974874372 -0.09559136301800208
3.260579673366834 -0.08633789602743036
3.2930963718592965 -0.0803570080348095
3.325613070351759 -0.07693674562142405
3.358129768844221 -0.07513238171702596
3.3906464673366834 -0.07397422099450068
3.4231631658291457 -0.07266557975930255
3.455679864321608 -0.07071615231944861
3.4881965628140703 -0.06797983145838771
3.5207132613065326 -0.06459712303603737
3.553229959798995 -0.06087050068509825
3.5857466582914572 -0.0571180448520181
3.6182633567839195 -0.05355229632505143
3.650780055276382 -0.05021829834078062
3.683296753768844 -0.04700257211868575
3.7158134522613064 -0.04370097478977186
3.7483301507537687 -0.04011561283880383
3.780846849246231 -0.03614435403017069
3.8133635477386933 -0.031832231243697606
3.8458802462311557 -0.027369369224288675
3.878396944723618 -0.023039295086562106
3.9109136432160803 -0.019138003364560063
3.9434303417085426 -0.01589259583107605
3.975947040201005 -0.013406334804642484
4.008463738693467 -0.01164581604268733
4.0409804371859295 -0.010470071720419583
4.073497135678392 -0.009686671478220887
4.106013834170854 -0.009111644204892855
4.138530532663316 -0.008611147841293132
4.171047231155779 -0.008112557178492352
4.203563929648241 -0.007586931705247935
4.236080628140703 -0.007017659908058249
4.268597326633166 -0.006375821289736905
4.301114025125628 -0.0056185552925285265
4.33363072361809 -0.004713799204239422
4.3661474221105525 -0.0036786515031508316
4.398664120603015 -0.00260715030145775
4.431180819095477 -0.0016633398865906202
4.463697517587939 -0.001029621577799844
4.496214216080402 -0.0008243037778470352
4.528730914572864 -0.0010253050104438444
4.561247613065326 -0.0014456470298114255
4.593764311557789 -0.0017908059089677408
4.626281010050251 -0.0017888157634047275
4.658797708542713 -0.0013364956398618233
4.6913144070351755 -0.0005765061863485244
4.723831105527638 0.00016231231637675592
4.7563478040201 0.0005557650012519844
4.7888645025125625 0.0005003943394399357
4.821381201005025 0.0001901106263062502
4.853897899497487 -4.8430317121983535e-5
4.886414597989949 -5.892393693329723e-5
4.918931296482412 1.7316720516191708e-5
4.951447994974874 1.0218595718924917e-5
4.983964693467336 -1.885995970951626e-6
5.016481391959799 0.0
5.048998090452261 0.0
5.081514788944723 0.0
5.1140314874371855 0.0
5.146548185929648 0.0
5.179064884422111 0.0
5.211581582914573 0.0
5.244098281407036 0.0
5.276614979899498 0.0
5.30913167839196 0.0
5.3416483768844225 0.0
5.374165075376885 0.0
5.406681773869347 0.0
5.439198472361809 0.0
5.471715170854272 0.0
5.504231869346734 0.0
5.536748567839196 0.0
5.569265266331659 0.0
5.601781964824121 0.0
5.634298663316583 0.0
5.6668153618090455 0.0
5.699332060301508 0.0
5.73184875879397 0.0
5.7643654572864325 0.0
5.796882155778895 0.0
5.829398854271357 0.0
5.861915552763819 0.0
5.894432251256282 0.0
5.926948949748744 0.0
5.959465648241206 0.0
5.991982346733669 0.0
6.024499045226131 0.0
6.057015743718593 0.0
6.0895324422110555 0.0
6.122049140703518 0.0
6.15456583919598 0.0
6.187082537688442 0.0
6.219599236180905 0.0
6.252115934673367 0.0
6.284632633165829 0.0
6.317149331658292 0.0
6.349666030150754 0.0
6.382182728643216 0.0
6.4146994271356785 0.0
6.447216125628141 0.0
6.479732824120603 0.0
6.5122495226130654 0.0
6.544766221105528 0.0
6.57728291959799 0.0
6.609799618090452 0.0
6.642316316582915 0.0
6.674833015075377 0.0
6.707349713567839 0.0
6.739866412060302 0.0
6.772383110552764 0.0
6.804899809045226 0.0
6.8374165075376885 0.0
6.869933206030151 0.0
6.902449904522613 0.0
6.934966603015075 0.0
6.967483301507538 0.0
7.0 0.0
