1 0.251237 364.44 1434.35
2 0.188004 254.63 1454.46
3 0.172191 229.53 1431.48
4 0.158044 212.75 1390.09
5 0.142090 190.83 1344.85
6 0.140143 192.18 1329.23
7 0.136965 188.66 1317.28
8 0.132025 182.01 1300.87
9 0.129416 177.52 1294.15
10 0.124800 174.68 1270.06
11 0.119242 169.02 1245.39
12 0.117225 166.14 1238.05
13 0.113664 162.26 1222.09
14 0.108520 158.02 1195.27
15 0.099735 152.40 1143.85
16 0.094858 152.00 1107.93
17 0.089125 149.61 1068.67
18 0.085569 144.16 1052.76
19 0.081129 144.40 1015.71
20 0.076081 141.39 979.90
21 0.074260 154.17 930.73
22 0.071680 154.03 907.27
23 0.067683 152.17 874.47
24 0.066400 149.87 868.59
25 0.064167 146.86 855.22
26 0.062308 142.72 848.39
27 0.059134 138.55 827.86
28 0.054488 127.18 810.38
29 0.052149 122.89 796.77
30 0.051320 119.45 796.64
31 0.050324 116.44 793.43
32 0.048909 115.96 779.33
33 0.047422 114.10 767.59
34 0.045804 110.93 757.35
35 0.044866 109.73 749.70
36 0.043740 107.05 743.37
37 0.042470 105.98 731.28
38 0.041501 107.99 714.95
39 0.040978 105.70 714.44
40 0.040377 103.53 712.57
41 0.039455 102.15 704.86
42 0.038446 99.07 700.00
43 0.037651 96.63 696.02
44 0.036794 94.47 690.46
45 0.036218 94.36 683.59
46 0.035512 93.52 676.70
47 0.034748 92.71 668.92
48 0.033920 90.38 663.69
49 0.032978 88.55 655.70
51 0.032241 86.77 650.08
52 0.031699 84.99 646.90
53 0.031075 83.52 641.89
54 0.030461 83.90 632.86
55 0.029638 83.08 623.54
56 0.029196 81.14 621.77
57 0.028646 79.59 617.59
58 0.028109 79.04 611.33
59 0.027819 77.98 609.57
60 0.027403 76.92 606.00
61 0.026979 76.12 601.72
62 0.026641 76.07 597.03
63 0.026283 74.96 594.26
64 0.025996 74.00 592.15
65 0.025602 73.09 588.37
66 0.025123 71.87 583.95
67 0.024761 70.91 580.63
68 0.024411 70.39 576.54
69 0.024023 70.06 571.46
70 0.023610 69.85 565.72
71 0.023538 68.86 566.66
72 0.023411 68.56 565.35
73 0.023196 68.17 562.91
74 0.022879 67.29 559.89
75 0.022487 67.05 554.39
76 0.022208 66.40 551.42
77 0.022027 65.90 549.61
78 0.021760 65.87 545.52
79 0.021542 64.85 544.16
80 0.021287 64.04 541.77
81 0.021054 62.95 540.26
82 0.020770 63.14 535.40
83 0.020686 62.91 534.50
84 0.020544 62.79 532.47
85 0.020365 62.59 530.02
86 0.020104 62.49 526.01
87 0.019856 61.73 523.49
88 0.019731 62.15 520.62
89 0.019538 61.78 518.19
90 0.019295 60.92 515.90
91 0.019055 60.48 512.82
92 0.018838 59.75 510.64
93 0.018648 59.54 507.87
94 0.018458 58.85 506.02
95 0.018197 57.96 503.34
96 0.017931 57.09 500.51
97 0.017757 56.85 498.00
98 0.017553 56.63 494.90
99 0.017387 56.13 493.02
101 0.017055 55.86 487.77
102 0.016890 55.83 484.94
103 0.016736 55.61 482.66
104 0.016575 55.55 479.95
105 0.016457 55.43 478.08
106 0.016339 54.78 477.23
107 0.016225 54.43 475.86
108 0.016099 54.11 474.21
109 0.015988 54.23 472.00
110 0.015864 53.53 471.08
111 0.015758 53.02 470.14
112 0.015648 52.46 469.20
113 0.015589 52.83 467.42
114 0.015501 52.83 465.82
115 0.015391 52.56 464.32
116 0.015289 52.67 462.26
117 0.015224 52.73 460.93
118 0.015139 52.56 459.68
119 0.015047 52.18 458.71
120 0.014955 51.77 457.77
121 0.014894 51.93 456.35
122 0.014810 51.96 454.72
123 0.014726 51.69 453.66
124 0.014654 51.39 452.86
125 0.014585 51.56 451.26
126 0.014502 51.39 450.01
127 0.014428 50.87 449.60
128 0.014347 50.93 447.96
129 0.014260 50.87 446.41
130 0.014177 50.19 446.11
131 0.014123 50.77 443.99
132 0.014054 50.52 443.15
133 0.013975 50.05 442.51
134 0.013937 49.42 442.96
135 0.013883 49.48 441.82
136 0.013815 49.27 440.90
137 0.013760 49.36 439.66
138 0.013716 49.55 438.47
139 0.013658 49.39 437.64
140 0.013596 48.98 437.20
141 0.013542 48.74 436.59
142 0.013494 48.67 435.79
143 0.013447 48.74 434.74
144 0.013416 48.63 434.33
145 0.013375 48.50 433.78
146 0.013321 48.18 433.31
147 0.013256 47.83 432.69
148 0.013212 47.52 432.38
149 0.013164 47.16 432.11
151 0.013061 47.22 429.96
152 0.013013 47.36 428.75
153 0.012973 47.38 427.92
154 0.012926 47.39 426.98
155 0.012874 47.23 426.23
156 0.012830 47.05 425.68
157 0.012780 46.99 424.79
158 0.012732 46.75 424.28
159 0.012687 46.59 423.68
160 0.012647 46.51 423.02
161 0.012604 46.37 422.40
162 0.012573 45.81 422.79
163 0.012539 45.62 422.45
164 0.012506 45.70 421.66
165 0.012476 45.60 421.23
166 0.012444 45.56 420.66
167 0.012405 45.53 419.91
168 0.012378 45.48 419.45
169 0.012350 45.53 418.79
170 0.012318 45.67 417.90
171 0.012297 45.87 417.09
172 0.012269 45.86 416.53
173 0.012234 45.78 415.98
174 0.012201 45.66 415.53
175 0.012172 45.55 415.14
176 0.012140 45.53 414.52
177 0.012109 45.39 414.13
178 0.012082 45.30 413.73
179 0.012051 45.27 413.16
180 0.012021 45.11 412.84
181 0.011997 45.11 412.34
182 0.011971 45.03 411.94
183 0.011951 44.88 411.80
184 0.011938 44.81 411.68
185 0.011921 44.73 411.46
186 0.011901 44.64 411.23
187 0.011887 44.54 411.10
188 0.011867 44.50 410.77
189 0.011847 44.38 410.57
190 0.011829 44.32 410.32
191 0.011811 44.22 410.11
192 0.011788 44.16 409.74
193 0.011776 44.16 409.49
194 0.011761 44.10 409.29
195 0.011748 44.05 409.10
196 0.011738 44.08 408.84
197 0.011723 44.06 408.56
198 0.011704 44.05 408.19
199 0.011688 44.05 407.85
201 0.011660 43.89 407.55
202 0.011644 43.87 407.26
203 0.011629 43.74 407.19
204 0.011614 43.62 407.08
205 0.011600 43.52 406.97
206 0.011583 43.45 406.74
207 0.011568 43.30 406.69
208 0.011554 43.15 406.66
209 0.011535 43.05 406.44
210 0.011522 42.97 406.32
211 0.011510 42.90 406.19
212 0.011503 42.76 406.30
213 0.011494 42.77 406.07
214 0.011483 42.77 405.85
215 0.011472 42.73 405.69
216 0.011462 42.54 405.81
217 0.011449 42.49 405.62
218 0.011437 42.33 405.65
219 0.011429 42.41 405.35
220 0.011422 42.34 405.32
221 0.011414 42.35 405.14
222 0.011407 42.21 405.22
223 0.011399 42.21 405.06
224 0.011389 42.20 404.89
225 0.011379 42.09 404.87
226 0.011370 41.96 404.89
227 0.011361 41.81 404.95
228 0.011351 41.83 404.72
229 0.011344 41.81 404.62
230 0.011335 41.83 404.39
231 0.011324 41.80 404.20
232 0.011311 41.84 403.86
233 0.011304 41.96 403.51
234 0.011294 41.93 403.35
235 0.011284 41.93 403.13
236 0.011279 41.90 403.07
237 0.011272 41.88 402.97
238 0.011262 41.90 402.72
239 0.011250 41.89 402.49
240 0.011245 41.91 402.34
241 0.011236 41.89 402.19
242 0.011228 41.90 402.01
243 0.011221 41.83 401.99
244 0.011212 41.85 401.75
245 0.011199 41.90 401.40
246 0.011188 41.86 401.24
247 0.011179 41.88 400.99
248 0.011169 41.88 400.78
249 0.011158 41.80 400.69
251 0.011142 41.70 400.54
252 0.011134 41.70 400.35
253 0.011126 41.67 400.25
254 0.011117 41.66 400.05
255 0.011109 41.67 399.86
256 0.011102 41.57 399.90
257 0.011096 41.47 399.96
258 0.011090 41.51 399.75
259 0.011083 41.51 399.60
260 0.011076 41.51 399.45
261 0.011068 41.47 399.36
262 0.011059 41.37 399.32
263 0.011050 41.49 398.93
264 0.011042 41.48 398.78
265 0.011034 41.48 398.62
266 0.011028 41.58 398.31
267 0.011020 41.58 398.15
268 0.011016 41.55 398.11
269 0.011010 41.49 398.08
270 0.011004 41.57 397.82
271 0.010998 41.61 397.63
272 0.010991 41.59 397.49
273 0.010982 41.56 397.37
274 0.010974 41.52 397.27
275 0.010968 41.50 397.15
276 0.010961 41.43 397.14
277 0.010954 41.51 396.86
278 0.010948 41.59 396.57
279 0.010940 41.64 396.32
280 0.010933 41.54 396.36
281 0.010928 41.53 396.26
282 0.010922 41.51 396.16
283 0.010917 41.44 396.18
284 0.010911 41.42 396.09
285 0.010905 41.48 395.85
286 0.010900 41.54 395.64
287 0.010896 41.53 395.56
288 0.010890 41.58 395.36
289 0.010883 41.56 395.23
290 0.010876 41.49 395.19
291 0.010870 41.45 395.15
292 0.010864 41.44 395.04
293 0.010859 41.39 395.02
294 0.010853 41.40 394.88
295 0.010847 41.34 394.84
296 0.010842 41.34 394.74
297 0.010836 41.28 394.72
298 0.010831 41.21 394.73
299 0.010827 41.19 394.67
301 0.010816 41.25 394.34
302 0.010811 41.38 394.01
303 0.010807 41.33 394.01
304 0.010802 41.29 393.97
305 0.010796 41.23 393.96
306 0.010792 41.18 393.95
307 0.010786 41.15 393.87
308 0.010780 41.15 393.75
309 0.010775 41.14 393.64
310 0.010770 41.20 393.43
311 0.010765 41.27 393.19
312 0.010761 41.31 393.05
313 0.010757 41.25 393.06
314 0.010752 41.14 393.14
315 0.010747 41.07 393.16
316 0.010742 41.06 393.08
317 0.010738 41.02 393.04
318 0.010732 41.07 392.85
319 0.010728 41.09 392.71
320 0.010722 41.12 392.54
321 0.010716 41.14 392.38
322 0.010711 41.11 392.30
323 0.010706 41.11 392.21
324 0.010702 41.14 392.08
325 0.010698 41.20 391.87
326 0.010693 41.23 391.70
327 0.010688 41.17 391.71
328 0.010683 41.26 391.43
329 0.010678 41.21 391.43
330 0.010674 41.12 391.49
331 0.010670 41.19 391.28
332 0.010666 41.19 391.20
333 0.010661 41.21 391.06
334 0.010657 41.28 390.84
335 0.010653 41.22 390.86
336 0.010648 41.16 390.86
337 0.010644 41.11 390.85
338 0.010641 41.07 390.85
339 0.010638 41.06 390.82
340 0.010635 41.10 390.68
341 0.010632 41.14 390.54
342 0.010629 41.18 390.41
343 0.010626 41.15 390.40
344 0.010624 41.17 390.32
345 0.010621 41.17 390.25
346 0.010617 41.13 390.23
347 0.010614 41.15 390.13
348 0.010611 41.10 390.15
349 0.010607 41.08 390.10
351 0.010600 40.97 390.14
352 0.010596 41.00 390.01
353 0.010593 41.00 389.94
354 0.010590 41.00 389.87
355 0.010586 41.01 389.77
356 0.010583 40.96 389.80
357 0.010580 40.93 389.78
358 0.010577 40.92 389.72
359 0.010572 40.91 389.64
360 0.010570 40.90 389.60
361 0.010566 40.90 389.54
362 0.010563 40.91 389.44
363 0.010561 40.84 389.52
364 0.010559 40.83 389.49
365 0.010556 40.81 389.46
366 0.010553 40.80 389.42
367 0.010551 40.76 389.43
368 0.010548 40.80 389.32
369 0.010547 40.81 389.25
370 0.010544 40.80 389.23
371 0.010542 40.81 389.14
372 0.010539 40.86 389.01
373 0.010536 40.82 389.01
374 0.010534 40.82 388.97
375 0.010531 40.80 388.94
376 0.010529 40.73 389.00
377 0.010526 40.74 388.95
378 0.010524 40.78 388.81
379 0.010521 40.81 388.69
380 0.010518 40.85 388.57
381 0.010516 40.84 388.52
382 0.010513 40.84 388.48
383 0.010511 40.80 388.50
384 0.010508 40.80 388.43
385 0.010506 40.77 388.43
386 0.010504 40.81 388.32
387 0.010502 40.84 388.23
388 0.010499 40.86 388.14
389 0.010497 40.86 388.10
390 0.010495 40.88 388.02
391 0.010492 40.88 387.95
392 0.010490 40.88 387.90
393 0.010488 40.85 387.90
394 0.010485 40.81 387.92
395 0.010483 40.82 387.85
396 0.010481 40.80 387.84
397 0.010479 40.80 387.78
398 0.010477 40.79 387.75
399 0.010475 40.83 387.66
401 0.010471 40.79 387.64
402 0.010470 40.78 387.63
403 0.010467 40.78 387.59
404 0.010465 40.78 387.51
405 0.010463 40.81 387.44
406 0.010462 40.83 387.36
407 0.010460 40.83 387.33
408 0.010458 40.86 387.24
409 0.010457 40.84 387.24
410 0.010455 40.82 387.22
411 0.010453 40.83 387.17
412 0.010451 40.85 387.10
413 0.010449 40.85 387.04
414 0.010447 40.87 386.96
415 0.010445 40.86 386.94
416 0.010443 40.85 386.92
417 0.010441 40.83 386.91
418 0.010439 40.79 386.92
419 0.010436 40.77 386.90
420 0.010433 40.75 386.87
421 0.010430 40.76 386.79
422 0.010428 40.76 386.75
423 0.010426 40.77 386.68
424 0.010424 40.76 386.65
425 0.010421 40.77 386.58
426 0.010418 40.79 386.49
427 0.010416 40.78 386.44
428 0.010413 40.80 386.36
429 0.010411 40.82 386.26
430 0.010409 40.84 386.18
431 0.010407 40.80 386.20
432 0.010404 40.80 386.16
433 0.010402 40.76 386.18
434 0.010400 40.73 386.18
435 0.010397 40.71 386.16
436 0.010395 40.68 386.17
437 0.010393 40.69 386.11
438 0.010391 40.70 386.03
439 0.010389 40.70 385.99
440 0.010386 40.72 385.90
441 0.010384 40.75 385.80
442 0.010382 40.77 385.70
443 0.010379 40.79 385.62
444 0.010377 40.75 385.65
445 0.010376 40.79 385.54
446 0.010374 40.76 385.57
447 0.010372 40.72 385.60
448 0.010370 40.70 385.58
449 0.010368 40.70 385.54
451 0.010364 40.75 385.35
452 0.010361 40.73 385.33
453 0.010359 40.76 385.21
454 0.010356 40.76 385.16
455 0.010355 40.75 385.14
456 0.010353 40.76 385.10
457 0.010350 40.77 385.02
458 0.010349 40.73 385.05
459 0.010347 40.70 385.07
460 0.010346 40.68 385.07
461 0.010343 40.67 385.05
462 0.010341 40.63 385.06
463 0.010339 40.63 385.01
464 0.010337 40.66 384.92
465 0.010335 40.64 384.91
466 0.010334 40.66 384.84
467 0.010332 40.62 384.86
468 0.010330 40.62 384.83
469 0.010328 40.61 384.80
470 0.010326 40.62 384.74
471 0.010324 40.65 384.65
472 0.010323 40.66 384.60
473 0.010320 40.65 384.57
474 0.010318 40.62 384.58
475 0.010316 40.57 384.62
476 0.010314 40.55 384.62
477 0.010313 40.54 384.59
478 0.010311 40.55 384.53
479 0.010309 40.60 384.41
480 0.010307 40.59 384.37
481 0.010305 40.62 384.29
482 0.010304 40.56 384.35
483 0.010302 40.56 384.32
484 0.010301 40.52 384.37
485 0.010299 40.50 384.37
486 0.010298 40.51 384.31
487 0.010296 40.51 384.28
488 0.010294 40.50 384.25
489 0.010292 40.51 384.19
490 0.010291 40.52 384.14
491 0.010290 40.54 384.09
492 0.010289 40.54 384.05
493 0.010288 40.54 384.03
494 0.010286 40.55 383.99
495 0.010284 40.54 383.97
496 0.010282 40.48 384.02
497 0.010280 40.49 383.97
498 0.010278 40.48 383.93
499 0.010276 40.46 383.93
501 0.010273 40.45 383.87
502 0.010271 40.44 383.84
503 0.010269 40.43 383.83
504 0.010268 40.42 383.80
505 0.010266 40.46 383.70
506 0.010264 40.48 383.63
507 0.010263 40.49 383.58
508 0.010261 40.48 383.55
509 0.010259 40.45 383.58
510 0.010258 40.39 383.63
511 0.010256 40.38 383.62
512 0.010254 40.36 383.61
513 0.010253 40.40 383.51
514 0.010252 40.40 383.48
515 0.010250 40.38 383.48
516 0.010248 40.36 383.48
517 0.010247 40.40 383.38
518 0.010245 40.36 383.41
519 0.010244 40.36 383.38
520 0.010243 40.36 383.35
521 0.010241 40.36 383.32
522 0.010240 40.35 383.30
523 0.010238 40.33 383.31
524 0.010237 40.31 383.31
525 0.010236 40.30 383.30
526 0.010235 40.30 383.27
527 0.010234 40.36 383.15
528 0.010232 40.35 383.15
529 0.010231 40.35 383.11
530 0.010230 40.34 383.10
531 0.010229 40.30 383.14
532 0.010228 40.28 383.16
533 0.010227 40.26 383.17
534 0.010225 40.25 383.15
535 0.010224 40.28 383.07
536 0.010222 40.30 383.01
537 0.010221 40.31 382.97
538 0.010220 40.32 382.93
539 0.010219 40.30 382.93
540 0.010218 40.28 382.95
541 0.010217 40.27 382.95
542 0.010216 40.26 382.94
543 0.010215 40.23 382.97
544 0.010214 40.24 382.94
545 0.010214 40.24 382.91
546 0.010213 40.25 382.88
547 0.010212 40.26 382.84
548 0.010211 40.24 382.86
549 0.010210 40.25 382.81
551 0.010208 40.21 382.84
552 0.010207 40.18 382.87
553 0.010206 40.17 382.87
554 0.010206 40.19 382.83
555 0.010205 40.20 382.79
556 0.010204 40.22 382.74
557 0.010203 40.22 382.73
558 0.010203 40.21 382.72
559 0.010202 40.21 382.72
560 0.010201 40.19 382.73
561 0.010201 40.19 382.71
562 0.010200 40.18 382.72
563 0.010199 40.19 382.69
564 0.010199 40.18 382.69
565 0.010198 40.18 382.67
566 0.010197 40.17 382.68
567 0.010196 40.18 382.63
568 0.010195 40.19 382.61
569 0.010195 40.19 382.59
570 0.010194 40.20 382.55
571 0.010193 40.17 382.58
572 0.010192 40.14 382.62
573 0.010192 40.13 382.62
574 0.010191 40.11 382.63
575 0.010190 40.12 382.61
576 0.010189 40.14 382.56
577 0.010188 40.15 382.52
578 0.010187 40.15 382.49
579 0.010187 40.13 382.51
580 0.010186 40.12 382.52
581 0.010185 40.10 382.52
582 0.010184 40.10 382.51
583 0.010183 40.11 382.47
584 0.010182 40.13 382.42
585 0.010182 40.13 382.41
586 0.010181 40.13 382.39
587 0.010180 40.12 382.38
588 0.010180 40.12 382.37
589 0.010179 40.12 382.35
590 0.010178 40.12 382.34
591 0.010178 40.13 382.31
592 0.010177 40.13 382.29
593 0.010177 40.13 382.28
594 0.010176 40.12 382.29
595 0.010175 40.12 382.28
596 0.010175 40.14 382.24
597 0.010174 40.14 382.21
598 0.010174 40.15 382.19
599 0.010173 40.17 382.14
601 0.010172 40.15 382.16
602 0.010172 40.15 382.15
603 0.010171 40.14 382.16
604 0.010171 40.14 382.14
605 0.010171 40.15 382.13
606 0.010170 40.15 382.10
607 0.010170 40.14 382.11
608 0.010169 40.14 382.10
609 0.010169 40.14 382.09
610 0.010169 40.15 382.08
611 0.010168 40.14 382.08
612 0.010168 40.14 382.07
613 0.010167 40.14 382.06
614 0.010167 40.15 382.04
615 0.010166 40.14 382.03
616 0.010166 40.14 382.02
617 0.010165 40.15 382.00
618 0.010164 40.13 382.00
619 0.010164 40.11 382.03
620 0.010163 40.09 382.06
621 0.010163 40.07 382.07
622 0.010162 40.05 382.10
623 0.010161 40.06 382.07
624 0.010161 40.07 382.03
625 0.010160 40.08 382.01
626 0.010160 40.11 381.95
627 0.010159 40.10 381.95
628 0.010159 40.08 381.98
629 0.010158 40.08 381.97
630 0.010158 40.07 381.97
631 0.010157 40.08 381.94
632 0.010157 40.10 381.90
633 0.010156 40.11 381.87
634 0.010156 40.11 381.86
635 0.010156 40.10 381.88
636 0.010155 40.08 381.90
637 0.010155 40.06 381.92
638 0.010154 40.05 381.93
639 0.010154 40.05 381.92
640 0.010154 40.06 381.90
641 0.010153 40.06 381.88
642 0.010153 40.06 381.88
643 0.010152 40.06 381.87
644 0.010152 40.06 381.86
645 0.010151 40.05 381.86
646 0.010151 40.06 381.83
647 0.010150 40.07 381.81
648 0.010150 40.08 381.78
649 0.010149 40.08 381.77
651 0.010148 40.07 381.76
652 0.010148 40.07 381.76
653 0.010148 40.07 381.74
654 0.010147 40.08 381.72
655 0.010146 40.07 381.71
656 0.010146 40.08 381.70
657 0.010146 40.07 381.70
658 0.010145 40.07 381.69
659 0.010145 40.07 381.68
660 0.010144 40.08 381.66
661 0.010144 40.08 381.65
662 0.010143 40.08 381.63
663 0.010143 40.08 381.62
664 0.010143 40.07 381.64
665 0.010142 40.06 381.64
666 0.010142 40.05 381.64
667 0.010141 40.06 381.63
668 0.010141 40.07 381.60
669 0.010140 40.08 381.56
670 0.010140 40.09 381.54
671 0.010139 40.09 381.53
672 0.010139 40.07 381.54
673 0.010138 40.06 381.55
674 0.010138 40.05 381.56
675 0.010138 40.04 381.58
676 0.010137 40.03 381.58
677 0.010137 40.03 381.57
678 0.010136 40.02 381.58
679 0.010136 40.03 381.55
680 0.010135 40.03 381.55
681 0.010135 40.03 381.53
682 0.010135 40.03 381.53
683 0.010134 40.04 381.49
684 0.010134 40.05 381.48
685 0.010133 40.05 381.46
686 0.010133 40.07 381.43
687 0.010133 40.06 381.42
688 0.010132 40.06 381.41
689 0.010132 40.07 381.40
690 0.010132 40.06 381.40
691 0.010131 40.06 381.39
692 0.010131 40.06 381.39
693 0.010130 40.05 381.40
694 0.010130 40.06 381.37
695 0.010130 40.06 381.36
696 0.010129 40.07 381.34
697 0.010129 40.08 381.31
698 0.010129 40.09 381.29
699 0.010128 40.07 381.31
701 0.010128 40.05 381.33
702 0.010127 40.05 381.32
703 0.010127 40.05 381.31
704 0.010127 40.06 381.29
705 0.010126 40.06 381.28
706 0.010126 40.07 381.27
707 0.010126 40.06 381.27
708 0.010125 40.07 381.25
709 0.010125 40.06 381.26
710 0.010125 40.07 381.23
711 0.010124 40.08 381.21
712 0.010124 40.08 381.20
713 0.010124 40.09 381.19
714 0.010124 40.08 381.19
715 0.010123 40.07 381.20
716 0.010123 40.06 381.21
717 0.010123 40.06 381.20
718 0.010122 40.07 381.18
719 0.010122 40.07 381.17
720 0.010121 40.08 381.14
721 0.010121 40.07 381.15
722 0.010121 40.06 381.16
723 0.010120 40.04 381.18
724 0.010120 40.02 381.21
725 0.010120 40.01 381.23
726 0.010120 40.00 381.24
727 0.010119 40.00 381.24
728 0.010119 39.99 381.24
729 0.010119 40.00 381.23
730 0.010118 40.00 381.22
731 0.010118 40.00 381.21
732 0.010118 39.99 381.21
733 0.010117 39.98 381.22
734 0.010117 39.98 381.22
735 0.010117 39.97 381.24
736 0.010116 39.96 381.23
737 0.010116 39.96 381.23
738 0.010116 39.96 381.22
739 0.010116 39.96 381.23
740 0.010115 39.96 381.22
741 0.010115 39.95 381.22
742 0.010115 39.95 381.22
743 0.010114 39.94 381.23
744 0.010114 39.94 381.23
745 0.010114 39.93 381.23
746 0.010113 39.92 381.25
747 0.010113 39.91 381.25
748 0.010113 39.90 381.26
749 0.010112 39.89 381.27
751 0.010112 39.89 381.26
752 0.010111 39.89 381.26
753 0.010111 39.89 381.24
754 0.010111 39.88 381.24
755 0.010110 39.89 381.23
756 0.010110 39.88 381.23
757 0.010110 39.88 381.23
758 0.010110 39.88 381.22
759 0.010110 39.88 381.23
760 0.010109 39.88 381.22
761 0.010109 39.88 381.22
762 0.010109 39.87 381.22
763 0.010109 39.86 381.24
764 0.010108 39.86 381.24
765 0.010108 39.85 381.24
766 0.010108 39.84 381.25
767 0.010107 39.84 381.25
768 0.010107 39.83 381.25
769 0.010107 39.82 381.26
770 0.010106 39.81 381.27
771 0.010106 39.81 381.26
772 0.010106 39.81 381.27
773 0.010105 39.81 381.25
774 0.010105 39.82 381.22
775 0.010105 39.84 381.18
776 0.010104 39.84 381.18
777 0.010104 39.83 381.19
778 0.010104 39.82 381.20
779 0.010103 39.80 381.23
780 0.010103 39.77 381.26
781 0.010102 39.76 381.28
782 0.010102 39.76 381.27
783 0.010102 39.74 381.29
784 0.010101 39.73 381.30
785 0.010101 39.75 381.26
786 0.010101 39.75 381.25
787 0.010100 39.76 381.23
788 0.010100 39.77 381.21
789 0.010099 39.78 381.17
790 0.010099 39.77 381.18
791 0.010099 39.75 381.21
792 0.010098 39.73 381.23
793 0.010098 39.74 381.21
794 0.010098 39.74 381.21
795 0.010097 39.75 381.17
796 0.010097 39.75 381.17
797 0.010097 39.76 381.15
798 0.010096 39.74 381.16
799 0.010096 39.75 381.15
801 0.010095 39.73 381.17
802 0.010095 39.73 381.15
803 0.010095 39.71 381.18
804 0.010094 39.71 381.18
805 0.010094 39.71 381.18
806 0.010094 39.70 381.19
807 0.010093 39.71 381.16
808 0.010093 39.72 381.14
809 0.010093 39.71 381.14
810 0.010092 39.71 381.13
811 0.010092 39.72 381.11
812 0.010092 39.71 381.13
813 0.010092 39.72 381.09
814 0.010091 39.72 381.10
815 0.010091 39.74 381.06
816 0.010091 39.74 381.04
817 0.010090 39.75 381.02
818 0.010090 39.75 381.02
819 0.010090 39.75 381.02
820 0.010090 39.74 381.03
821 0.010089 39.73 381.03
822 0.010089 39.73 381.03
823 0.010089 39.74 381.01
824 0.010088 39.73 381.01
825 0.010088 39.73 381.01
826 0.010088 39.73 381.00
827 0.010087 39.72 381.01
828 0.010087 39.71 381.01
829 0.010087 39.72 380.99
830 0.010086 39.73 380.97
831 0.010086 39.71 380.99
832 0.010086 39.73 380.96
833 0.010086 39.72 380.97
834 0.010085 39.71 380.99
835 0.010085 39.70 380.98
836 0.010085 39.71 380.97
837 0.010084 39.71 380.96
838 0.010084 39.70 380.96
839 0.010084 39.69 380.98
840 0.010083 39.68 380.99
841 0.010083 39.65 381.02
842 0.010083 39.65 381.03
843 0.010082 39.66 381.00
844 0.010082 39.67 380.97
845 0.010082 39.69 380.92
846 0.010081 39.71 380.89
847 0.010081 39.71 380.88
848 0.010081 39.70 380.89
849 0.010081 39.69 380.90
851 0.010080 39.67 380.94
852 0.010080 39.66 380.94
853 0.010080 39.67 380.93
854 0.010079 39.67 380.92
855 0.010079 39.67 380.90
856 0.010079 39.67 380.90
857 0.010079 39.67 380.90
858 0.010078 39.67 380.90
859 0.010078 39.66 380.90
860 0.010078 39.65 380.92
861 0.010078 39.65 380.92
862 0.010077 39.64 380.92
863 0.010077 39.64 380.93
864 0.010077 39.65 380.90
865 0.010077 39.65 380.90
866 0.010077 39.65 380.88
867 0.010076 39.66 380.86
868 0.010076 39.66 380.86
869 0.010076 39.65 380.86
870 0.010076 39.65 380.86
871 0.010075 39.65 380.86
872 0.010075 39.65 380.85
873 0.010075 39.65 380.84
874 0.010075 39.66 380.82
875 0.010074 39.66 380.82
876 0.010074 39.65 380.82
877 0.010074 39.65 380.83
878 0.010073 39.64 380.84
879 0.010073 39.63 380.85
880 0.010073 39.63 380.85
881 0.010073 39.63 380.84
882 0.010072 39.63 380.83
883 0.010072 39.63 380.82
884 0.010072 39.64 380.81
885 0.010072 39.64 380.80
886 0.010071 39.64 380.79
887 0.010071 39.64 380.78
888 0.010071 39.63 380.79
889 0.010071 39.63 380.80
890 0.010071 39.63 380.80
891 0.010071 39.62 380.81
892 0.010070 39.62 380.80
893 0.010070 39.62 380.80
894 0.010070 39.62 380.79
895 0.010070 39.62 380.78
896 0.010070 39.62 380.79
897 0.010069 39.61 380.79
898 0.010069 39.60 380.81
899 0.010069 39.59 380.82
901 0.010068 39.59 380.82
902 0.010068 39.59 380.80
903 0.010068 39.60 380.78
904 0.010068 39.60 380.77
905 0.010067 39.60 380.76
906 0.010067 39.59 380.77
907 0.010067 39.59 380.78
908 0.010067 39.58 380.78
909 0.010067 39.59 380.77
910 0.010066 39.59 380.76
911 0.010066 39.60 380.75
912 0.010066 39.60 380.74
913 0.010066 39.59 380.75
914 0.010066 39.58 380.77
915 0.010065 39.57 380.78
916 0.010065 39.56 380.79
917 0.010065 39.56 380.79
918 0.010065 39.57 380.77
919 0.010065 39.57 380.75
920 0.010065 39.58 380.74
921 0.010064 39.58 380.74
922 0.010064 39.57 380.76
923 0.010064 39.56 380.77
924 0.010064 39.55 380.78
925 0.010064 39.54 380.78
926 0.010063 39.55 380.77
927 0.010063 39.55 380.76
928 0.010063 39.56 380.75
929 0.010063 39.55 380.75
930 0.010063 39.55 380.75
931 0.010063 39.54 380.77
932 0.010063 39.54 380.77
933 0.010062 39.54 380.76
934 0.010062 39.55 380.74
935 0.010062 39.56 380.72
936 0.010062 39.57 380.70
937 0.010062 39.57 380.70
938 0.010062 39.56 380.71
939 0.010061 39.55 380.71
940 0.010061 39.54 380.73
941 0.010061 39.54 380.72
942 0.010061 39.55 380.72
943 0.010061 39.55 380.71
944 0.010061 39.56 380.69
945 0.010061 39.56 380.69
946 0.010060 39.56 380.68
947 0.010060 39.56 380.68
948 0.010060 39.56 380.67
949 0.010060 39.56 380.67
951 0.010060 39.57 380.65
952 0.010060 39.57 380.65
953 0.010060 39.57 380.64
954 0.010059 39.57 380.64
955 0.010059 39.56 380.65
956 0.010059 39.56 380.65
957 0.010059 39.56 380.65
958 0.010059 39.56 380.64
959 0.010059 39.56 380.64
960 0.010059 39.56 380.64
961 0.010059 39.56 380.63
962 0.010058 39.56 380.65
963 0.010058 39.55 380.65
964 0.010058 39.55 380.65
965 0.010058 39.54 380.66
966 0.010058 39.55 380.65
967 0.010058 39.55 380.65
968 0.010058 39.55 380.64
969 0.010058 39.55 380.63
970 0.010058 39.56 380.63
971 0.010058 39.55 380.63
972 0.010058 39.55 380.63
973 0.010057 39.55 380.63
974 0.010057 39.55 380.63
975 0.010057 39.55 380.63
976 0.010057 39.55 380.62
977 0.010057 39.55 380.62
978 0.010057 39.56 380.61
979 0.010057 39.56 380.61
980 0.010057 39.56 380.61
981 0.010057 39.55 380.61
982 0.010057 39.55 380.61
983 0.010057 39.55 380.62
984 0.010057 39.55 380.62
985 0.010056 39.55 380.61
986 0.010056 39.55 380.61
987 0.010056 39.56 380.59
988 0.010056 39.57 380.57
989 0.010056 39.58 380.56
990 0.010056 39.58 380.54
991 0.010056 39.58 380.54
992 0.010056 39.58 380.54
993 0.010056 39.58 380.54
994 0.010056 39.58 380.54
995 0.010056 39.58 380.54
996 0.010055 39.58 380.54
997 0.010055 39.58 380.53
998 0.010055 39.59 380.51
999 0.010055 39.60 380.50
1001 0.010055 39.61 380.48
1002 0.010055 39.60 380.48
1003 0.010055 39.60 380.48
1004 0.010055 39.60 380.49
1005 0.010054 39.59 380.49
1006 0.010054 39.60 380.48
1007 0.010054 39.60 380.48
1008 0.010054 39.61 380.46
1009 0.010054 39.61 380.46
1010 0.010054 39.61 380.45
1011 0.010054 39.61 380.45
1012 0.010054 39.61 380.45
1013 0.010054 39.61 380.46
1014 0.010054 39.60 380.47
1015 0.010054 39.59 380.47
1016 0.010054 39.58 380.49
1017 0.010054 39.58 380.50
1018 0.010053 39.57 380.51
1019 0.010053 39.57 380.51
1020 0.010053 39.57 380.50
1021 0.010053 39.57 380.50
1022 0.010053 39.57 380.50
1023 0.010053 39.57 380.50
1024 0.010053 39.57 380.51
1025 0.010053 39.57 380.51
1026 0.010053 39.57 380.50
1027 0.010053 39.57 380.50
1028 0.010053 39.57 380.49
1029 0.010053 39.58 380.48
1030 0.010053 39.58 380.47
1031 0.010052 39.58 380.47
1032 0.010052 39.58 380.47
1033 0.010052 39.57 380.48
1034 0.010052 39.57 380.48
1035 0.010052 39.57 380.49
1036 0.010052 39.57 380.48
1037 0.010052 39.57 380.48
1038 0.010052 39.57 380.47
1039 0.010052 39.57 380.47
1040 0.010052 39.58 380.47
1041 0.010052 39.57 380.47
1042 0.010052 39.57 380.47
1043 0.010052 39.57 380.47
1044 0.010052 39.57 380.47
1045 0.010052 39.57 380.48
1046 0.010052 39.56 380.48
1047 0.010051 39.57 380.47
1048 0.010051 39.56 380.47
1049 0.010051 39.57 380.47
1051 0.010051 39.57 380.46
1052 0.010051 39.57 380.46
1053 0.010051 39.57 380.46
1054 0.010051 39.57 380.46
1055 0.010051 39.57 380.46
1056 0.010051 39.57 380.46
1057 0.010051 39.57 380.45
1058 0.010051 39.57 380.45
1059 0.010051 39.57 380.45
1060 0.010051 39.57 380.44
1061 0.010051 39.57 380.44
1062 0.010051 39.57 380.44
1063 0.010051 39.57 380.44
1064 0.010051 39.57 380.44
1065 0.010050 39.57 380.45
1066 0.010050 39.56 380.45
1067 0.010050 39.56 380.45
1068 0.010050 39.56 380.45
1069 0.010050 39.56 380.45
1070 0.010050 39.56 380.45
1071 0.010050 39.56 380.45
1072 0.010050 39.56 380.46
1073 0.010050 39.56 380.45
1074 0.010050 39.56 380.45
1075 0.010050 39.56 380.44
1076 0.010050 39.57 380.43
1077 0.010050 39.57 380.43
1078 0.010050 39.57 380.43
1079 0.010050 39.57 380.43
1080 0.010050 39.56 380.43
1081 0.010050 39.56 380.43
1082 0.010049 39.56 380.43
1083 0.010049 39.56 380.43
1084 0.010049 39.57 380.42
1085 0.010049 39.57 380.42
1086 0.010049 39.57 380.42
1087 0.010049 39.57 380.42
1088 0.010049 39.56 380.42
1089 0.010049 39.56 380.43
1090 0.010049 39.56 380.43
1091 0.010049 39.56 380.43
1092 0.010049 39.56 380.42
1093 0.010049 39.57 380.41
1094 0.010049 39.57 380.40
1095 0.010049 39.57 380.41
1096 0.010049 39.57 380.41
1097 0.010049 39.56 380.41
1098 0.010049 39.56 380.41
1099 0.010048 39.56 380.41
1101 0.010048 39.58 380.38
1102 0.010048 39.59 380.36
1103 0.010048 39.59 380.36
1104 0.010048 39.58 380.37
1105 0.010048 39.58 380.37
1106 0.010048 39.57 380.39
1107 0.010048 39.56 380.39
1108 0.010048 39.56 380.40
1109 0.010048 39.57 380.39
1110 0.010048 39.57 380.38
1111 0.010048 39.57 380.37
1112 0.010048 39.57 380.37
1113 0.010047 39.57 380.38
1114 0.010047 39.56 380.38
1115 0.010047 39.56 380.39
1116 0.010047 39.56 380.39
1117 0.010047 39.56 380.38
1118 0.010047 39.56 380.38
1119 0.010047 39.56 380.38
1120 0.010047 39.56 380.37
1121 0.010047 39.56 380.38
1122 0.010047 39.56 380.39
1123 0.010047 39.55 380.39
1124 0.010047 39.55 380.40
1125 0.010047 39.55 380.39
1126 0.010047 39.55 380.39
1127 0.010046 39.56 380.38
1128 0.010046 39.56 380.37
1129 0.010046 39.55 380.38
1130 0.010046 39.55 380.38
1131 0.010046 39.54 380.39
1132 0.010046 39.54 380.40
1133 0.010046 39.54 380.40
1134 0.010046 39.54 380.39
1135 0.010046 39.55 380.37
1136 0.010046 39.56 380.35
1137 0.010046 39.57 380.34
1138 0.010046 39.57 380.34
1139 0.010046 39.57 380.33
1140 0.010046 39.57 380.34
1141 0.010046 39.57 380.34
1142 0.010045 39.56 380.34
1143 0.010045 39.56 380.35
1144 0.010045 39.56 380.35
1145 0.010045 39.55 380.35
1146 0.010045 39.55 380.36
1147 0.010045 39.55 380.36
1148 0.010045 39.55 380.36
1149 0.010045 39.54 380.37
1151 0.010045 39.53 380.38
1152 0.010045 39.53 380.38
1153 0.010045 39.53 380.39
1154 0.010045 39.53 380.38
1155 0.010045 39.53 380.39
1156 0.010045 39.53 380.38
1157 0.010044 39.53 380.37
1158 0.010044 39.53 380.37
1159 0.010044 39.54 380.36
1160 0.010044 39.54 380.36
1161 0.010044 39.54 380.36
1162 0.010044 39.53 380.36
1163 0.010044 39.53 380.37
1164 0.010044 39.53 380.37
1165 0.010044 39.52 380.37
1166 0.010044 39.52 380.37
1167 0.010044 39.52 380.37
1168 0.010044 39.53 380.36
1169 0.010044 39.53 380.35
1170 0.010044 39.54 380.34
1171 0.010044 39.54 380.33
1172 0.010044 39.54 380.33
1173 0.010043 39.54 380.33
1174 0.010043 39.54 380.33
1175 0.010043 39.54 380.33
1176 0.010043 39.54 380.33
1177 0.010043 39.54 380.33
1178 0.010043 39.54 380.33
1179 0.010043 39.54 380.33
1180 0.010043 39.54 380.32
1181 0.010043 39.55 380.32
1182 0.010043 39.55 380.31
1183 0.010043 39.55 380.32
1184 0.010043 39.55 380.32
1185 0.010043 39.54 380.32
1186 0.010043 39.54 380.33
1187 0.010043 39.53 380.33
1188 0.010043 39.54 380.32
1189 0.010043 39.54 380.32
1190 0.010043 39.54 380.31
1191 0.010043 39.55 380.31
1192 0.010043 39.55 380.30
1193 0.010043 39.55 380.30
1194 0.010042 39.55 380.30
1195 0.010042 39.55 380.30
1196 0.010042 39.55 380.29
1197 0.010042 39.55 380.29
1198 0.010042 39.55 380.29
1199 0.010042 39.55 380.28
1201 0.010042 39.55 380.29
1202 0.010042 39.55 380.29
1203 0.010042 39.55 380.29
1204 0.010042 39.55 380.29
1205 0.010042 39.55 380.29
1206 0.010042 39.55 380.28
1207 0.010042 39.55 380.28
1208 0.010042 39.55 380.28
1209 0.010042 39.55 380.29
1210 0.010042 39.55 380.28
1211 0.010042 39.55 380.29
1212 0.010042 39.55 380.28
1213 0.010042 39.55 380.28
1214 0.010042 39.55 380.27
1215 0.010042 39.55 380.27
1216 0.010042 39.56 380.26
1217 0.010041 39.56 380.26
1218 0.010041 39.56 380.26
1219 0.010041 39.56 380.26
1220 0.010041 39.56 380.26
1221 0.010041 39.56 380.26
1222 0.010041 39.56 380.26
1223 0.010041 39.56 380.26
1224 0.010041 39.56 380.25
1225 0.010041 39.56 380.25
1226 0.010041 39.56 380.24
1227 0.010041 39.57 380.24
1228 0.010041 39.57 380.24
1229 0.010041 39.57 380.23
1230 0.010041 39.57 380.24
1231 0.010041 39.56 380.24
1232 0.010041 39.56 380.25
1233 0.010041 39.56 380.25
1234 0.010041 39.55 380.26
1235 0.010041 39.55 380.26
1236 0.010041 39.55 380.26
1237 0.010041 39.55 380.26
1238 0.010041 39.55 380.26
1239 0.010041 39.55 380.26
1240 0.010041 39.55 380.26
1241 0.010041 39.54 380.26
1242 0.010041 39.54 380.27
1243 0.010041 39.54 380.27
1244 0.010040 39.54 380.28
1245 0.010040 39.54 380.27
1246 0.010040 39.54 380.26
1247 0.010040 39.55 380.25
1248 0.010040 39.55 380.24
1249 0.010040 39.56 380.24
1251 0.010040 39.56 380.23
1252 0.010040 39.56 380.23
1253 0.010040 39.56 380.22
1254 0.010040 39.56 380.22
1255 0.010040 39.57 380.21
1256 0.010040 39.57 380.21
1257 0.010040 39.57 380.21
1258 0.010040 39.57 380.21
1259 0.010040 39.57 380.21
1260 0.010040 39.56 380.21
1261 0.010040 39.56 380.21
1262 0.010040 39.56 380.21
1263 0.010040 39.56 380.21
1264 0.010040 39.56 380.21
1265 0.010040 39.56 380.21
1266 0.010040 39.56 380.21
1267 0.010040 39.56 380.21
1268 0.010040 39.56 380.20
1269 0.010039 39.57 380.20
1270 0.010039 39.56 380.20
1271 0.010039 39.57 380.20
1272 0.010039 39.57 380.20
1273 0.010039 39.57 380.20
1274 0.010039 39.57 380.20
1275 0.010039 39.57 380.20
1276 0.010039 39.57 380.20
1277 0.010039 39.57 380.19
1278 0.010039 39.57 380.19
1279 0.010039 39.57 380.19
1280 0.010039 39.57 380.18
1281 0.010039 39.57 380.18
1282 0.010039 39.57 380.18
1283 0.010039 39.57 380.18
1284 0.010039 39.57 380.18
1285 0.010039 39.57 380.18
1286 0.010039 39.57 380.19
1287 0.010039 39.57 380.18
1288 0.010039 39.57 380.18
1289 0.010039 39.57 380.18
1290 0.010039 39.57 380.17
1291 0.010039 39.57 380.17
1292 0.010039 39.57 380.17
1293 0.010039 39.57 380.17
1294 0.010039 39.57 380.17
1295 0.010039 39.57 380.17
1296 0.010039 39.57 380.17
1297 0.010038 39.57 380.16
1298 0.010038 39.58 380.16
1299 0.010038 39.58 380.15
1301 0.010038 39.58 380.14
1302 0.010038 39.58 380.14
1303 0.010038 39.58 380.14
1304 0.010038 39.58 380.14
1305 0.010038 39.59 380.14
1306 0.010038 39.59 380.13
1307 0.010038 39.59 380.12
1308 0.010038 39.59 380.12
1309 0.010038 39.59 380.12
1310 0.010038 39.59 380.12
1311 0.010038 39.59 380.12
1312 0.010038 39.59 380.13
1313 0.010038 39.59 380.13
1314 0.010038 39.59 380.12
1315 0.010038 39.59 380.12
1316 0.010038 39.59 380.11
1317 0.010038 39.59 380.11
1318 0.010038 39.59 380.11
1319 0.010038 39.59 380.11
1320 0.010038 39.59 380.11
1321 0.010038 39.59 380.11
1322 0.010038 39.59 380.11
1323 0.010037 39.60 380.10
1324 0.010037 39.60 380.09
1325 0.010037 39.60 380.09
1326 0.010037 39.60 380.09
1327 0.010037 39.60 380.09
1328 0.010037 39.60 380.09
1329 0.010037 39.60 380.09
1330 0.010037 39.60 380.08
1331 0.010037 39.60 380.08
1332 0.010037 39.61 380.07
1333 0.010037 39.60 380.08
1334 0.010037 39.60 380.08
1335 0.010037 39.60 380.08
1336 0.010037 39.60 380.09
1337 0.010037 39.60 380.08
1338 0.010037 39.60 380.08
1339 0.010037 39.60 380.08
1340 0.010037 39.60 380.07
1341 0.010037 39.61 380.07
1342 0.010037 39.60 380.08
1343 0.010037 39.60 380.08
1344 0.010037 39.60 380.08
1345 0.010037 39.60 380.08
1346 0.010037 39.60 380.08
1347 0.010037 39.60 380.07
1348 0.010036 39.60 380.07
1349 0.010036 39.61 380.06
1351 0.010036 39.61 380.05
1352 0.010036 39.61 380.05
1353 0.010036 39.61 380.05
1354 0.010036 39.61 380.05
1355 0.010036 39.61 380.04
1356 0.010036 39.62 380.04
1357 0.010036 39.62 380.03
1358 0.010036 39.62 380.02
1359 0.010036 39.62 380.02
1360 0.010036 39.63 380.01
1361 0.010036 39.63 380.01
1362 0.010036 39.63 380.01
1363 0.010036 39.63 380.01
1364 0.010036 39.63 380.01
1365 0.010036 39.63 380.01
1366 0.010036 39.63 380.01
1367 0.010036 39.63 380.00
1368 0.010036 39.63 380.01
1369 0.010036 39.63 380.01
1370 0.010036 39.63 380.01
1371 0.010036 39.63 380.01
1372 0.010036 39.62 380.01
1373 0.010036 39.63 380.01
1374 0.010035 39.62 380.01
1375 0.010035 39.63 380.00
1376 0.010035 39.63 380.00
1377 0.010035 39.63 380.00
1378 0.010035 39.63 380.00
1379 0.010035 39.63 379.99
1380 0.010035 39.63 380.00
1381 0.010035 39.63 379.99
1382 0.010035 39.63 380.00
1383 0.010035 39.63 380.00
1384 0.010035 39.63 379.99
1385 0.010035 39.63 379.99
1386 0.010035 39.63 379.99
1387 0.010035 39.63 379.99
1388 0.010035 39.63 379.99
1389 0.010035 39.63 379.99
1390 0.010035 39.63 379.99
1391 0.010035 39.63 379.98
1392 0.010035 39.64 379.97
1393 0.010035 39.64 379.96
1394 0.010035 39.64 379.96
1395 0.010035 39.64 379.96
1396 0.010035 39.64 379.96
1397 0.010035 39.64 379.96
1398 0.010035 39.64 379.96
1399 0.010035 39.64 379.96
1401 0.010034 39.64 379.96
1402 0.010034 39.64 379.96
1403 0.010034 39.63 379.97
1404 0.010034 39.64 379.96
1405 0.010034 39.63 379.97
1406 0.010034 39.63 379.96
1407 0.010034 39.63 379.96
1408 0.010034 39.63 379.96
1409 0.010034 39.63 379.97
1410 0.010034 39.63 379.97
1411 0.010034 39.63 379.97
1412 0.010034 39.63 379.97
1413 0.010034 39.63 379.97
1414 0.010034 39.63 379.97
1415 0.010034 39.63 379.96
1416 0.010034 39.63 379.96
1417 0.010034 39.63 379.96
1418 0.010034 39.63 379.96
1419 0.010034 39.64 379.96
1420 0.010034 39.63 379.96
1421 0.010034 39.64 379.95
1422 0.010034 39.64 379.95
1423 0.010034 39.64 379.95
1424 0.010034 39.64 379.95
1425 0.010034 39.64 379.94
1426 0.010034 39.64 379.94
1427 0.010034 39.64 379.94
1428 0.010034 39.64 379.94
1429 0.010034 39.64 379.95
1430 0.010034 39.63 379.95
1431 0.010034 39.63 379.96
1432 0.010034 39.63 379.96
1433 0.010034 39.63 379.96
1434 0.010034 39.63 379.96
1435 0.010034 39.63 379.96
1436 0.010034 39.63 379.96
1437 0.010034 39.62 379.97
1438 0.010034 39.62 379.97
1439 0.010033 39.62 379.97
1440 0.010033 39.62 379.97
1441 0.010033 39.62 379.97
1442 0.010033 39.63 379.96
1443 0.010033 39.63 379.95
1444 0.010033 39.63 379.95
1445 0.010033 39.63 379.95
1446 0.010033 39.63 379.95
1447 0.010033 39.63 379.95
1448 0.010033 39.63 379.95
1449 0.010033 39.63 379.95
1451 0.010033 39.63 379.95
1452 0.010033 39.63 379.95
1453 0.010033 39.63 379.94
1454 0.010033 39.63 379.94
1455 0.010033 39.63 379.94
1456 0.010033 39.63 379.94
1457 0.010033 39.63 379.94
1458 0.010033 39.63 379.94
1459 0.010033 39.63 379.93
1460 0.010033 39.64 379.93
1461 0.010033 39.64 379.93
1462 0.010033 39.64 379.93
1463 0.010033 39.64 379.93
1464 0.010033 39.64 379.93
1465 0.010033 39.63 379.93
1466 0.010033 39.64 379.93
1467 0.010033 39.64 379.92
1468 0.010033 39.64 379.92
1469 0.010033 39.64 379.92
1470 0.010033 39.64 379.91
1471 0.010033 39.65 379.90
1472 0.010033 39.65 379.90
1473 0.010033 39.65 379.90
1474 0.010032 39.65 379.90
1475 0.010032 39.65 379.90
1476 0.010032 39.65 379.90
1477 0.010032 39.65 379.90
1478 0.010032 39.64 379.90
1479 0.010032 39.64 379.91
1480 0.010032 39.64 379.91
1481 0.010032 39.64 379.91
1482 0.010032 39.64 379.91
1483 0.010032 39.64 379.90
1484 0.010032 39.64 379.90
1485 0.010032 39.65 379.89
1486 0.010032 39.64 379.90
1487 0.010032 39.64 379.90
1488 0.010032 39.64 379.90
1489 0.010032 39.64 379.90
1490 0.010032 39.64 379.91
1491 0.010032 39.64 379.90
1492 0.010032 39.64 379.90
1493 0.010032 39.64 379.89
1494 0.010032 39.65 379.89
1495 0.010032 39.65 379.89
1496 0.010032 39.64 379.89
1497 0.010032 39.64 379.89
1498 0.010032 39.64 379.90
1499 0.010032 39.64 379.90
1501 0.010032 39.64 379.89
1502 0.010032 39.64 379.89
1503 0.010032 39.64 379.89
1504 0.010032 39.64 379.89
1505 0.010032 39.64 379.89
1506 0.010032 39.64 379.89
1507 0.010032 39.64 379.89
1508 0.010031 39.64 379.89
1509 0.010031 39.64 379.88
1510 0.010031 39.65 379.88
1511 0.010031 39.65 379.87
1512 0.010031 39.65 379.87
1513 0.010031 39.64 379.88
1514 0.010031 39.64 379.88
1515 0.010031 39.64 379.89
1516 0.010031 39.64 379.89
1517 0.010031 39.64 379.89
1518 0.010031 39.64 379.89
1519 0.010031 39.64 379.89
1520 0.010031 39.64 379.89
1521 0.010031 39.63 379.89
1522 0.010031 39.63 379.89
1523 0.010031 39.63 379.90
1524 0.010031 39.63 379.90
1525 0.010031 39.62 379.91
1526 0.010031 39.62 379.91
1527 0.010031 39.62 379.91
1528 0.010031 39.62 379.91
1529 0.010031 39.62 379.91
1530 0.010031 39.62 379.91
1531 0.010031 39.62 379.91
1532 0.010031 39.62 379.91
1533 0.010031 39.63 379.90
1534 0.010031 39.63 379.90
1535 0.010031 39.63 379.90
1536 0.010031 39.63 379.89
1537 0.010031 39.63 379.89
1538 0.010031 39.63 379.89
1539 0.010031 39.63 379.89
1540 0.010031 39.63 379.89
1541 0.010031 39.64 379.88
1542 0.010031 39.64 379.88
1543 0.010031 39.64 379.87
1544 0.010031 39.64 379.87
1545 0.010031 39.64 379.88
1546 0.010031 39.64 379.88
1547 0.010031 39.64 379.88
1548 0.010031 39.64 379.87
1549 0.010030 39.64 379.87
1551 0.010030 39.64 379.87
1552 0.010030 39.64 379.87
1553 0.010030 39.64 379.86
1554 0.010030 39.64 379.87
1555 0.010030 39.64 379.86
1556 0.010030 39.64 379.86
1557 0.010030 39.64 379.86
1558 0.010030 39.64 379.86
1559 0.010030 39.64 379.86
1560 0.010030 39.65 379.85
1561 0.010030 39.64 379.86
1562 0.010030 39.64 379.85
1563 0.010030 39.64 379.85
1564 0.010030 39.64 379.86
1565 0.010030 39.64 379.86
1566 0.010030 39.64 379.85
1567 0.010030 39.64 379.85
1568 0.010030 39.64 379.85
1569 0.010030 39.64 379.85
1570 0.010030 39.65 379.85
1571 0.010030 39.65 379.85
1572 0.010030 39.65 379.84
1573 0.010030 39.65 379.84
1574 0.010030 39.65 379.84
1575 0.010030 39.65 379.84
1576 0.010030 39.65 379.83
1577 0.010030 39.65 379.83
1578 0.010030 39.65 379.83
1579 0.010030 39.66 379.83
1580 0.010030 39.66 379.82
1581 0.010030 39.65 379.83
1582 0.010030 39.65 379.83
1583 0.010030 39.65 379.84
1584 0.010030 39.64 379.84
1585 0.010030 39.65 379.84
1586 0.010030 39.65 379.84
1587 0.010030 39.65 379.84
1588 0.010030 39.65 379.83
1589 0.010030 39.65 379.83
1590 0.010030 39.65 379.84
1591 0.010030 39.65 379.83
1592 0.010030 39.65 379.84
1593 0.010029 39.65 379.83
1594 0.010029 39.65 379.83
1595 0.010029 39.65 379.83
1596 0.010029 39.65 379.83
1597 0.010029 39.65 379.83
1598 0.010029 39.65 379.83
1599 0.010029 39.65 379.83
1601 0.010029 39.65 379.83
1602 0.010029 39.65 379.82
1603 0.010029 39.65 379.82
1604 0.010029 39.66 379.81
1605 0.010029 39.65 379.82
1606 0.010029 39.65 379.82
1607 0.010029 39.65 379.82
1608 0.010029 39.65 379.82
1609 0.010029 39.65 379.82
1610 0.010029 39.65 379.81
1611 0.010029 39.66 379.81
1612 0.010029 39.66 379.80
1613 0.010029 39.66 379.80
1614 0.010029 39.66 379.80
1615 0.010029 39.66 379.80
1616 0.010029 39.66 379.80
1617 0.010029 39.66 379.80
1618 0.010029 39.66 379.80
1619 0.010029 39.66 379.80
1620 0.010029 39.66 379.80
1621 0.010029 39.66 379.80
1622 0.010029 39.66 379.80
1623 0.010029 39.66 379.80
1624 0.010029 39.66 379.80
1625 0.010029 39.66 379.80
1626 0.010029 39.65 379.81
1627 0.010029 39.65 379.81
1628 0.010029 39.65 379.80
1629 0.010029 39.65 379.81
1630 0.010029 39.65 379.80
1631 0.010029 39.66 379.80
1632 0.010029 39.66 379.80
1633 0.010029 39.66 379.80
1634 0.010029 39.66 379.80
1635 0.010029 39.66 379.79
1636 0.010029 39.66 379.79
1637 0.010029 39.66 379.79
1638 0.010029 39.66 379.79
1639 0.010028 39.66 379.78
1640 0.010028 39.66 379.78
1641 0.010028 39.66 379.79
1642 0.010028 39.66 379.79
1643 0.010028 39.66 379.78
1644 0.010028 39.66 379.78
1645 0.010028 39.66 379.78
1646 0.010028 39.66 379.78
1647 0.010028 39.66 379.78
1648 0.010028 39.66 379.78
1649 0.010028 39.66 379.79
1651 0.010028 39.66 379.79
1652 0.010028 39.66 379.78
1653 0.010028 39.66 379.78
1654 0.010028 39.66 379.78
1655 0.010028 39.66 379.78
1656 0.010028 39.66 379.78
1657 0.010028 39.66 379.78
1658 0.010028 39.66 379.78
1659 0.010028 39.66 379.78
1660 0.010028 39.66 379.78
1661 0.010028 39.66 379.78
1662 0.010028 39.66 379.78
1663 0.010028 39.66 379.78
1664 0.010028 39.66 379.78
1665 0.010028 39.66 379.78
1666 0.010028 39.66 379.78
1667 0.010028 39.66 379.78
1668 0.010028 39.66 379.78
1669 0.010028 39.66 379.78
1670 0.010028 39.66 379.78
1671 0.010028 39.66 379.78
1672 0.010028 39.66 379.77
1673 0.010028 39.66 379.77
1674 0.010028 39.66 379.77
1675 0.010028 39.66 379.77
1676 0.010028 39.66 379.77
1677 0.010028 39.66 379.77
1678 0.010028 39.66 379.77
1679 0.010028 39.66 379.77
1680 0.010028 39.66 379.77
1681 0.010028 39.66 379.77
1682 0.010028 39.67 379.76
1683 0.010028 39.67 379.75
1684 0.010028 39.68 379.74
1685 0.010028 39.68 379.74
1686 0.010028 39.68 379.73
1687 0.010028 39.68 379.74
1688 0.010028 39.67 379.74
1689 0.010027 39.67 379.75
1690 0.010027 39.67 379.75
1691 0.010027 39.67 379.75
1692 0.010027 39.67 379.74
1693 0.010027 39.67 379.74
1694 0.010027 39.67 379.75
1695 0.010027 39.67 379.75
1696 0.010027 39.66 379.76
1697 0.010027 39.66 379.77
1698 0.010027 39.66 379.77
1699 0.010027 39.66 379.77
1701 0.010027 39.66 379.77
1702 0.010027 39.65 379.77
1703 0.010027 39.65 379.77
1704 0.010027 39.65 379.78
1705 0.010027 39.65 379.78
1706 0.010027 39.65 379.78
1707 0.010027 39.65 379.78
1708 0.010027 39.65 379.77
1709 0.010027 39.65 379.77
1710 0.010027 39.65 379.77
1711 0.010027 39.65 379.77
1712 0.010027 39.65 379.77
1713 0.010027 39.65 379.77
1714 0.010027 39.65 379.77
1715 0.010027 39.66 379.76
1716 0.010027 39.66 379.76
1717 0.010027 39.66 379.75
1718 0.010027 39.66 379.75
1719 0.010027 39.66 379.75
1720 0.010027 39.66 379.75
1721 0.010027 39.66 379.75
1722 0.010027 39.66 379.75
1723 0.010027 39.66 379.74
1724 0.010027 39.66 379.74
1725 0.010027 39.66 379.74
1726 0.010027 39.67 379.74
1727 0.010027 39.67 379.74
1728 0.010027 39.66 379.74
1729 0.010027 39.66 379.74
1730 0.010027 39.66 379.75
1731 0.010027 39.66 379.75
1732 0.010027 39.66 379.75
1733 0.010027 39.66 379.75
1734 0.010027 39.66 379.75
1735 0.010026 39.66 379.74
1736 0.010026 39.66 379.74
1737 0.010026 39.66 379.74
1738 0.010026 39.66 379.75
1739 0.010026 39.66 379.75
1740 0.010026 39.66 379.75
1741 0.010026 39.66 379.75
1742 0.010026 39.66 379.75
1743 0.010026 39.66 379.75
1744 0.010026 39.66 379.75
1745 0.010026 39.66 379.75
1746 0.010026 39.65 379.75
1747 0.010026 39.65 379.75
1748 0.010026 39.65 379.75
1749 0.010026 39.65 379.75
1751 0.010026 39.65 379.75
1752 0.010026 39.65 379.75
1753 0.010026 39.65 379.75
1754 0.010026 39.65 379.75
1755 0.010026 39.65 379.76
1756 0.010026 39.65 379.76
1757 0.010026 39.64 379.76
1758 0.010026 39.64 379.76
1759 0.010026 39.65 379.76
1760 0.010026 39.65 379.75
1761 0.010026 39.65 379.75
1762 0.010026 39.65 379.75
1763 0.010026 39.65 379.75
1764 0.010026 39.65 379.75
1765 0.010026 39.65 379.74
1766 0.010026 39.66 379.74
1767 0.010026 39.66 379.74
1768 0.010026 39.66 379.73
1769 0.010026 39.66 379.73
1770 0.010026 39.66 379.73
1771 0.010026 39.66 379.73
1772 0.010026 39.66 379.73
1773 0.010026 39.66 379.73
1774 0.010026 39.66 379.73
1775 0.010026 39.66 379.72
1776 0.010026 39.66 379.72
1777 0.010026 39.66 379.73
1778 0.010026 39.66 379.73
1779 0.010026 39.66 379.73
1780 0.010026 39.66 379.73
1781 0.010026 39.66 379.73
1782 0.010026 39.66 379.73
1783 0.010026 39.66 379.73
1784 0.010026 39.66 379.73
1785 0.010026 39.66 379.73
1786 0.010026 39.65 379.73
1787 0.010026 39.65 379.73
1788 0.010026 39.66 379.73
1789 0.010026 39.66 379.72
1790 0.010026 39.66 379.72
1791 0.010026 39.66 379.71
1792 0.010026 39.67 379.71
1793 0.010025 39.66 379.71
1794 0.010025 39.66 379.72
1795 0.010025 39.66 379.72
1796 0.010025 39.66 379.72
1797 0.010025 39.66 379.71
1798 0.010025 39.66 379.71
1799 0.010025 39.66 379.71
1801 0.010025 39.66 379.72
1802 0.010025 39.66 379.72
1803 0.010025 39.66 379.72
1804 0.010025 39.66 379.72
1805 0.010025 39.66 379.72
1806 0.010025 39.66 379.71
1807 0.010025 39.66 379.71
1808 0.010025 39.66 379.71
1809 0.010025 39.66 379.71
1810 0.010025 39.66 379.71
1811 0.010025 39.66 379.71
1812 0.010025 39.66 379.72
1813 0.010025 39.66 379.72
1814 0.010025 39.66 379.72
1815 0.010025 39.66 379.72
1816 0.010025 39.66 379.71
1817 0.010025 39.66 379.71
1818 0.010025 39.66 379.71
1819 0.010025 39.66 379.71
1820 0.010025 39.66 379.71
1821 0.010025 39.66 379.71
1822 0.010025 39.66 379.71
1823 0.010025 39.65 379.72
1824 0.010025 39.65 379.72
1825 0.010025 39.65 379.72
1826 0.010025 39.65 379.72
1827 0.010025 39.65 379.72
1828 0.010025 39.65 379.72
1829 0.010025 39.65 379.72
1830 0.010025 39.65 379.72
1831 0.010025 39.65 379.72
1832 0.010025 39.65 379.72
1833 0.010025 39.65 379.73
1834 0.010025 39.65 379.73
1835 0.010025 39.65 379.73
1836 0.010025 39.64 379.73
1837 0.010025 39.64 379.73
1838 0.010025 39.64 379.73
1839 0.010025 39.64 379.73
1840 0.010025 39.64 379.73
1841 0.010025 39.64 379.73
1842 0.010025 39.64 379.73
1843 0.010025 39.64 379.73
1844 0.010025 39.65 379.72
1845 0.010025 39.65 379.71
1846 0.010025 39.65 379.71
1847 0.010024 39.65 379.71
1848 0.010024 39.65 379.72
1849 0.010024 39.65 379.72
1851 0.010024 39.64 379.72
1852 0.010024 39.65 379.72
1853 0.010024 39.65 379.72
1854 0.010024 39.65 379.72
1855 0.010024 39.65 379.72
1856 0.010024 39.65 379.72
1857 0.010024 39.65 379.72
1858 0.010024 39.65 379.72
1859 0.010024 39.65 379.72
1860 0.010024 39.64 379.72
1861 0.010024 39.64 379.72
1862 0.010024 39.64 379.73
1863 0.010024 39.64 379.73
1864 0.010024 39.63 379.74
1865 0.010024 39.63 379.74
1866 0.010024 39.63 379.74
1867 0.010024 39.63 379.74
1868 0.010024 39.63 379.74
1869 0.010024 39.63 379.74
1870 0.010024 39.63 379.74
1871 0.010024 39.63 379.75
1872 0.010024 39.63 379.74
1873 0.010024 39.63 379.74
1874 0.010024 39.63 379.74
1875 0.010024 39.63 379.73
1876 0.010024 39.63 379.74
1877 0.010024 39.63 379.74
1878 0.010024 39.63 379.74
1879 0.010024 39.62 379.75
1880 0.010024 39.63 379.74
1881 0.010024 39.63 379.73
1882 0.010024 39.63 379.74
1883 0.010024 39.63 379.74
1884 0.010024 39.63 379.74
1885 0.010024 39.63 379.74
1886 0.010024 39.63 379.74
1887 0.010024 39.63 379.74
1888 0.010024 39.63 379.74
1889 0.010024 39.63 379.74
1890 0.010024 39.63 379.73
1891 0.010024 39.63 379.73
1892 0.010024 39.63 379.73
1893 0.010024 39.63 379.73
1894 0.010024 39.63 379.73
1895 0.010024 39.63 379.73
1896 0.010024 39.63 379.74
1897 0.010024 39.62 379.74
1898 0.010024 39.63 379.73
1899 0.010024 39.63 379.73
1901 0.010024 39.63 379.72
1902 0.010024 39.63 379.72
1903 0.010024 39.63 379.73
1904 0.010024 39.63 379.73
1905 0.010024 39.63 379.73
1906 0.010024 39.63 379.73
1907 0.010023 39.63 379.72
1908 0.010023 39.63 379.72
1909 0.010023 39.63 379.73
1910 0.010023 39.63 379.73
1911 0.010023 39.62 379.74
1912 0.010023 39.62 379.74
1913 0.010023 39.62 379.74
1914 0.010023 39.62 379.73
1915 0.010023 39.63 379.73
1916 0.010023 39.63 379.73
1917 0.010023 39.63 379.73
1918 0.010023 39.63 379.73
1919 0.010023 39.63 379.73
1920 0.010023 39.62 379.73
1921 0.010023 39.63 379.73
1922 0.010023 39.63 379.73
1923 0.010023 39.63 379.72
1924 0.010023 39.63 379.71
1925 0.010023 39.64 379.70
1926 0.010023 39.64 379.70
1927 0.010023 39.64 379.70
1928 0.010023 39.64 379.70
1929 0.010023 39.64 379.70
1930 0.010023 39.64 379.70
1931 0.010023 39.64 379.70
1932 0.010023 39.64 379.70
1933 0.010023 39.64 379.70
1934 0.010023 39.64 379.70
1935 0.010023 39.63 379.70
1936 0.010023 39.63 379.71
1937 0.010023 39.63 379.71
1938 0.010023 39.63 379.71
1939 0.010023 39.63 379.70
1940 0.010023 39.64 379.70
1941 0.010023 39.64 379.70
1942 0.010023 39.64 379.70
1943 0.010023 39.64 379.70
1944 0.010023 39.64 379.70
1945 0.010023 39.64 379.70
1946 0.010023 39.63 379.70
1947 0.010023 39.63 379.70
1948 0.010023 39.63 379.71
1949 0.010023 39.63 379.71
1951 0.010023 39.62 379.72
1952 0.010023 39.62 379.72
1953 0.010023 39.62 379.73
1954 0.010023 39.62 379.73
1955 0.010023 39.62 379.72
1956 0.010023 39.62 379.72
1957 0.010023 39.62 379.72
1958 0.010023 39.62 379.72
1959 0.010022 39.62 379.73
1960 0.010022 39.62 379.72
1961 0.010022 39.62 379.72
1962 0.010022 39.62 379.72
1963 0.010022 39.62 379.72
1964 0.010022 39.62 379.72
1965 0.010022 39.62 379.72
1966 0.010022 39.62 379.71
1967 0.010022 39.62 379.71
1968 0.010022 39.63 379.71
1969 0.010022 39.62 379.71
1970 0.010022 39.62 379.72
1971 0.010022 39.61 379.72
1972 0.010022 39.62 379.72
1973 0.010022 39.61 379.72
1974 0.010022 39.61 379.72
1975 0.010022 39.61 379.72
1976 0.010022 39.62 379.72
1977 0.010022 39.61 379.72
1978 0.010022 39.61 379.72
1979 0.010022 39.61 379.72
1980 0.010022 39.61 379.72
1981 0.010022 39.62 379.72
1982 0.010022 39.61 379.72
1983 0.010022 39.62 379.72
1984 0.010022 39.61 379.72
1985 0.010022 39.62 379.72
1986 0.010022 39.61 379.72
1987 0.010022 39.61 379.72
1988 0.010022 39.61 379.72
1989 0.010022 39.62 379.71
1990 0.010022 39.62 379.71
1991 0.010022 39.62 379.71
1992 0.010022 39.62 379.71
1993 0.010022 39.62 379.71
1994 0.010022 39.61 379.71
1995 0.010022 39.61 379.72
1996 0.010022 39.61 379.72
1997 0.010022 39.61 379.72
1998 0.010022 39.61 379.72
1999 0.010022 39.61 379.72
2001 0.010022 39.61 379.72
2002 0.010022 39.61 379.72
2003 0.010022 39.61 379.72
2004 0.010022 39.61 379.71
2005 0.010022 39.61 379.72
2006 0.010022 39.61 379.72
2007 0.010022 39.61 379.72
2008 0.010022 39.61 379.72
2009 0.010022 39.61 379.72
2010 0.010022 39.61 379.72
2011 0.010022 39.61 379.72
2012 0.010022 39.61 379.72
2013 0.010022 39.61 379.72
2014 0.010022 39.60 379.72
2015 0.010021 39.61 379.72
2016 0.010021 39.60 379.72
2017 0.010021 39.60 379.72
2018 0.010021 39.60 379.72
2019 0.010021 39.61 379.72
2020 0.010021 39.60 379.72
2021 0.010021 39.60 379.73
2022 0.010021 39.59 379.74
2023 0.010021 39.59 379.74
2024 0.010021 39.59 379.75
2025 0.010021 39.59 379.75
2026 0.010021 39.59 379.74
2027 0.010021 39.59 379.74
2028 0.010021 39.59 379.74
2029 0.010021 39.59 379.74
2030 0.010021 39.59 379.74
2031 0.010021 39.59 379.74
2032 0.010021 39.59 379.75
2033 0.010021 39.59 379.75
2034 0.010021 39.58 379.75
2035 0.010021 39.58 379.76
2036 0.010021 39.58 379.75
2037 0.010021 39.58 379.75
2038 0.010021 39.59 379.75
2039 0.010021 39.59 379.75
2040 0.010021 39.58 379.75
2041 0.010021 39.58 379.75
2042 0.010021 39.58 379.75
2043 0.010021 39.58 379.75
2044 0.010021 39.58 379.75
2045 0.010021 39.58 379.75
2046 0.010021 39.59 379.75
2047 0.010021 39.59 379.74
2048 0.010021 39.59 379.74
2049 0.010021 39.59 379.74
2051 0.010021 39.58 379.75
2052 0.010021 39.58 379.75
2053 0.010021 39.58 379.75
2054 0.010021 39.58 379.75
2055 0.010021 39.58 379.75
2056 0.010021 39.58 379.75
2057 0.010021 39.58 379.74
2058 0.010021 39.58 379.74
2059 0.010021 39.58 379.74
2060 0.010021 39.59 379.74
2061 0.010021 39.58 379.74
2062 0.010021 39.58 379.74
2063 0.010021 39.58 379.75
2064 0.010021 39.58 379.75
2065 0.010021 39.58 379.76
2066 0.010021 39.57 379.76
2067 0.010021 39.58 379.75
2068 0.010021 39.58 379.75
2069 0.010021 39.58 379.75
2070 0.010021 39.58 379.74
2071 0.010021 39.58 379.75
2072 0.010020 39.58 379.75
2073 0.010020 39.57 379.76
2074 0.010020 39.57 379.76
2075 0.010020 39.57 379.76
2076 0.010020 39.57 379.76
2077 0.010020 39.57 379.75
2078 0.010020 39.57 379.75
2079 0.010020 39.57 379.75
2080 0.010020 39.57 379.75
2081 0.010020 39.57 379.75
2082 0.010020 39.57 379.75
2083 0.010020 39.57 379.75
2084 0.010020 39.58 379.75
2085 0.010020 39.58 379.74
2086 0.010020 39.58 379.74
2087 0.010020 39.58 379.73
2088 0.010020 39.58 379.73
2089 0.010020 39.58 379.73
2090 0.010020 39.58 379.74
2091 0.010020 39.58 379.74
2092 0.010020 39.58 379.74
2093 0.010020 39.58 379.74
2094 0.010020 39.58 379.74
2095 0.010020 39.58 379.74
2096 0.010020 39.58 379.74
2097 0.010020 39.58 379.74
2098 0.010020 39.58 379.74
2099 0.010020 39.58 379.74
2101 0.010020 39.57 379.75
2102 0.010020 39.57 379.75
2103 0.010020 39.57 379.75
2104 0.010020 39.57 379.75
2105 0.010020 39.57 379.75
2106 0.010020 39.57 379.76
2107 0.010020 39.57 379.76
2108 0.010020 39.56 379.76
2109 0.010020 39.57 379.76
2110 0.010020 39.57 379.76
2111 0.010020 39.57 379.75
2112 0.010020 39.57 379.75
2113 0.010020 39.57 379.76
2114 0.010020 39.57 379.76
2115 0.010020 39.56 379.76
2116 0.010020 39.56 379.76
2117 0.010020 39.56 379.76
2118 0.010020 39.56 379.76
2119 0.010020 39.56 379.76
2120 0.010020 39.56 379.76
2121 0.010020 39.56 379.76
2122 0.010020 39.56 379.77
2123 0.010020 39.56 379.77
2124 0.010020 39.56 379.77
2125 0.010020 39.56 379.77
2126 0.010020 39.56 379.76
2127 0.010020 39.56 379.77
2128 0.010020 39.56 379.76
2129 0.010020 39.56 379.77
2130 0.010020 39.56 379.76
2131 0.010020 39.56 379.76
2132 0.010020 39.56 379.76
2133 0.010020 39.56 379.76
2134 0.010020 39.56 379.76
2135 0.010020 39.56 379.76
2136 0.010020 39.56 379.76
2137 0.010020 39.56 379.76
2138 0.010020 39.56 379.76
2139 0.010020 39.56 379.76
2140 0.010020 39.56 379.76
2141 0.010020 39.56 379.76
2142 0.010020 39.56 379.76
2143 0.010020 39.56 379.76
2144 0.010020 39.56 379.76
2145 0.010020 39.56 379.76
2146 0.010019 39.56 379.76
2147 0.010019 39.56 379.76
2148 0.010019 39.56 379.76
2149 0.010019 39.56 379.75
2151 0.010019 39.56 379.75
2152 0.010019 39.56 379.76
2153 0.010019 39.56 379.76
2154 0.010019 39.56 379.76
2155 0.010019 39.56 379.76
2156 0.010019 39.56 379.76
2157 0.010019 39.56 379.76
2158 0.010019 39.56 379.76
2159 0.010019 39.56 379.75
2160 0.010019 39.56 379.75
2161 0.010019 39.56 379.74
2162 0.010019 39.56 379.75
2163 0.010019 39.56 379.75
2164 0.010019 39.56 379.75
2165 0.010019 39.56 379.75
2166 0.010019 39.56 379.75
2167 0.010019 39.56 379.75
2168 0.010019 39.56 379.75
2169 0.010019 39.56 379.75
2170 0.010019 39.56 379.75
2171 0.010019 39.56 379.74
2172 0.010019 39.56 379.74
2173 0.010019 39.57 379.74
2174 0.010019 39.56 379.74
2175 0.010019 39.56 379.74
2176 0.010019 39.56 379.75
2177 0.010019 39.56 379.75
2178 0.010019 39.56 379.75
2179 0.010019 39.56 379.75
2180 0.010019 39.56 379.74
2181 0.010019 39.56 379.74
2182 0.010019 39.56 379.74
2183 0.010019 39.56 379.74
2184 0.010019 39.56 379.75
2185 0.010019 39.56 379.75
2186 0.010019 39.56 379.75
2187 0.010019 39.56 379.75
2188 0.010019 39.56 379.75
2189 0.010019 39.55 379.76
2190 0.010019 39.55 379.75
2191 0.010019 39.55 379.76
2192 0.010019 39.55 379.76
2193 0.010019 39.55 379.76
2194 0.010019 39.55 379.76
2195 0.010019 39.55 379.76
2196 0.010019 39.55 379.76
2197 0.010019 39.55 379.76
2198 0.010019 39.55 379.76
2199 0.010019 39.55 379.76
2201 0.010019 39.55 379.76
2202 0.010019 39.55 379.76
2203 0.010019 39.55 379.76
2204 0.010019 39.55 379.76
2205 0.010019 39.55 379.76
2206 0.010019 39.55 379.76
2207 0.010019 39.55 379.76
2208 0.010019 39.55 379.75
2209 0.010019 39.55 379.76
2210 0.010019 39.55 379.76
2211 0.010019 39.55 379.76
2212 0.010019 39.54 379.77
2213 0.010019 39.54 379.77
2214 0.010019 39.54 379.77
2215 0.010019 39.54 379.77
2216 0.010019 39.54 379.77
2217 0.010019 39.54 379.77
2218 0.010019 39.54 379.77
2219 0.010019 39.54 379.77
2220 0.010019 39.54 379.77
2221 0.010019 39.54 379.77
2222 0.010019 39.54 379.77
2223 0.010019 39.54 379.77
2224 0.010019 39.54 379.77
2225 0.010019 39.54 379.77
2226 0.010019 39.54 379.76
2227 0.010019 39.54 379.77
2228 0.010019 39.54 379.77
2229 0.010019 39.54 379.77
2230 0.010019 39.54 379.76
2231 0.010019 39.55 379.76
2232 0.010019 39.55 379.76
2233 0.010019 39.55 379.76
2234 0.010019 39.55 379.76
2235 0.010019 39.55 379.76
2236 0.010019 39.55 379.76
2237 0.010019 39.55 379.76
2238 0.010019 39.55 379.76
2239 0.010019 39.55 379.76
2240 0.010019 39.55 379.76
2241 0.010019 39.54 379.76
2242 0.010019 39.54 379.77
2243 0.010019 39.54 379.77
2244 0.010019 39.54 379.77
2245 0.010019 39.54 379.77
2246 0.010019 39.54 379.77
2247 0.010019 39.54 379.77
2248 0.010019 39.54 379.77
2249 0.010018 39.54 379.77
2251 0.010018 39.54 379.77
2252 0.010018 39.54 379.77
2253 0.010018 39.54 379.77
2254 0.010018 39.54 379.77
2255 0.010018 39.54 379.77
2256 0.010018 39.54 379.76
2257 0.010018 39.55 379.75
2258 0.010018 39.55 379.75
2259 0.010018 39.55 379.75
2260 0.010018 39.55 379.75
2261 0.010018 39.55 379.75
2262 0.010018 39.55 379.75
2263 0.010018 39.55 379.75
2264 0.010018 39.55 379.75
2265 0.010018 39.55 379.75
2266 0.010018 39.55 379.75
2267 0.010018 39.55 379.75
2268 0.010018 39.55 379.75
2269 0.010018 39.55 379.75
2270 0.010018 39.55 379.75
2271 0.010018 39.54 379.75
2272 0.010018 39.54 379.75
2273 0.010018 39.54 379.76
2274 0.010018 39.54 379.76
2275 0.010018 39.54 379.76
2276 0.010018 39.54 379.76
2277 0.010018 39.54 379.76
2278 0.010018 39.54 379.76
2279 0.010018 39.54 379.76
2280 0.010018 39.54 379.76
2281 0.010018 39.54 379.75
2282 0.010018 39.55 379.75
2283 0.010018 39.55 379.75
2284 0.010018 39.55 379.75
2285 0.010018 39.55 379.74
2286 0.010018 39.55 379.74
2287 0.010018 39.55 379.75
2288 0.010018 39.54 379.75
2289 0.010018 39.54 379.75
2290 0.010018 39.54 379.75
2291 0.010018 39.54 379.75
2292 0.010018 39.54 379.75
2293 0.010018 39.54 379.75
2294 0.010018 39.54 379.75
2295 0.010018 39.54 379.75
2296 0.010018 39.54 379.76
2297 0.010018 39.54 379.76
2298 0.010018 39.54 379.76
2299 0.010018 39.54 379.75
2301 0.010018 39.55 379.75
2302 0.010018 39.55 379.74
2303 0.010018 39.55 379.74
2304 0.010018 39.55 379.74
2305 0.010018 39.54 379.75
2306 0.010018 39.54 379.75
2307 0.010018 39.54 379.75
2308 0.010018 39.55 379.74
2309 0.010018 39.55 379.74
2310 0.010018 39.55 379.74
2311 0.010018 39.55 379.74
2312 0.010018 39.55 379.74
2313 0.010018 39.54 379.75
2314 0.010018 39.54 379.75
2315 0.010018 39.54 379.75
2316 0.010018 39.54 379.75
2317 0.010018 39.54 379.76
2318 0.010018 39.54 379.75
2319 0.010018 39.54 379.75
2320 0.010018 39.54 379.75
2321 0.010018 39.54 379.75
2322 0.010018 39.54 379.75
2323 0.010018 39.54 379.75
2324 0.010018 39.54 379.75
2325 0.010018 39.54 379.75
2326 0.010018 39.54 379.75
2327 0.010018 39.54 379.75
2328 0.010018 39.54 379.75
2329 0.010018 39.54 379.75
2330 0.010018 39.54 379.75
2331 0.010018 39.54 379.75
2332 0.010018 39.54 379.75
2333 0.010018 39.54 379.76
2334 0.010018 39.54 379.76
2335 0.010018 39.54 379.75
2336 0.010018 39.54 379.75
2337 0.010018 39.54 379.75
2338 0.010018 39.54 379.75
2339 0.010018 39.54 379.75
2340 0.010018 39.54 379.75
2341 0.010018 39.54 379.75
2342 0.010018 39.54 379.75
2343 0.010018 39.54 379.75
2344 0.010018 39.54 379.75
2345 0.010018 39.54 379.75
2346 0.010018 39.54 379.75
2347 0.010018 39.54 379.75
2348 0.010018 39.54 379.75
2349 0.010018 39.54 379.75
2351 0.010018 39.54 379.75
2352 0.010018 39.54 379.75
2353 0.010018 39.54 379.74
2354 0.010018 39.54 379.74
2355 0.010018 39.54 379.74
2356 0.010018 39.54 379.74
2357 0.010018 39.54 379.74
2358 0.010018 39.54 379.74
2359 0.010018 39.54 379.75
2360 0.010018 39.54 379.75
2361 0.010018 39.54 379.75
2362 0.010018 39.54 379.75
2363 0.010017 39.54 379.75
2364 0.010017 39.54 379.75
2365 0.010017 39.54 379.75
2366 0.010017 39.54 379.74
2367 0.010017 39.54 379.74
2368 0.010017 39.54 379.74
2369 0.010017 39.54 379.74
2370 0.010017 39.54 379.74
2371 0.010017 39.54 379.74
2372 0.010017 39.54 379.74
2373 0.010017 39.54 379.74
2374 0.010017 39.54 379.74
2375 0.010017 39.54 379.74
2376 0.010017 39.54 379.74
2377 0.010017 39.54 379.74
2378 0.010017 39.54 379.74
2379 0.010017 39.54 379.74
2380 0.010017 39.54 379.74
2381 0.010017 39.54 379.74
2382 0.010017 39.54 379.74
2383 0.010017 39.54 379.74
2384 0.010017 39.54 379.74
2385 0.010017 39.54 379.74
2386 0.010017 39.54 379.74
2387 0.010017 39.54 379.74
2388 0.010017 39.54 379.74
2389 0.010017 39.54 379.74
2390 0.010017 39.54 379.74
2391 0.010017 39.54 379.74
2392 0.010017 39.54 379.74
2393 0.010017 39.54 379.74
2394 0.010017 39.54 379.74
2395 0.010017 39.54 379.74
2396 0.010017 39.54 379.74
2397 0.010017 39.54 379.74
2398 0.010017 39.54 379.74
2399 0.010017 39.54 379.74
2401 0.010017 39.54 379.74
2402 0.010017 39.54 379.74
2403 0.010017 39.54 379.74
2404 0.010017 39.54 379.74
2405 0.010017 39.54 379.74
2406 0.010017 39.54 379.74
2407 0.010017 39.54 379.73
2408 0.010017 39.54 379.73
2409 0.010017 39.54 379.73
2410 0.010017 39.55 379.72
2411 0.010017 39.55 379.72
2412 0.010017 39.55 379.72
2413 0.010017 39.55 379.72
2414 0.010017 39.55 379.72
2415 0.010017 39.55 379.72
2416 0.010017 39.55 379.72
2417 0.010017 39.55 379.72
2418 0.010017 39.55 379.72
2419 0.010017 39.55 379.72
2420 0.010017 39.55 379.72
2421 0.010017 39.55 379.72
2422 0.010017 39.54 379.73
2423 0.010017 39.54 379.73
2424 0.010017 39.54 379.73
2425 0.010017 39.54 379.73
2426 0.010017 39.54 379.73
2427 0.010017 39.54 379.73
2428 0.010017 39.54 379.73
2429 0.010017 39.54 379.73
2430 0.010017 39.54 379.73
2431 0.010017 39.54 379.73
2432 0.010017 39.54 379.73
2433 0.010017 39.54 379.73
2434 0.010017 39.54 379.73
2435 0.010017 39.54 379.73
2436 0.010017 39.54 379.73
2437 0.010017 39.54 379.73
2438 0.010017 39.54 379.73
2439 0.010017 39.54 379.73
2440 0.010017 39.54 379.73
2441 0.010017 39.54 379.73
2442 0.010017 39.54 379.73
2443 0.010017 39.54 379.73
2444 0.010017 39.54 379.72
2445 0.010017 39.54 379.72
2446 0.010017 39.55 379.72
2447 0.010017 39.55 379.72
2448 0.010017 39.55 379.72
2449 0.010017 39.55 379.72
2451 0.010017 39.55 379.72
2452 0.010017 39.55 379.72
2453 0.010017 39.55 379.72
2454 0.010017 39.55 379.72
2455 0.010017 39.55 379.72
2456 0.010017 39.55 379.72
2457 0.010017 39.55 379.72
2458 0.010017 39.55 379.72
2459 0.010017 39.55 379.72
2460 0.010017 39.55 379.71
2461 0.010017 39.54 379.72
2462 0.010017 39.54 379.72
2463 0.010017 39.54 379.72
2464 0.010017 39.54 379.72
2465 0.010017 39.54 379.72
2466 0.010017 39.54 379.72
2467 0.010017 39.54 379.72
2468 0.010017 39.54 379.72
2469 0.010017 39.54 379.72
2470 0.010017 39.54 379.72
2471 0.010017 39.54 379.72
2472 0.010017 39.54 379.72
2473 0.010017 39.54 379.72
2474 0.010017 39.54 379.72
2475 0.010017 39.54 379.72
2476 0.010017 39.54 379.72
2477 0.010017 39.54 379.72
2478 0.010017 39.54 379.73
2479 0.010017 39.53 379.73
2480 0.010016 39.54 379.73
2481 0.010016 39.54 379.73
2482 0.010016 39.53 379.73
2483 0.010016 39.54 379.73
2484 0.010016 39.53 379.73
2485 0.010016 39.53 379.73
2486 0.010016 39.53 379.73
2487 0.010016 39.53 379.73
2488 0.010016 39.53 379.73
2489 0.010016 39.53 379.73
2490 0.010016 39.53 379.73
2491 0.010016 39.53 379.73
2492 0.010016 39.53 379.74
2493 0.010016 39.53 379.74
2494 0.010016 39.52 379.74
2495 0.010016 39.52 379.74
2496 0.010016 39.53 379.74
2497 0.010016 39.53 379.74
2498 0.010016 39.53 379.74
2499 0.010016 39.53 379.74
2501 0.010016 39.53 379.74
2502 0.010016 39.53 379.74
2503 0.010016 39.53 379.74
2504 0.010016 39.53 379.74
2505 0.010016 39.53 379.74
2506 0.010016 39.53 379.74
2507 0.010016 39.53 379.74
2508 0.010016 39.52 379.74
2509 0.010016 39.53 379.74
2510 0.010016 39.52 379.74
2511 0.010016 39.52 379.74
2512 0.010016 39.52 379.74
2513 0.010016 39.52 379.74
2514 0.010016 39.53 379.74
2515 0.010016 39.53 379.73
2516 0.010016 39.53 379.74
2517 0.010016 39.53 379.73
2518 0.010016 39.53 379.74
2519 0.010016 39.53 379.74
2520 0.010016 39.53 379.74
2521 0.010016 39.53 379.74
2522 0.010016 39.53 379.73
2523 0.010016 39.53 379.73
2524 0.010016 39.53 379.73
2525 0.010016 39.53 379.73
2526 0.010016 39.53 379.73
2527 0.010016 39.53 379.73
2528 0.010016 39.53 379.73
2529 0.010016 39.53 379.73
2530 0.010016 39.53 379.73
2531 0.010016 39.53 379.73
2532 0.010016 39.53 379.74
2533 0.010016 39.53 379.74
2534 0.010016 39.53 379.73
2535 0.010016 39.53 379.73
2536 0.010016 39.53 379.73
2537 0.010016 39.53 379.73
2538 0.010016 39.53 379.73
2539 0.010016 39.53 379.73
2540 0.010016 39.53 379.73
2541 0.010016 39.53 379.73
2542 0.010016 39.53 379.74
2543 0.010016 39.52 379.74
2544 0.010016 39.52 379.74
2545 0.010016 39.52 379.74
2546 0.010016 39.52 379.74
2547 0.010016 39.53 379.73
2548 0.010016 39.53 379.73
2549 0.010016 39.53 379.73
2551 0.010016 39.53 379.73
2552 0.010016 39.53 379.73
2553 0.010016 39.53 379.73
2554 0.010016 39.53 379.73
2555 0.010016 39.53 379.73
2556 0.010016 39.53 379.73
2557 0.010016 39.52 379.73
2558 0.010016 39.53 379.73
2559 0.010016 39.53 379.73
2560 0.010016 39.53 379.73
2561 0.010016 39.53 379.73
2562 0.010016 39.53 379.73
2563 0.010016 39.53 379.73
2564 0.010016 39.53 379.73
2565 0.010016 39.53 379.73
2566 0.010016 39.53 379.73
2567 0.010016 39.53 379.73
2568 0.010016 39.53 379.72
2569 0.010016 39.53 379.72
2570 0.010016 39.53 379.72
2571 0.010016 39.53 379.73
2572 0.010016 39.53 379.73
2573 0.010016 39.53 379.73
2574 0.010016 39.53 379.73
2575 0.010016 39.53 379.73
2576 0.010016 39.53 379.73
2577 0.010016 39.53 379.73
2578 0.010016 39.53 379.73
2579 0.010016 39.53 379.73
2580 0.010016 39.53 379.73
2581 0.010016 39.53 379.72
2582 0.010016 39.53 379.72
2583 0.010016 39.53 379.72
2584 0.010016 39.53 379.72
2585 0.010016 39.53 379.72
2586 0.010016 39.53 379.72
2587 0.010016 39.53 379.72
2588 0.010016 39.53 379.71
2589 0.010016 39.53 379.71
2590 0.010016 39.54 379.71
2591 0.010016 39.54 379.71
2592 0.010016 39.54 379.71
2593 0.010016 39.54 379.71
2594 0.010016 39.54 379.71
2595 0.010016 39.54 379.71
2596 0.010016 39.53 379.71
2597 0.010016 39.53 379.71
2598 0.010016 39.53 379.71
2599 0.010016 39.54 379.71
2601 0.010016 39.54 379.70
2602 0.010016 39.54 379.70
2603 0.010016 39.54 379.70
2604 0.010016 39.54 379.70
2605 0.010016 39.54 379.70
2606 0.010016 39.54 379.70
2607 0.010016 39.54 379.70
2608 0.010016 39.54 379.70
2609 0.010016 39.54 379.70
2610 0.010016 39.54 379.70
2611 0.010016 39.54 379.70
2612 0.010016 39.54 379.70
2613 0.010016 39.54 379.70
2614 0.010016 39.54 379.70
2615 0.010016 39.54 379.70
2616 0.010016 39.53 379.71
2617 0.010016 39.53 379.71
2618 0.010016 39.53 379.71
2619 0.010016 39.53 379.71
2620 0.010016 39.53 379.71
2621 0.010016 39.53 379.71
2622 0.010016 39.53 379.71
2623 0.010016 39.53 379.72
2624 0.010016 39.53 379.72
2625 0.010016 39.53 379.72
2626 0.010016 39.53 379.72
2627 0.010016 39.53 379.72
2628 0.010016 39.53 379.72
2629 0.010016 39.53 379.72
2630 0.010016 39.53 379.72
2631 0.010016 39.53 379.71
2632 0.010016 39.53 379.71
2633 0.010016 39.53 379.71
2634 0.010016 39.53 379.71
2635 0.010016 39.53 379.72
2636 0.010016 39.53 379.72
2637 0.010016 39.53 379.72
2638 0.010015 39.53 379.72
2639 0.010015 39.53 379.71
2640 0.010015 39.53 379.71
2641 0.010015 39.53 379.71
2642 0.010015 39.53 379.71
2643 0.010015 39.53 379.72
2644 0.010015 39.53 379.71
2645 0.010015 39.53 379.71
2646 0.010015 39.53 379.71
2647 0.010015 39.53 379.71
2648 0.010015 39.53 379.71
2649 0.010015 39.53 379.71
2651 0.010015 39.53 379.72
2652 0.010015 39.53 379.72
2653 0.010015 39.52 379.72
2654 0.010015 39.53 379.72
2655 0.010015 39.53 379.72
2656 0.010015 39.53 379.72
2657 0.010015 39.53 379.72
2658 0.010015 39.53 379.72
2659 0.010015 39.53 379.72
2660 0.010015 39.53 379.72
2661 0.010015 39.53 379.72
2662 0.010015 39.53 379.72
2663 0.010015 39.53 379.72
2664 0.010015 39.53 379.71
2665 0.010015 39.53 379.71
2666 0.010015 39.53 379.71
2667 0.010015 39.53 379.71
2668 0.010015 39.53 379.71
2669 0.010015 39.53 379.71
2670 0.010015 39.53 379.72
2671 0.010015 39.52 379.72
2672 0.010015 39.52 379.72
2673 0.010015 39.53 379.72
2674 0.010015 39.53 379.72
2675 0.010015 39.53 379.72
2676 0.010015 39.53 379.72
2677 0.010015 39.53 379.72
2678 0.010015 39.53 379.72
2679 0.010015 39.53 379.72
2680 0.010015 39.53 379.72
2681 0.010015 39.53 379.72
2682 0.010015 39.53 379.71
2683 0.010015 39.53 379.71
2684 0.010015 39.53 379.71
2685 0.010015 39.52 379.72
2686 0.010015 39.52 379.72
2687 0.010015 39.52 379.73
2688 0.010015 39.52 379.73
2689 0.010015 39.52 379.73
2690 0.010015 39.52 379.73
2691 0.010015 39.52 379.73
2692 0.010015 39.52 379.73
2693 0.010015 39.52 379.73
2694 0.010015 39.52 379.73
2695 0.010015 39.52 379.73
2696 0.010015 39.52 379.73
2697 0.010015 39.52 379.73
2698 0.010015 39.52 379.73
2699 0.010015 39.52 379.73
2701 0.010015 39.52 379.73
2702 0.010015 39.52 379.73
2703 0.010015 39.52 379.73
2704 0.010015 39.52 379.72
2705 0.010015 39.52 379.73
2706 0.010015 39.52 379.72
2707 0.010015 39.52 379.72
2708 0.010015 39.52 379.72
2709 0.010015 39.52 379.72
2710 0.010015 39.52 379.72
2711 0.010015 39.52 379.72
2712 0.010015 39.52 379.72
2713 0.010015 39.52 379.72
2714 0.010015 39.52 379.72
2715 0.010015 39.52 379.72
2716 0.010015 39.52 379.72
2717 0.010015 39.52 379.72
2718 0.010015 39.52 379.72
2719 0.010015 39.52 379.72
2720 0.010015 39.52 379.72
2721 0.010015 39.52 379.71
2722 0.010015 39.53 379.71
2723 0.010015 39.52 379.71
2724 0.010015 39.53 379.71
2725 0.010015 39.53 379.71
2726 0.010015 39.52 379.71
2727 0.010015 39.52 379.71
2728 0.010015 39.53 379.71
2729 0.010015 39.53 379.71
2730 0.010015 39.53 379.71
2731 0.010015 39.53 379.71
2732 0.010015 39.53 379.71
2733 0.010015 39.53 379.71
2734 0.010015 39.53 379.71
2735 0.010015 39.53 379.71
2736 0.010015 39.53 379.71
2737 0.010015 39.52 379.71
2738 0.010015 39.52 379.71
2739 0.010015 39.52 379.71
2740 0.010015 39.52 379.72
2741 0.010015 39.52 379.72
2742 0.010015 39.52 379.72
2743 0.010015 39.52 379.72
2744 0.010015 39.52 379.72
2745 0.010015 39.52 379.72
2746 0.010015 39.52 379.72
2747 0.010015 39.52 379.72
2748 0.010015 39.52 379.72
2749 0.010015 39.52 379.72
2751 0.010015 39.52 379.72
2752 0.010015 39.52 379.72
2753 0.010015 39.52 379.72
2754 0.010015 39.52 379.73
2755 0.010015 39.52 379.73
2756 0.010015 39.52 379.73
2757 0.010015 39.52 379.72
2758 0.010015 39.52 379.72
2759 0.010015 39.52 379.72
2760 0.010015 39.52 379.72
2761 0.010015 39.52 379.72
2762 0.010015 39.52 379.72
2763 0.010015 39.52 379.72
2764 0.010015 39.52 379.72
2765 0.010015 39.52 379.72
2766 0.010015 39.52 379.72
2767 0.010015 39.52 379.72
2768 0.010015 39.52 379.72
2769 0.010015 39.52 379.72
2770 0.010015 39.52 379.72
2771 0.010015 39.52 379.72
2772 0.010015 39.52 379.72
2773 0.010015 39.52 379.72
2774 0.010015 39.52 379.72
2775 0.010015 39.52 379.72
2776 0.010015 39.52 379.72
2777 0.010015 39.52 379.72
2778 0.010015 39.51 379.73
2779 0.010015 39.51 379.73
2780 0.010015 39.51 379.73
2781 0.010015 39.51 379.73
2782 0.010015 39.51 379.73
2783 0.010015 39.51 379.73
2784 0.010015 39.51 379.73
2785 0.010015 39.51 379.73
2786 0.010015 39.51 379.73
2787 0.010015 39.51 379.73
2788 0.010015 39.51 379.73
2789 0.010015 39.51 379.73
2790 0.010015 39.51 379.73
2791 0.010015 39.51 379.73
2792 0.010015 39.51 379.73
2793 0.010015 39.51 379.73
2794 0.010015 39.51 379.73
2795 0.010015 39.51 379.73
2796 0.010015 39.51 379.73
2797 0.010015 39.51 379.73
2798 0.010015 39.51 379.74
2799 0.010015 39.51 379.74
2801 0.010015 39.50 379.74
2802 0.010015 39.50 379.74
2803 0.010015 39.50 379.74
2804 0.010015 39.51 379.74
2805 0.010015 39.51 379.74
2806 0.010015 39.51 379.74
2807 0.010015 39.51 379.74
2808 0.010015 39.51 379.74
2809 0.010015 39.51 379.74
2810 0.010015 39.51 379.74
2811 0.010015 39.51 379.74
2812 0.010015 39.51 379.74
2813 0.010015 39.51 379.73
2814 0.010015 39.51 379.73
2815 0.010015 39.51 379.73
2816 0.010015 39.51 379.73
2817 0.010015 39.51 379.73
2818 0.010015 39.51 379.72
2819 0.010015 39.51 379.73
2820 0.010015 39.51 379.73
2821 0.010015 39.51 379.73
2822 0.010015 39.51 379.73
2823 0.010015 39.51 379.73
2824 0.010015 39.51 379.73
2825 0.010015 39.51 379.73
2826 0.010015 39.51 379.73
2827 0.010015 39.51 379.73
2828 0.010015 39.51 379.73
2829 0.010015 39.51 379.73
2830 0.010015 39.51 379.73
2831 0.010015 39.51 379.73
2832 0.010015 39.51 379.73
2833 0.010015 39.51 379.73
2834 0.010015 39.51 379.73
2835 0.010015 39.51 379.73
2836 0.010015 39.51 379.73
2837 0.010015 39.51 379.73
2838 0.010015 39.51 379.73
2839 0.010015 39.51 379.73
2840 0.010015 39.51 379.73
2841 0.010015 39.51 379.73
2842 0.010015 39.51 379.73
2843 0.010015 39.51 379.73
2844 0.010015 39.51 379.73
2845 0.010015 39.51 379.73
2846 0.010015 39.51 379.73
2847 0.010014 39.51 379.72
2848 0.010014 39.51 379.72
2849 0.010014 39.51 379.72
2851 0.010014 39.51 379.72
2852 0.010014 39.51 379.72
2853 0.010014 39.51 379.72
2854 0.010014 39.51 379.72
2855 0.010014 39.51 379.72
2856 0.010014 39.51 379.72
2857 0.010014 39.51 379.72
2858 0.010014 39.51 379.72
2859 0.010014 39.51 379.72
2860 0.010014 39.51 379.72
2861 0.010014 39.51 379.72
2862 0.010014 39.51 379.72
2863 0.010014 39.51 379.72
2864 0.010014 39.51 379.72
2865 0.010014 39.51 379.72
2866 0.010014 39.51 379.71
2867 0.010014 39.51 379.72
2868 0.010014 39.51 379.72
2869 0.010014 39.51 379.72
2870 0.010014 39.51 379.72
2871 0.010014 39.51 379.72
2872 0.010014 39.51 379.71
2873 0.010014 39.51 379.71
2874 0.010014 39.51 379.72
2875 0.010014 39.51 379.71
2876 0.010014 39.51 379.71
2877 0.010014 39.51 379.71
2878 0.010014 39.51 379.71
2879 0.010014 39.51 379.71
2880 0.010014 39.51 379.71
2881 0.010014 39.51 379.71
2882 0.010014 39.51 379.71
2883 0.010014 39.51 379.71
2884 0.010014 39.51 379.71
2885 0.010014 39.51 379.71
2886 0.010014 39.51 379.72
2887 0.010014 39.51 379.72
2888 0.010014 39.51 379.73
2889 0.010014 39.50 379.73
2890 0.010014 39.50 379.73
2891 0.010014 39.50 379.73
2892 0.010014 39.50 379.73
2893 0.010014 39.50 379.73
2894 0.010014 39.50 379.73
2895 0.010014 39.50 379.73
2896 0.010014 39.50 379.73
2897 0.010014 39.50 379.73
2898 0.010014 39.50 379.73
2899 0.010014 39.50 379.73
2901 0.010014 39.50 379.73
2902 0.010014 39.50 379.73
2903 0.010014 39.50 379.73
2904 0.010014 39.50 379.73
2905 0.010014 39.50 379.73
2906 0.010014 39.50 379.73
2907 0.010014 39.50 379.73
2908 0.010014 39.50 379.73
2909 0.010014 39.50 379.74
2910 0.010014 39.50 379.74
2911 0.010014 39.50 379.74
2912 0.010014 39.50 379.74
2913 0.010014 39.50 379.74
2914 0.010014 39.50 379.74
2915 0.010014 39.49 379.74
2916 0.010014 39.50 379.74
2917 0.010014 39.49 379.74
2918 0.010014 39.49 379.74
2919 0.010014 39.49 379.74
2920 0.010014 39.50 379.74
2921 0.010014 39.49 379.74
2922 0.010014 39.50 379.74
2923 0.010014 39.49 379.74
2924 0.010014 39.49 379.74
2925 0.010014 39.49 379.74
2926 0.010014 39.49 379.74
2927 0.010014 39.49 379.74
2928 0.010014 39.49 379.74
2929 0.010014 39.49 379.74
2930 0.010014 39.49 379.74
2931 0.010014 39.49 379.74
2932 0.010014 39.49 379.74
2933 0.010014 39.49 379.75
2934 0.010014 39.49 379.75
2935 0.010014 39.49 379.75
2936 0.010014 39.49 379.75
2937 0.010014 39.49 379.75
2938 0.010014 39.49 379.75
2939 0.010014 39.49 379.75
2940 0.010014 39.49 379.75
2941 0.010014 39.49 379.75
2942 0.010014 39.49 379.75
2943 0.010014 39.49 379.75
2944 0.010014 39.49 379.75
2945 0.010014 39.49 379.75
