0.529177 -24.167303900512707
0.5616936984924623 -16.771144826510863
0.5942103969849246 -8.973818464426586
0.6267270954773869 -1.8361753501667408
0.6592437939698492 3.862158016067042
0.6917604924623115 7.66029661810353
0.7242771909547738 9.422201606996168
0.7567938894472361 9.307023128050787
0.7893105879396984 7.7063548838432325
0.8218272864321609 5.157327529284885
0.8543439849246232 2.244869300699065
0.8868606834170855 -0.49177881273135426
0.9193773819095478 -2.6343669470406894
0.9518940804020101 -3.9325929465485387
0.9844107788944724 -4.3180522049478895
1.0169274773869346 -3.8865884256338177
1.049444175879397 -2.855833915318726
1.0819608743718594 -1.508396153069043
1.1144775728643217 -0.13250968297506915
1.146994271356784 1.0290313356326806
1.1795109698492463 1.8137737665183522
1.2120276683417086 2.1545111182076653
1.244544366834171 2.0746114848880097
1.2770610653266332 1.6677536345086992
1.3095777638190955 1.068337307744514
1.3420944623115578 0.4195648527929734
1.3746111608040201 -0.1545321678277105
1.4071278592964824 -0.5686497505612351
1.4396445577889447 -0.7852271389801899
1.472161256281407 -0.8131366384295688
1.5046779547738693 -0.6981410667449381
1.5371946532663316 -0.508350021638762
1.569711351758794 -0.3182231538594351
1.6022280502512563 -0.1942620721874846
1.6347447487437186 -0.18462193221057532
1.6672614472361809 -0.3137323822502367
1.6997781457286432 -0.5819068038636033
1.7322948442211055 -0.9690393743330787
1.7648115427135678 -1.4409552585293568
1.79732824120603 -1.9568143104152114
1.8298449396984924 -2.476122818159638
1.8623616381909547 -2.9642829490803706
1.894878336683417 -3.3960891374226776
1.9273950351758793 -3.757055856180159
1.9599117336683418 -4.042849164348809
1.9924284321608041 -4.25734727031886
2.024945130653266 -4.409960547771334
2.0574618291457285 -4.512815449608752
2.089978527638191 -4.578285065881573
2.122495226130653 -4.61717521724313
2.1550119246231154 -4.637690971074335
2.1875286231155777 -4.645147853667368
2.22004532160804 -4.642276207159739
2.2525620201005023 -4.629904725274173
2.2850787185929646 -4.607797760367248
2.317595417085427 -4.5754501915944275
2.3501121155778892 -4.532698929257094
2.3826288140703515 -4.480076181891491
2.4151455125628143 -4.418893031535845
2.4476622110552766 -4.3510928704108665
2.480178909547739 -4.278947374623385
2.512695608040201 -4.204681581484692
2.5452123065326635 -4.130111297310577
2.577729005025126 -4.056359729149335
2.610245703517588 -3.983696200515624
2.6427624020100504 -3.911513377817755
2.6752791005025127 -3.8384351097301987
2.707795798994975 -3.762527998736914
2.7403124974874373 -3.6815779543103417
2.7728291959798996 -3.5933886028178676
2.805345894472362 -3.496060795030644
2.8378625929648242 -3.3882200175612525
2.8703792914572865 -3.2691693348060653
2.902895989949749 -3.13895756182319
2.935412688442211 -2.9983639160454914
2.9679293869346735 -2.8488100447157194
3.0004460854271358 -2.692217202982647
3.032962783919598 -2.5308301002169173
3.0654794824120604 -2.367029625507712
3.0979961809045227 -2.203154742855986
3.130512879396985 -2.0413499759379192
3.1630295778894473 -1.8834498485357472
3.1955462763819096 -1.730906172104369
3.228062974874372 -1.5847588463857392
3.260579673366834 -1.4456463828501
3.2930963718592965 -1.3138490159053617
3.325613070351759 -1.1893551932425908
3.358129768844221 -1.0719414298691845
3.3906464673366834 -0.9612558339958923
3.4231631658291457 -0.8568968374056567
3.455679864321608 -0.7584805080496153
3.4881965628140703 -0.6656919959405059
3.5207132613065326 -0.5783188923360285
3.553229959798995 -0.49626633882144233
3.5857466582914572 -0.4195554377238295
3.6182633567839195 -0.3483077841119666
3.650780055276382 -0.28271972135917167
3.683296753768844 -0.22303023120002763
3.7158134522613064 -0.16948626356679597
3.7483301507537687 -0.12230887917939981
3.780846849246231 -0.08166292233909189
3.8133635477386933 -0.04763216874562204
3.8458802462311557 -0.020201100582198706
3.878396944723618 0.000756270452257013
3.9109136432160803 0.015480723435757682
3.9434303417085426 0.024325939983100398
3.975947040201005 0.027751345700380625
4.008463738693467 0.026310750807169825
4.0409804371859295 0.0206378559651057
4.073497135678392 0.011429585832956946
4.106013834170854 -0.0005719513192161685
4.138530532663316 -0.014598264806409134
4.171047231155779 -0.029873602075895178
4.203563929648241 -0.0456340784276108
4.236080628140703 -0.06114657982288918
4.268597326633166 -0.07572721391807136
4.301114025125628 -0.08875903742773517
4.33363072361809 -0.09970869624521583
4.3661474221105525 -0.10814149888028624
4.398664120603015 -0.11373432799337024
4.431180819095477 -0.11628570428911189
4.463697517587939 -0.11572227492069942
4.496214216080402 -0.11210102317818382
4.528730914572864 -0.10560659911789116
4.561247613065326 -0.09654335519007873
4.593764311557789 -0.08532193110295339
4.626281010050251 -0.07244055398587079
4.658797708542713 -0.05846158103486232
4.6913144070351755 -0.043984184361761436
4.723831105527638 -0.029614429899083916
4.7563478040201 -0.015934300658045686
4.7888645025125625 -0.003471428481134353
4.821381201005025 0.00732859954223386
4.853897899497487 0.016125523014125065
4.886414597989949 0.02270161269007076
4.918931296482412 0.026971444251103094
4.951447994974874 0.028983330454138923
4.983964693467336 0.02891204883417231
5.016481391959799 0.02704312186324387
5.048998090452261 0.023749554029564024
5.081514788944723 0.019462555857899133
5.1140314874371855 0.014638335047493456
5.146548185929648 0.009723456936626462
5.179064884422111 0.005121522699482739
5.211581582914573 0.0011639453405223321
5.244098281407036 -0.0019126044917356921
5.276614979899498 -0.003979966055339901
5.30913167839196 -0.005022042529162718
5.3416483768844225 -0.005127603320943308
5.374165075376885 -0.004472825346965692
5.406681773869347 -0.003295150816484238
5.439198472361809 -0.001861082659161184
5.471715170854272 -0.0004314220313972328
5.504231869346734 0.00077194858022267
5.536748567839196 0.0015934403290884802
5.569265266331659 0.001961314308573492
5.601781964824121 0.0018923499101219932
5.634298663316583 0.0014820763371972134
5.6668153618090455 0.0008811048446659697
5.699332060301508 0.0002606082744023297
5.73184875879397 -0.0002273431273351889
5.7643654572864325 -0.0004864889051532373
5.796882155778895 -0.0005005212733522058
5.829398854271357 -0.0003352741841808893
5.861915552763819 -0.00011261513827776071
5.894432251256282 4.302132219891064e-5
5.926948949748744 7.124594048946165e-5
5.959465648241206 1.985052222153172e-5
5.991982346733669 -1.2813579814974219e-6
6.024499045226131 0.0
6.057015743718593 0.0
6.0895324422110555 0.0
6.122049140703518 0.0
6.15456583919598 0.0
6.187082537688442 0.0
6.219599236180905 0.0
6.252115934673367 0.0
6.284632633165829 0.0
6.317149331658292 0.0
6.349666030150754 0.0
6.382182728643216 0.0
6.4146994271356785 0.0
6.447216125628141 0.0
6.479732824120603 0.0
6.5122495226130654 0.0
6.544766221105528 0.0
6.57728291959799 0.0
6.609799618090452 0.0
6.642316316582915 0.0
6.674833015075377 0.0
6.707349713567839 0.0
6.739866412060302 0.0
6.772383110552764 0.0
6.804899809045226 0.0
6.8374165075376885 0.0
6.869933206030151 0.0
6.902449904522613 0.0
6.934966603015075 0.0
6.967483301507538 0.0
7.0 0.0
