0.529177 2.2224046993978845
0.5616936984924623 -1.5436037966519507
0.5942103969849246 -3.629268032467735
0.6267270954773869 -3.666430029375988
0.6592437939698492 -2.1875783317482274
0.6917604924623115 -0.18943091147593805
0.7242771909547738 1.38276920284261
0.7567938894472361 2.002203999307312
0.7893105879396984 1.6639833864010143
0.8218272864321609 0.7488496490714169
0.8543439849246232 -0.23397117445711046
0.8868606834170855 -0.8859767288668081
0.9193773819095478 -1.047038074966622
0.9518940804020101 -0.7907195475181652
0.9844107788944724 -0.32748180242015223
1.0169274773869346 0.11778233474433364
1.049444175879397 0.39678015122808574
1.0819608743718594 0.4704560897553165
1.1144775728643217 0.38817585509423225
1.146994271356784 0.23838765619257174
1.1795109698492463 0.09942270140891196
1.2120276683417086 0.010255449937176309
1.244544366834171 -0.03287696930055972
1.2770610653266332 -0.06007450584729668
1.3095777638190955 -0.10373375294693687
1.3420944623115578 -0.17870740064427082
1.3746111608040201 -0.2738826472450455
1.4071278592964824 -0.3564004083054897
1.4396445577889447 -0.38486177923368814
1.472161256281407 -0.32545427118566295
1.5046779547738693 -0.16509401903385879
1.5371946532663316 0.08232237291667843
1.569711351758794 0.37772227909590583
1.6022280502512563 0.6653950700710993
1.6347447487437186 0.885340842705773
1.6672614472361809 0.9860061790986947
1.6997781457286432 0.9344414214610879
1.7322948442211055 0.7219849248031096
1.7648115427135678 0.36486224393775046
1.79732824120603 -0.09975933383248048
1.8298449396984924 -0.6209174695104593
1.8623616381909547 -1.1424896127464308
1.894878336683417 -1.6116372551769018
1.9273950351758793 -1.9857158952836471
1.9599117336683418 -2.23680861732646
1.9924284321608041 -2.353579624577833
2.024945130653266 -2.3406173982220935
2.0574618291457285 -2.215781874177992
2.089978527638191 -2.006261246811846
2.122495226130653 -1.7440886133899767
2.1550119246231154 -1.4617950925112382
2.1875286231155777 -1.1887235113717907
2.22004532160804 -0.9483360697886383
2.2525620201005023 -0.7566562807041919
2.2850787185929646 -0.6218167385068227
2.317595417085427 -0.544556358252521
2.3501121155778892 -0.5194303933585616
2.3826288140703515 -0.5364625410675217
2.4151455125628143 -0.5829739360815438
2.4476622110552766 -0.6453587792293547
2.480178909547739 -0.7106296678612125
2.512695608040201 -0.7676169131555071
2.5452123065326635 -0.8077664834927418
2.577729005025126 -0.8255342307347746
2.610245703517588 -0.8184156981897104
2.6427624020100504 -0.7866792852200888
2.6752791005025127 -0.7328859232002287
2.707795798994975 -0.6612821382914262
2.7403124974874373 -0.5771477374237293
2.7728291959798996 -0.48616705381027714
2.805345894472362 -0.39387644640555663
2.8378625929648242 -0.3052230229423003
2.8703792914572865 -0.22425236857998243
2.902895989949749 -0.1539279036314838
2.935412688442211 -0.09607231547124684
2.9679293869346735 -0.05141276334870781
3.0004460854271358 -0.01970627261653135
3.032962783919598 8.037295265239663e-5
3.0654794824120604 0.009561373984979582
3.0979961809045227 0.010715831862398773
3.130512879396985 0.0056834119313862175
3.1630295778894473 -0.0034143726279580733
3.1955462763819096 -0.01461825852857146
3.228062974874372 -0.02623631754067901
3.260579673366834 -0.03690963852204732
3.2930963718592965 -0.04564141416631173
3.325613070351759 -0.051794540509945364
3.358129768844221 -0.055064240772480844
3.3906464673366834 -0.055432807881516055
3.4231631658291457 -0.053113449404918356
3.455679864321608 -0.04848957178910496
3.4881965628140703 -0.04205482626821322
3.5207132613065326 -0.03435801894738688
3.553229959798995 -0.025955708157198387
3.5857466582914572 -0.01737409249653865
3.6182633567839195 -0.009080722415092168
3.650780055276382 -0.0014657047177024651
3.683296753768844 0.005168559455341892
3.7158134522613064 0.010610454901325284
3.7483301507537687 0.014736578435986303
3.780846849246231 0.017505032768895035
3.8133635477386933 0.018945968029584037
3.8458802462311557 0.019150520678522298
3.878396944723618 0.018259028665852384
3.9109136432160803 0.016449131811896223
3.9434303417085426 0.01392413101348211
3.975947040201005 0.010901801810177858
4.008463738693467 0.007603749074405641
4.0409804371859295 0.004245351046847645
4.073497135678392 0.0010263641324854689
4.106013834170854 -0.0018776717170112533
4.138530532663316 -0.0043229949133092305
4.171047231155779 -0.006203827635545167
4.203563929648241 -0.00745683342393022
4.236080628140703 -0.008063413566560484
4.268597326633166 -0.008049467682212708
4.301114025125628 -0.0074823519244091585
4.33363072361809 -0.006464945425250335
4.3661474221105525 -0.005126972213474801
4.398664120603015 -0.0036140036063443404
4.431180819095477 -0.002074857757179416
4.463697517587939 -0.0006483855104306713
4.496214216080402 0.0005491529627761338
4.528730914572864 0.0014347968135552946
4.561247613065326 0.0019663669881992973
4.593764311557789 0.002145585051039234
4.626281010050251 0.0020160438907623757
4.658797708542713 0.0016557796698180027
4.6913144070351755 0.0011648882973531727
4.723831105527638 0.0006494371446024161
4.7563478040201 0.00020376426800794434
4.7888645025125625 -0.00010598252447380219
4.821381201005025 -0.00025369360992044676
4.853897899497487 -0.00025708098291943315
4.886414597989949 -0.0001705629692878574
4.918931296482412 -6.603473411814775e-5
4.951447994974874 -3.2909993024077266e-6
4.983964693467336 3.3689466363284737e-6
5.016481391959799 0.0
5.048998090452261 0.0
5.081514788944723 0.0
5.1140314874371855 0.0
5.146548185929648 0.0
5.179064884422111 0.0
5.211581582914573 0.0
5.244098281407036 0.0
5.276614979899498 0.0
5.30913167839196 0.0
5.3416483768844225 0.0
5.374165075376885 0.0
5.406681773869347 0.0
5.439198472361809 0.0
5.471715170854272 0.0
5.504231869346734 0.0
5.536748567839196 0.0
5.569265266331659 0.0
5.601781964824121 0.0
5.634298663316583 0.0
5.6668153618090455 0.0
5.699332060301508 0.0
5.73184875879397 0.0
5.7643654572864325 0.0
5.796882155778895 0.0
5.829398854271357 0.0
5.861915552763819 0.0
5.894432251256282 0.0
5.926948949748744 0.0
5.959465648241206 0.0
5.991982346733669 0.0
6.024499045226131 0.0
6.057015743718593 0.0
6.0895324422110555 0.0
6.122049140703518 0.0
6.15456583919598 0.0
6.187082537688442 0.0
6.219599236180905 0.0
6.252115934673367 0.0
6.284632633165829 0.0
6.317149331658292 0.0
6.349666030150754 0.0
6.382182728643216 0.0
6.4146994271356785 0.0
6.447216125628141 0.0
6.479732824120603 0.0
6.5122495226130654 0.0
6.544766221105528 0.0
6.57728291959799 0.0
6.609799618090452 0.0
6.642316316582915 0.0
6.674833015075377 0.0
6.707349713567839 0.0
6.739866412060302 0.0
6.772383110552764 0.0
6.804899809045226 0.0
6.8374165075376885 0.0
6.869933206030151 0.0
6.902449904522613 0.0
6.934966603015075 0.0
6.967483301507538 0.0
7.0 0.0
