0.529177 -0.008180069057402761
0.5616936984924623 -0.00215853674723121
0.5942103969849246 0.005675855987476552
0.6267270954773869 0.003623341334161978
0.6592437939698492 -0.003470645571667319
0.6917604924623115 -0.004181187267136011
0.7242771909547738 0.0015732463107838157
0.7567938894472361 0.0041872473596527016
0.7893105879396984 9.375870530448083e-5
0.8218272864321609 -0.0037557064522388828
0.8543439849246232 -0.0015642975079117605
0.8868606834170855 0.002876765719179275
0.9193773819095478 0.002776099403831722
0.9518940804020101 -0.0015018082247024722
0.9844107788944724 -0.003546357616585283
1.0169274773869346 -0.00037910004334662517
1.049444175879397 0.0035832512345450596
1.0819608743718594 0.0027462509774522914
1.1144775728643217 -0.0024015630686449185
1.146994271356784 -0.006178379634150133
1.1795109698492463 -0.004746540429039214
1.2120276683417086 -0.0003685959001131778
1.244544366834171 0.0015355647319097443
1.2770610653266332 -0.001626094272012324
1.3095777638190955 -0.007253667456666335
1.3420944623115578 -0.01061432471402668
1.3746111608040201 -0.00946952659165845
1.4071278592964824 -0.005680376477471327
1.4396445577889447 -0.0029078128019364158
1.472161256281407 -0.003184831033536284
1.5046779547738693 -0.005509715630296341
1.5371946532663316 -0.007213378386552449
1.569711351758794 -0.006417088535158655
1.6022280502512563 -0.0034128785687812524
1.6347447487437186 -0.00012999143518754863
1.6672614472361809 0.0015150230755693883
1.6997781457286432 0.0009544195241346642
1.7322948442211055 -0.0008815105596795547
1.7648115427135678 -0.002448343841422229
1.79732824120603 -0.002691370887418998
1.8298449396984924 -0.00160613742662008
1.8623616381909547 -2.3659191356273368e-5
1.894878336683417 0.0010710597744036932
1.9273950351758793 0.0011678843566187425
1.9599117336683418 0.00044509243076618077
1.9924284321608041 -0.0004648967433240614
2.024945130653266 -0.0009253947207525925
2.0574618291457285 -0.0006618567358600558
2.089978527638191 0.00013945043900776
2.122495226130653 0.0009991726842031312
2.1550119246231154 0.0014382236534515869
2.1875286231155777 0.0012227891115799139
2.22004532160804 0.000449024391173225
2.2525620201005023 -0.0005425527520515061
2.2850787185929646 -0.0013505111953691085
2.317595417085427 -0.0016921590234346695
2.3501121155778892 -0.0015016087889421215
2.3826288140703515 -0.0009210277287934332
2.4151455125628143 -0.00021067058901280689
2.4476622110552766 0.0003690066690751337
2.480178909547739 0.0006509480704153248
2.512695608040201 0.000600548944134971
2.5452123065326635 0.00029832266932317
2.577729005025126 -0.00011377247869859275
2.610245703517588 -0.0004938109901218013
2.6427624020100504 -0.0007452285002500503
2.6752791005025127 -0.0008343946935269742
2.707795798994975 -0.0007821229262390261
2.7403124974874373 -0.0006397817071501777
2.7728291959798996 -0.00046315691145082383
2.805345894472362 -0.00029409574284500195
2.8378625929648242 -0.0001539910518886245
2.8703792914572865 -4.739534375630683e-5
2.902895989949749 2.9373556174050464e-5
2.935412688442211 8.018741931437035e-5
2.9679293869346735 0.0001052300529522654
3.0004460854271358 0.00010197566371061839
3.032962783919598 6.923208582065854e-5
3.0654794824120604 1.1319504892526311e-5
3.0979961809045227 -6.0167201411331916e-5
3.130512879396985 -0.00012812386165705902
3.1630295778894473 -0.00017461300194554497
3.1955462763819096 -0.00018655948395007727
3.228062974874372 -0.0001601976406959693
3.260579673366834 -0.00010255505873146831
3.2930963718592965 -2.94255480071115e-5
3.325613070351759 3.9431451170912624e-5
3.358129768844221 8.61999550352266e-5
3.3906464673366834 0.00010007910157128208
3.4231631658291457 7.997003206128284e-5
3.455679864321608 3.4107262024463125e-5
3.4881965628140703 -2.3018864112600568e-5
3.5207132613065326 -7.528918439447807e-5
3.553229959798995 -0.00010960412311078471
3.5857466582914572 -0.00011917123566718146
3.6182633567839195 -0.00010460863620664895
3.650780055276382 -7.279300672280442e-5
3.683296753768844 -3.406996336252632e-5
3.7158134522613064 1.1362948271198547e-6
3.7483301507537687 2.522702277474309e-5
3.780846849246231 3.505095202172015e-5
3.8133635477386933 3.194991478494558e-5
3.8458802462311557 2.0462360566853022e-5
3.878396944723618 6.304452085714729e-6
3.9109136432160803 -5.615272186787479e-6
3.9434303417085426 -1.2518317021203984e-5
3.975947040201005 -1.4102628028922481e-5
4.008463738693467 -1.1977633732840332e-5
4.0409804371859295 -8.55652859854672e-6
4.073497135678392 -5.9079670222672576e-6
4.106013834170854 -5.00459327668068e-6
4.138530532663316 -5.587803059370344e-6
4.171047231155779 -6.593699538370856e-6
4.203563929648241 -6.864702697839675e-6
4.236080628140703 -5.786732629076141e-6
4.268597326633166 -3.5669929729920113e-6
4.301114025125628 -1.0600115842862579e-6
4.33363072361809 7.299362891899364e-7
4.3661474221105525 1.1933564678656694e-6
4.398664120603015 4.208429231766786e-7
4.431180819095477 -8.838008511702355e-7
4.463697517587939 -1.8241724433210038e-6
4.496214216080402 -1.824149080675852e-6
4.528730914572864 -9.365189725940581e-7
4.561247613065326 2.362988311688241e-7
4.593764311557789 9.624704944144469e-7
4.626281010050251 8.739417012293416e-7
4.658797708542713 1.9749239754673908e-7
4.6913144070351755 -4.5222031985758804e-7
4.723831105527638 -5.778380227638991e-7
4.7563478040201 -2.0140765855103382e-7
4.7888645025125625 2.055605818895856e-7
4.821381201005025 2.3681673155806493e-7
4.853897899497487 -7.673804702790221e-9
4.886414597989949 -1.1469757055238006e-7
4.918931296482412 -1.9039703147427645e-9
4.951447994974874 2.3418238015437964e-8
4.983964693467336 -3.740012743946863e-9
5.016481391959799 0.0
5.048998090452261 0.0
5.081514788944723 0.0
5.1140314874371855 0.0
5.146548185929648 0.0
5.179064884422111 0.0
5.211581582914573 0.0
5.244098281407036 0.0
5.276614979899498 0.0
5.30913167839196 0.0
5.3416483768844225 0.0
5.374165075376885 0.0
5.406681773869347 0.0
5.439198472361809 0.0
5.471715170854272 0.0
5.504231869346734 0.0
5.536748567839196 0.0
5.569265266331659 0.0
5.601781964824121 0.0
5.634298663316583 0.0
5.6668153618090455 0.0
5.699332060301508 0.0
5.73184875879397 0.0
5.7643654572864325 0.0
5.796882155778895 0.0
5.829398854271357 0.0
5.861915552763819 0.0
5.894432251256282 0.0
5.926948949748744 0.0
5.959465648241206 0.0
5.991982346733669 0.0
6.024499045226131 0.0
6.057015743718593 0.0
6.0895324422110555 0.0
6.122049140703518 0.0
6.15456583919598 0.0
6.187082537688442 0.0
6.219599236180905 0.0
6.252115934673367 0.0
6.284632633165829 0.0
6.317149331658292 0.0
6.349666030150754 0.0
6.382182728643216 0.0
6.4146994271356785 0.0
6.447216125628141 0.0
6.479732824120603 0.0
6.5122495226130654 0.0
6.544766221105528 0.0
6.57728291959799 0.0
6.609799618090452 0.0
6.642316316582915 0.0
6.674833015075377 0.0
6.707349713567839 0.0
6.739866412060302 0.0
6.772383110552764 0.0
6.804899809045226 0.0
6.8374165075376885 0.0
6.869933206030151 0.0
6.902449904522613 0.0
6.934966603015075 0.0
6.967483301507538 0.0
7.0 0.0
