0.529177 0.036051301256520674
0.5616936984924623 -0.12908609960140893
0.5942103969849246 -0.18974268313832
0.6267270954773869 -0.15164412672129401
0.6592437939698492 -0.06012248999104486
0.6917604924623115 0.03019017338010599
0.7242771909547738 0.08148498508489865
0.7567938894472361 0.08415504108415917
0.7893105879396984 0.052313849879283225
0.8218272864321609 0.010049368589534424
0.8543439849246232 -0.02245781851343054
0.8868606834170855 -0.03642275266793149
0.9193773819095478 -0.03407574203083641
0.9518940804020101 -0.023230106664414052
0.9844107788944724 -0.011213041136215907
1.0169274773869346 -0.0014725668534083525
1.049444175879397 0.006267922140978044
1.0819608743718594 0.013586285311248503
1.1144775728643217 0.02080796242626093
1.146994271356784 0.02596694222302176
1.1795109698492463 0.025700364201838966
1.2120276683417086 0.0173373889629147
1.244544366834171 0.0008996189299068647
1.2770610653266332 -0.020082614611965255
1.3095777638190955 -0.039361224216918345
1.3420944623115578 -0.050030437278110185
1.3746111608040201 -0.047006709643028444
1.4071278592964824 -0.028976676863749162
1.4396445577889447 0.0008689547685207799
1.472161256281407 0.03552173069329001
1.5046779547738693 0.0659878488186223
1.5371946532663316 0.08366638723055075
1.569711351758794 0.08257484851674235
1.6022280502512563 0.060840298488983535
1.6347447487437186 0.021132958338057506
1.6672614472361809 -0.029977373020301457
1.6997781457286432 -0.08350055268965662
1.7322948442211055 -0.1299374894806533
1.7648115427135678 -0.16117679666967888
1.79732824120603 -0.17199176049143716
1.8298449396984924 -0.1608857069441001
1.8623616381909547 -0.13019576982333092
1.894878336683417 -0.08551718132730457
1.9273950351758793 -0.034624638208697434
1.9599117336683418 0.013870067545212805
1.9924284321608041 0.051875169869163074
2.024945130653266 0.07297596770877135
2.0574618291457285 0.07324036595309735
2.089978527638191 0.05159781847214617
2.122495226130653 0.009790984580831719
2.1550119246231154 -0.04803923263534671
2.1875286231155777 -0.1160328890382516
2.22004532160804 -0.1874321398936445
2.2525620201005023 -0.25542232092448103
2.2850787185929646 -0.3138874139676773
2.317595417085427 -0.35800148744965554
2.3501121155778892 -0.3846098756130232
2.3826288140703515 -0.3923859720944165
2.4151455125628143 -0.38177759518112
2.4476622110552766 -0.3547783344565687
2.480178909547739 -0.3145728833460453
2.512695608040201 -0.2651110715687537
2.5452123065326635 -0.21066403083932528
2.577729005025126 -0.15540915658675658
2.610245703517588 -0.10308006168452266
2.6427624020100504 -0.0567053756894893
2.6752791005025127 -0.018447666212523472
2.707795798994975 0.010457725464220857
2.7403124974874373 0.02967359151261917
2.7728291959798996 0.03965803197752393
2.805345894472362 0.04150852558086626
2.8378625929648242 0.03677499085642921
2.8703792914572865 0.027263107216640492
2.902895989949749 0.014846548592686304
2.935412688442211 0.0013029384026594926
2.9679293869346735 -0.011816168163932161
3.0004460854271358 -0.023275611061762902
3.032962783919598 -0.03220594729828008
3.0654794824120604 -0.03811418292207236
3.0979961809045227 -0.04086122690932825
3.130512879396985 -0.040613340148411226
3.1630295778894473 -0.03777587352306
3.1955462763819096 -0.032917743617872475
3.228062974874372 -0.026694515603594482
3.260579673366834 -0.01977682043252571
3.2930963718592965 -0.012789314170731814
3.325613070351759 -0.006263676761591341
3.358129768844221 -0.0006074158736737445
3.3906464673366834 0.00391136725738761
3.4231631658291457 0.007164467640905059
3.455679864321608 0.009151604659564327
3.4881965628140703 0.009978987462091027
3.5207132613065326 0.009831777389990748
3.553229959798995 0.008943835435275105
3.5857466582914572 0.007567882730654674
3.6182633567839195 0.005948715164777241
3.650780055276382 0.004301469230995281
3.683296753768844 0.0027962083386228187
3.7158134522613064 0.001549357024487108
3.7483301507537687 0.0006218171965883812
3.780846849246231 2.300719279446639e-5
3.8133635477386933 -0.0002803915722324746
3.8458802462311557 -0.00035249124630354345
3.878396944723618 -0.00027469578344607726
3.9109136432160803 -0.00013224435679148883
3.9434303417085426 -2.2247932065511122e-6
3.975947040201005 5.581278674071655e-5
4.008463738693467 5.88720831729006e-6
4.0409804371859295 -0.00016207535009016283
4.073497135678392 -0.00043351469867047854
4.106013834170854 -0.0007736577408650192
4.138530532663316 -0.001134309706685599
4.171047231155779 -0.0014620192469010362
4.203563929648241 -0.0017065151205315487
4.236080628140703 -0.0018283259087183978
4.268597326633166 -0.001804624935175525
4.301114025125628 -0.0016325769138347823
4.33363072361809 -0.00132977823705005
4.3661474221105525 -0.0009317486346844817
4.398664120603015 -0.0004868112810072489
4.431180819095477 -4.905137939203996e-5
4.463697517587939 0.0003296713184681721
4.496214216080402 0.0006075008186599007
4.528730914572864 0.0007589564520458225
4.561247613065326 0.0007788179227645742
4.593764311557789 0.0006827300076110987
4.626281010050251 0.0005041790209361352
4.658797708542713 0.0002880692027247278
4.6913144070351755 8.177962808986194e-5
4.723831105527638 -7.477009603462648e-5
4.7563478040201 -0.00015798571439518128
4.7888645025125625 -0.0001660650195844937
4.821381201005025 -0.00011890219320775941
4.853897899497487 -5.10875579493586e-5
4.886414597989949 1.6137582861119881e-6
4.918931296482412 1.9001105101779103e-5
4.951447994974874 8.652577889733948e-6
4.983964693467336 -4.519861249718815e-7
5.016481391959799 0.0
5.048998090452261 0.0
5.081514788944723 0.0
5.1140314874371855 0.0
5.146548185929648 0.0
5.179064884422111 0.0
5.211581582914573 0.0
5.244098281407036 0.0
5.276614979899498 0.0
5.30913167839196 0.0
5.3416483768844225 0.0
5.374165075376885 0.0
5.406681773869347 0.0
5.439198472361809 0.0
5.471715170854272 0.0
5.504231869346734 0.0
5.536748567839196 0.0
5.569265266331659 0.0
5.601781964824121 0.0
5.634298663316583 0.0
5.6668153618090455 0.0
5.699332060301508 0.0
5.73184875879397 0.0
5.7643654572864325 0.0
5.796882155778895 0.0
5.829398854271357 0.0
5.861915552763819 0.0
5.894432251256282 0.0
5.926948949748744 0.0
5.959465648241206 0.0
5.991982346733669 0.0
6.024499045226131 0.0
6.057015743718593 0.0
6.0895324422110555 0.0
6.122049140703518 0.0
6.15456583919598 0.0
6.187082537688442 0.0
6.219599236180905 0.0
6.252115934673367 0.0
6.284632633165829 0.0
6.317149331658292 0.0
6.349666030150754 0.0
6.382182728643216 0.0
6.4146994271356785 0.0
6.447216125628141 0.0
6.479732824120603 0.0
6.5122495226130654 0.0
6.544766221105528 0.0
6.57728291959799 0.0
6.609799618090452 0.0
6.642316316582915 0.0
6.674833015075377 0.0
6.707349713567839 0.0
6.739866412060302 0.0
6.772383110552764 0.0
6.804899809045226 0.0
6.8374165075376885 0.0
6.869933206030151 0.0
6.902449904522613 0.0
6.934966603015075 0.0
6.967483301507538 0.0
7.0 0.0
