0.529177 2.1335478542917485
0.5616936984924623 0.6991842613750805
0.5942103969849246 -1.1532303984765235
0.6267270954773869 -1.5389489361895698
0.6592437939698492 -0.31834226890129
0.6917604924623115 1.0778599712642176
0.7242771909547738 1.262453037017906
0.7567938894472361 0.17942181457686956
0.7893105879396984 -1.0435448405451666
0.8218272864321609 -1.2638531731391822
0.8543439849246232 -0.302875023535762
0.8868606834170855 1.0292069456563127
0.9193773819095478 1.662494636158442
0.9518940804020101 1.0220238448068244
0.9844107788944724 -0.7269099347736869
1.0169274773869346 -2.952489526095178
1.049444175879397 -5.0087825964533295
1.0819608743718594 -6.5356375251167265
1.1144775728643217 -7.495985686502081
1.146994271356784 -8.039925147189876
1.1795109698492463 -8.344584555402719
1.2120276683417086 -8.524116790248286
1.244544366834171 -8.620974581142832
1.2770610653266332 -8.640250592334894
1.3095777638190955 -8.585054277925735
1.3420944623115578 -8.472005592228982
1.3746111608040201 -8.32763297284248
1.4071278592964824 -8.176681215623091
1.4396445577889447 -8.032560074808373
1.472161256281407 -7.894482862595282
1.5046779547738693 -7.750640607927039
1.5371946532663316 -7.584286068764072
1.569711351758794 -7.3795934595179915
1.6022280502512563 -7.125390422173609
1.6347447487437186 -6.816272046923416
1.6672614472361809 -6.451657374686988
1.6997781457286432 -6.033879310887073
1.7322948442211055 -5.566435846531135
1.7648115427135678 -5.053181968917272
1.79732824120603 -4.498678524499155
1.8298449396984924 -3.9093529754844667
1.8623616381909547 -3.294771633239918
1.894878336683417 -2.6682893162476944
1.9273950351758793 -2.046612374513586
1.9599117336683418 -1.4482481390426756
1.9924284321608041 -0.8912307148719947
2.024945130653266 -0.3907539033788794
2.0574618291457285 0.04265956701493678
2.089978527638191 0.40403323814263103
2.122495226130653 0.6937517145591983
2.1550119246231154 0.9165076839868789
2.1875286231155777 1.0797626433504206
2.22004532160804 1.1921468786684386
2.2525620201005023 1.26214238729699
2.2850787185929646 1.297238681869942
2.317595417085427 1.3035882013560922
2.3501121155778892 1.2860637892045474
2.3826288140703515 1.248558366981797
2.4151455125628143 1.194364387372218
2.4476622110552766 1.126509027885163
2.480178909547739 1.0479760191451533
2.512695608040201 0.9617960012582785
2.5452123065326635 0.8710227486046733
2.577729005025126 0.7786300974959204
2.610245703517588 0.6873679080181319
2.6427624020100504 0.5996111961400175
2.6752791005025127 0.51722999918195
2.707795798994975 0.44150123446007683
2.7403124974874373 0.3730778330752855
2.7728291959798996 0.31202348536396585
2.805345894472362 0.2579123331938149
2.8378625929648242 0.2099821166688116
2.8703792914572865 0.16731844546893626
2.902895989949749 0.12903985290495257
2.935412688442211 0.09445087740135705
2.9679293869346735 0.06313519376004706
3.0004460854271358 0.03497246481089178
3.032962783919598 0.01007877726146944
3.0654794824120604 -0.01131250621926938
3.0979961809045227 -0.028999098776750998
3.130512879396985 -0.042950303812574475
3.1630295778894473 -0.053404663842172795
3.1955462763819096 -0.06090002745361289
3.228062974874372 -0.06622748721940752
3.260579673366834 -0.07031878924698276
3.2930963718592965 -0.0740926060038305
3.325613070351759 -0.0782947740384543
3.358129768844221 -0.08336900369005207
3.3906464673366834 -0.089387446749015
3.4231631658291457 -0.09605664828137606
3.455679864321608 -0.10279714269557871
3.4881965628140703 -0.10887834493314585
3.5207132613065326 -0.11357827013102906
3.553229959798995 -0.11633271385841226
3.5857466582914572 -0.11684184898228978
3.6182633567839195 -0.11511283627328339
3.650780055276382 -0.11143241683174665
3.683296753768844 -0.10627990335268578
3.7158134522613064 -0.10020464527184458
3.7483301507537687 -0.09369971435739899
3.780846849246231 -0.08710345555522281
3.8133635477386933 -0.08055271321069313
3.8458802462311557 -0.07399785009852167
3.878396944723618 -0.06727342580859386
3.9109136432160803 -0.06020357330112347
3.9434303417085426 -0.052711450307356245
3.975947040201005 -0.044900251001422475
4.008463738693467 -0.03707993716261626
4.0409804371859295 -0.029727783097655447
4.073497135678392 -0.023388812150415106
4.106013834170854 -0.018539768108155386
4.138530532663316 -0.015452700895366434
4.171047231155779 -0.01409775840409111
4.203563929648241 -0.014117546863417374
4.236080628140703 -0.014888301096448231
4.268597326633166 -0.015659724284944332
4.301114025125628 -0.015741544786578743
4.33363072361809 -0.014687381234239183
4.3661474221105525 -0.012421436296449428
4.398664120603015 -0.009264293226181053
4.431180819095477 -0.0058400148119517326
4.463697517587939 -0.0028824119418686678
4.496214216080402 -0.0009940897585920538
4.528730914572864 -0.0004357480835324168
4.561247613065326 -0.0010242560456958927
4.593764311557789 -0.002190312561367591
4.626281010050251 -0.0031929586781984653
4.658797708542713 -0.0034227895736194114
4.6913144070351755 -0.00267247179357355
4.723831105527638 -0.0012406996894469557
4.7563478040201 0.00021356530066896084
4.7888645025125625 0.00103452841761964
4.821381201005025 0.0009740544028318254
4.853897899497487 0.0003659441625813997
4.886414597989949 -0.00013654499781523555
4.918931296482412 -0.00016056013492971033
4.951447994974874 1.4743665303740272e-5
4.983964693467336 5.0820087267311465e-6
5.016481391959799 0.0
5.048998090452261 0.0
5.081514788944723 0.0
5.1140314874371855 0.0
5.146548185929648 0.0
5.179064884422111 0.0
5.211581582914573 0.0
5.244098281407036 0.0
5.276614979899498 0.0
5.30913167839196 0.0
5.3416483768844225 0.0
5.374165075376885 0.0
5.406681773869347 0.0
5.439198472361809 0.0
5.471715170854272 0.0
5.504231869346734 0.0
5.536748567839196 0.0
5.569265266331659 0.0
5.601781964824121 0.0
5.634298663316583 0.0
5.6668153618090455 0.0
5.699332060301508 0.0
5.73184875879397 0.0
5.7643654572864325 0.0
5.796882155778895 0.0
5.829398854271357 0.0
5.861915552763819 0.0
5.894432251256282 0.0
5.926948949748744 0.0
5.959465648241206 0.0
5.991982346733669 0.0
6.024499045226131 0.0
6.057015743718593 0.0
6.0895324422110555 0.0
6.122049140703518 0.0
6.15456583919598 0.0
6.187082537688442 0.0
6.219599236180905 0.0
6.252115934673367 0.0
6.284632633165829 0.0
6.317149331658292 0.0
6.349666030150754 0.0
6.382182728643216 0.0
6.4146994271356785 0.0
6.447216125628141 0.0
6.479732824120603 0.0
6.5122495226130654 0.0
6.544766221105528 0.0
6.57728291959799 0.0
6.609799618090452 0.0
6.642316316582915 0.0
6.674833015075377 0.0
6.707349713567839 0.0
6.739866412060302 0.0
6.772383110552764 0.0
6.804899809045226 0.0
6.8374165075376885 0.0
6.869933206030151 0.0
6.902449904522613 0.0
6.934966603015075 0.0
6.967483301507538 0.0
7.0 0.0
