0.529177 1209.3780058548382
0.5616936984924623 661.0145159904841
0.5942103969849246 45.89378485696943
0.6267270954773869 -430.5865329602175
0.6592437939698492 -657.0971859091815
0.6917604924623115 -625.7528765847574
0.7242771909547738 -408.0938538752316
0.7567938894472361 -113.09982713393583
0.7893105879396984 155.10600139141934
0.8218272864321609 326.5894799858779
0.8543439849246232 376.48929969579694
0.8868606834170855 319.4566293722819
0.9193773819095478 194.28083633313508
0.9518940804020101 46.345858128737746
0.9844107788944724 -86.23541174317688
1.0169274773869346 -180.02975343646358
1.049444175879397 -227.33902300434056
1.0819608743718594 -232.82964587207425
1.1144775728643217 -208.2339269975255
1.146994271356784 -167.23286624167122
1.1795109698492463 -121.77497104282884
1.2120276683417086 -80.20734462853216
1.244544366834171 -46.96434316298837
1.2770610653266332 -23.257330231403103
1.3095777638190955 -8.184578315984254
1.3420944623115578 0.17849921965171234
1.3746111608040201 3.952930693172675
1.4071278592964824 4.964988606630868
1.4396445577889447 4.54803628717309
1.472161256281407 3.544149351750093
1.5046779547738693 2.4083085555030266
1.5371946532663316 1.3402128279758472
1.569711351758794 0.3990638048726396
1.6022280502512563 -0.4166396877681109
1.6347447487437186 -1.1243050703396875
1.6672614472361809 -1.738579110640785
1.6997781457286432 -2.267935310383109
1.7322948442211055 -2.717573336640271
1.7648115427135678 -3.0930433292560338
1.79732824120603 -3.4021435937374918
1.8298449396984924 -3.654795985919918
1.8623616381909547 -3.861667588538694
1.894878336683417 -4.032527188039239
1.9273950351758793 -4.175063286487784
1.9599117336683418 -4.294469914086221
1.9924284321608041 -4.3937409940044745
2.024945130653266 -4.474400564618918
2.0574618291457285 -4.537342548013839
2.089978527638191 -4.583516680833782
2.122495226130653 -4.614316745128235
2.1550119246231154 -4.631650250885286
2.1875286231155777 -4.6377605499747006
2.22004532160804 -4.63491875148793
2.2525620201005023 -4.625105975563201
2.2850787185929646 -4.609778638205171
2.317595417085427 -4.589766388982753
2.3501121155778892 -4.565308483441186
2.3826288140703515 -4.536200037853632
2.4151455125628143 -4.50199993807837
2.4476622110552766 -4.462247668356213
2.480178909547739 -4.416644154758615
2.512695608040201 -4.365167266609205
2.5452123065326635 -4.308110923409913
2.577729005025126 -4.246053567128911
2.610245703517588 -4.179774163996626
2.6427624020100504 -4.110140502023569
2.6752791005025127 -4.037995342783688
2.707795798994975 -3.9640620024892996
2.7403124974874373 -3.888883823854485
2.7728291959798996 -3.812803589624309
2.805345894472362 -3.7359808956643974
2.8378625929648242 -3.658439123988501
2.8703792914572865 -3.580129697522352
2.902895989949749 -3.5009999948997574
2.935412688442211 -3.421052434339799
2.9679293869346735 -3.340385244178833
3.0004460854271358 -3.259209577317961
3.032962783919598 -3.177842102752038
3.0654794824120604 -3.0966762976131577
3.0979961809045227 -3.0161388079250173
3.130512879396985 -2.936639097530133
3.1630295778894473 -2.8585210419096256
3.1955462763819096 -2.7820242354791844
3.228062974874372 -2.70726082528563
3.260579673366834 -2.634211032103849
3.2930963718592965 -2.5627375957810727
3.325613070351759 -2.492616602754424
3.358129768844221 -2.4235798812842404
3.3906464673366834 -2.3553626507164154
3.4231631658291457 -2.2877495351312973
3.455679864321608 -2.2206124250133144
3.4881965628140703 -2.1539349019330984
3.5207132613065326 -2.0878198418522516
3.553229959798995 -2.0224791227465175
3.5857466582914572 -1.9582067849605664
3.6182633567839195 -1.8953392276725936
3.650780055276382 -1.8342078008172393
3.683296753768844 -1.7750902552616026
3.7158134522613064 -1.7181678091892536
3.7483301507537687 -1.663494031276059
3.780846849246231 -1.6109803818708315
3.8133635477386933 -1.5604012324511132
3.8458802462311557 -1.5114187181206944
3.878396944723618 -1.463625140946533
3.9109136432160803 -1.4165981373553223
3.9434303417085426 -1.369961756059638
3.975947040201005 -1.3234452412943938
4.008463738693467 -1.276930899488434
4.0409804371859295 -1.2304830829925777
4.073497135678392 -1.1843520856473333
4.106013834170854 -1.138949528491139
4.138530532663316 -1.0947954137973284
4.171047231155779 -1.0524411178175797
4.203563929648241 -1.0123767483637494
4.236080628140703 -0.9749350041638536
4.268597326633166 -0.9402063845755038
4.301114025125628 -0.9079817551519227
4.33363072361809 -0.877737373313721
4.3661474221105525 -0.8486741282395087
4.398664120603015 -0.8198167404898413
4.431180819095477 -0.7901700434904342
4.463697517587939 -0.7589186052282457
4.496214216080402 -0.7256436263687647
4.528730914572864 -0.6905185400373739
4.561247613065326 -0.654433871168294
4.593764311557789 -0.6189951591040881
4.626281010050251 -0.5863382808784081
4.658797708542713 -0.5587182764647878
4.6913144070351755 -0.5378555350562237
4.723831105527638 -0.5240725841558742
4.7563478040201 -0.5153322642308922
4.7888645025125625 -0.5064012321126938
4.821381201005025 -0.48851991757510405
4.853897899497487 -0.4501706041119178
4.886414597989949 -0.3798094935809786
4.918931296482412 -0.27177763186955417
4.951447994974874 -0.13704148265787808
4.983964693467336 -0.020949632647898397
5.016481391959799 0.0
5.048998090452261 0.0
5.081514788944723 0.0
5.1140314874371855 0.0
5.146548185929648 0.0
5.179064884422111 0.0
5.211581582914573 0.0
5.244098281407036 0.0
5.276614979899498 0.0
5.30913167839196 0.0
5.3416483768844225 0.0
5.374165075376885 0.0
5.406681773869347 0.0
5.439198472361809 0.0
5.471715170854272 0.0
5.504231869346734 0.0
5.536748567839196 0.0
5.569265266331659 0.0
5.601781964824121 0.0
5.634298663316583 0.0
5.6668153618090455 0.0
5.699332060301508 0.0
5.73184875879397 0.0
5.7643654572864325 0.0
5.796882155778895 0.0
5.829398854271357 0.0
5.861915552763819 0.0
5.894432251256282 0.0
5.926948949748744 0.0
5.959465648241206 0.0
5.991982346733669 0.0
6.024499045226131 0.0
6.057015743718593 0.0
6.0895324422110555 0.0
6.122049140703518 0.0
6.15456583919598 0.0
6.187082537688442 0.0
6.219599236180905 0.0
6.252115934673367 0.0
6.284632633165829 0.0
6.317149331658292 0.0
6.349666030150754 0.0
6.382182728643216 0.0
6.4146994271356785 0.0
6.447216125628141 0.0
6.479732824120603 0.0
6.5122495226130654 0.0
6.544766221105528 0.0
6.57728291959799 0.0
6.609799618090452 0.0
6.642316316582915 0.0
6.674833015075377 0.0
6.707349713567839 0.0
6.739866412060302 0.0
6.772383110552764 0.0
6.804899809045226 0.0
6.8374165075376885 0.0
6.869933206030151 0.0
6.902449904522613 0.0
6.934966603015075 0.0
6.967483301507538 0.0
7.0 0.0
