0.529177 -35.57703223545286
0.5616936984924623 -51.70846131138569
0.5942103969849246 -61.50681629963219
0.6267270954773869 -65.66260749686808
0.6592437939698492 -64.89250423540034
0.6917604924623115 -59.981252635569035
0.7242771909547738 -51.79223210291275
0.7567938894472361 -41.25123137510491
0.7893105879396984 -29.309338134002246
0.8218272864321609 -16.8924071612455
0.8543439849246232 -4.8456672765969415
0.8868606834170855 6.117839766298857
0.9193773819095478 15.457328939210129
0.9518940804020101 22.8273056352009
0.9844107788944724 28.080880852279734
1.0169274773869346 31.253798640209425
1.049444175879397 32.53243121144078
1.0819608743718594 32.21106820129535
1.1144775728643217 30.64484932755113
1.146994271356784 28.20458930321729
1.1795109698492463 25.238662380765163
1.2120276683417086 22.045360131734924
1.244544366834171 18.85710457226196
1.2770610653266332 15.835980406949602
1.3095777638190955 13.078555385627624
1.3420944623115578 10.627067857863949
1.3746111608040201 8.483813780752826
1.4071278592964824 6.625874836425282
1.4396445577889447 5.018023566490228
1.472161256281407 3.6225147123277566
1.5046779547738693 2.405331026729982
1.5371946532663316 1.3391505894378497
1.569711351758794 0.403759560387698
1.6022280502512563 -0.4151672425614379
1.6347447487437186 -1.1280198924723663
1.6672614472361809 -1.7432223136202083
1.6997781457286432 -2.2687538178342948
1.7322948442211055 -2.71302177490179
1.7648115427135678 -3.0850990833696414
1.79732824120603 -3.394481152146909
1.8298449396984924 -3.650578991890143
1.8623616381909547 -3.862159845786664
1.894878336683417 -4.036896461744618
1.9273950351758793 -4.181115085260899
1.9599117336683418 -4.299761895730626
1.9924284321608041 -4.396552782034632
2.024945130653266 -4.474239320739798
2.0574618291457285 -4.534914998013846
2.089978527638191 -4.580295577676225
2.122495226130653 -4.611928937647463
2.1550119246231154 -4.63131513625558
2.1875286231155777 -4.639940613955332
2.22004532160804 -4.639247122162487
2.2525620201005023 -4.630564427794525
2.2850787185929646 -4.615036394301569
2.317595417085427 -4.5935644864057394
2.3501121155778892 -4.566783624906748
2.3826288140703515 -4.535075231049632
2.4151455125628143 -4.498613403635318
2.4476622110552766 -4.457433887113439
2.480178909547739 -4.411512421720545
2.512695608040201 -4.3608390975769
2.5452123065326635 -4.305477814117694
2.577729005025126 -4.245603935996769
2.610245703517588 -4.181517740058553
2.6427624020100504 -4.113635394600351
2.6752791005025127 -4.042462376151889
2.707795798994975 -3.9685560772795725
2.7403124974874373 -3.892484842077465
2.7728291959798996 -3.8147899625200807
2.805345894472362 -3.735955608462973
2.8378625929648242 -3.656389643514558
2.8703792914572865 -3.576416186435381
2.902895989949749 -3.4962789362343756
2.935412688442211 -3.4161529115444864
2.9679293869346735 -3.336161471419473
3.0004460854271358 -3.256395290434739
3.032962783919598 -3.1769302752909425
3.0654794824120604 -3.097842096189197
3.0979961809045227 -3.019215900465497
3.130512879396985 -2.9411507163531496
3.1630295778894473 -2.8637589024638146
3.1955462763819096 -2.78716165287733
3.228062974874372 -2.7114819715552585
3.260579673366834 -2.6368366703518404
3.2930963718592965 -2.5633288462049677
3.325613070351759 -2.4910420074320427
3.358129768844221 -2.420036614019409
3.3906464673366834 -2.3503493451917166
3.4231631658291457 -2.2819949763670593
3.455679864321608 -2.2149703908780793
3.4881965628140703 -2.149260006082841
3.5207132613065326 -2.084841775627865
3.553229959798995 -2.021692938053093
3.5857466582914572 -1.9597947995880531
3.6182633567839195 -1.8991360372365307
3.650780055276382 -1.8397142524954688
3.683296753768844 -1.7815357601193682
3.7158134522613064 -1.724613827340363
3.7483301507537687 -1.6689657604238164
3.780846849246231 -1.6146093499719427
3.8133635477386933 -1.5615592261183338
3.8458802462311557 -1.5098236417743465
3.878396944723618 -1.4594021065040579
3.9109136432160803 -1.410284152287204
3.9434303417085426 -1.3624493457464268
3.975947040201005 -1.315868491468791
4.008463738693467 -1.270505818169113
4.0409804371859295 -1.2263218211592175
4.073497135678392 -1.1832763628844987
4.106013834170854 -1.1413316145226418
4.138530532663316 -1.1004544558400084
4.171047231155779 -1.0606180314625817
4.203563929648241 -1.0218022787248628
4.236080628140703 -0.983993380508764
4.268597326633166 -0.9471822393315961
4.301114025125628 -0.9113621996402799
4.33363072361809 -0.8765263482491719
4.3661474221105525 -0.8426647861106176
4.398664120603015 -0.8097622796558426
4.431180819095477 -0.7777966642825049
4.463697517587939 -0.7467382882223319
4.496214216080402 -0.7165506599340006
4.528730914572864 -0.68719230854731
4.561247613065326 -0.6586197005399299
4.593764311557789 -0.6307908949529519
4.626281010050251 -0.603669482492478
4.658797708542713 -0.5772282583966444
4.6913144070351755 -0.5514520394044666
4.723831105527638 -0.5263390618547419
4.7563478040201 -0.5019004952155228
4.7888645025125625 -0.47815777108917246
4.821381201005025 -0.45513765295254416
4.853897899497487 -0.4328652404637978
4.886414597989949 -0.4113553919687547
4.918931296482412 -0.39060333270026604
4.951447994974874 -0.3705754637139762
4.983964693467336 -0.3512015664255159
5.016481391959799 -0.3323696800180187
5.048998090452261 -0.3139248884108383
5.081514788944723 -0.29567307192883163
5.1140314874371855 -0.2773903479373985
5.146548185929648 -0.2588384490372846
5.179064884422111 -0.23978568558050029
5.211581582914573 -0.22003244588995585
5.244098281407036 -0.19943945322665968
5.276614979899498 -0.17795628895510163
5.30913167839196 -0.1556470859068213
5.3416483768844225 -0.13270988275689888
5.374165075376885 -0.10948600270603492
5.406681773869347 -0.08645606775280612
5.439198472361809 -0.06421996189419588
5.471715170854272 -0.04345926830683311
5.504231869346734 -0.024882447072741343
5.536748567839196 -0.009155260215266026
5.569265266331659 0.0031784089587745257
5.601781964824121 0.011777341023844201
5.634298663316583 0.01657459483612911
5.6668153618090455 0.017826907331254915
5.699332060301508 0.01612765261597815
5.73184875879397 0.012369801084787468
5.7643654572864325 0.007648807129953639
5.796882155778895 0.0031028724206407787
5.829398854271357 -0.0002989425793202827
5.861915552763819 -0.001989979347854387
5.894432251256282 -0.002000145490455907
5.926948949748744 -0.0010089826173498295
5.959465648241206 -9.941792268364225e-5
5.991982346733669 2.0195340766804293e-5
6.024499045226131 0.0
6.057015743718593 0.0
6.0895324422110555 0.0
6.122049140703518 0.0
6.15456583919598 0.0
6.187082537688442 0.0
6.219599236180905 0.0
6.252115934673367 0.0
6.284632633165829 0.0
6.317149331658292 0.0
6.349666030150754 0.0
6.382182728643216 0.0
6.4146994271356785 0.0
6.447216125628141 0.0
6.479732824120603 0.0
6.5122495226130654 0.0
6.544766221105528 0.0
6.57728291959799 0.0
6.609799618090452 0.0
6.642316316582915 0.0
6.674833015075377 0.0
6.707349713567839 0.0
6.739866412060302 0.0
6.772383110552764 0.0
6.804899809045226 0.0
6.8374165075376885 0.0
6.869933206030151 0.0
6.902449904522613 0.0
6.934966603015075 0.0
6.967483301507538 0.0
7.0 0.0
