0.529177 97.87737620352146
0.5616936984924623 81.7390324852833
0.5942103969849246 67.62159359075008
0.6267270954773869 55.31645780421496
0.6592437939698492 44.65577700623271
0.6917604924623115 35.46725746042637
0.7242771909547738 27.593534577839876
0.7567938894472361 20.900918542763577
0.7893105879396984 15.259983886329167
0.8218272864321609 10.533792258022288
0.8543439849246232 6.590816297079698
0.8868606834170855 3.3223943188918383
0.9193773819095478 0.642701214936892
0.9518940804020101 -1.5255609920444044
0.9844107788944724 -3.261328875936215
1.0169274773869346 -4.641581803016948
1.049444175879397 -5.730975926350936
1.0819608743718594 -6.576890716368723
1.1144775728643217 -7.214054475419289
1.146994271356784 -7.673166312330636
1.1795109698492463 -7.98585414448587
1.2120276683417086 -8.183393081408667
1.244544366834171 -8.292334761931897
1.2770610653266332 -8.331689765718295
1.3095777638190955 -8.313750175655969
1.3420944623115578 -8.247314763152872
1.3746111608040201 -8.140702809649895
1.4071278592964824 -8.002850020249014
1.4396445577889447 -7.842564574096116
1.472161256281407 -7.667172511462752
1.5046779547738693 -7.481755958621761
1.5371946532663316 -7.289406788354256
1.569711351758794 -7.092133535360972
1.6022280502512563 -6.891754844080538
1.6347447487437186 -6.690308400524998
1.6672614472361809 -6.489917065311602
1.6997781457286432 -6.292374725845548
1.7322948442211055 -6.098793214368413
1.7648115427135678 -5.909522644686035
1.79732824120603 -5.724354330450296
1.8298449396984924 -5.542865706090424
1.8623616381909547 -5.36472903278468
1.894878336683417 -5.1898646802034705
1.9273950351758793 -5.0184187761155385
1.9599117336683418 -4.850626724410631
1.9924284321608041 -4.6866569442078685
2.024945130653266 -4.526512827261342
2.0574618291457285 -4.370026148649629
2.089978527638191 -4.216928375469422
2.122495226130653 -4.066956889015103
2.1550119246231154 -3.9199479458064275
2.1875286231155777 -3.7758828335271346
2.22004532160804 -3.63487753659075
2.2525620201005023 -3.497128298835264
2.2850787185929646 -3.3628383893594673
2.317595417085427 -3.232152920175338
2.3501121155778892 -3.1051209273229006
2.3826288140703515 -2.98169174436606
2.4151455125628143 -2.861740866993216
2.4476622110552766 -2.7451125832783987
2.480178909547739 -2.6316641140817865
2.512695608040201 -2.5212984045202234
2.5452123065326635 -2.4139782592268944
2.577729005025126 -2.3097209874409828
2.610245703517588 -2.2085781585302584
2.6427624020100504 -2.1106082372704122
2.6752791005025127 -2.0158504176061456
2.707795798994975 -1.924306300010585
2.7403124974874373 -1.835933025638269
2.7728291959798996 -1.7506480988416229
2.805345894472362 -1.668343274367544
2.8378625929648242 -1.5889031247742196
2.8703792914572865 -1.5122234368261616
2.902895989949749 -1.4382252814404524
2.935412688442211 -1.3668620997935932
2.9679293869346735 -1.2981189865334954
3.0004460854271358 -1.2320050853974749
3.032962783919598 -1.1685413044678512
3.0654794824120604 -1.1077462217808716
3.0979961809045227 -1.0496230593662403
3.130512879396985 -0.994150059309618
3.1630295778894473 -0.9412756894716381
3.1955462763819096 -0.8909190632329
3.228062974874372 -0.8429749875276684
3.260579673366834 -0.7973223179885736
3.2930963718592965 -0.7538338924298955
3.325613070351759 -0.7123862553301592
3.358129768844221 -0.6728676350161322
3.3906464673366834 -0.6351831058661901
3.4231631658291457 -0.5992564513466618
3.455679864321608 -0.5650288301331443
3.4881965628140703 -0.5324548434684289
3.5207132613065326 -0.5014969420865327
3.553229959798995 -0.47211926400740367
3.5857466582914572 -0.4442819618232079
3.6182633567839195 -0.4179368888500221
3.650780055276382 -0.39302521579571703
3.683296753768844 -0.3694772005782738
3.7158134522613064 -0.34721399038932077
3.7483301507537687 -0.32615104543401685
3.780846849246231 -0.30620257253701766
3.8133635477386933 -0.2872862619073544
3.8458802462311557 -0.2693276329914056
3.878396944723618 -0.2522634021183876
3.9109136432160803 -0.23604346127012832
3.9434303417085426 -0.2206312732022866
3.975947040201005 -0.20600271115648638
4.008463738693467 -0.19214357206999466
4.0409804371859295 -0.17904614709317457
4.073497135678392 -0.16670532716318576
4.106013834170854 -0.15511474823637172
4.138530532663316 -0.14426344323487683
4.171047231155779 -0.1341333759650638
4.203563929648241 -0.12469810184671815
4.236080628140703 -0.11592264993555546
4.268597326633166 -0.10776456970666004
4.301114025125628 -0.10017595201190943
4.33363072361809 -0.09310613067208351
4.3661474221105525 -0.08650470872794358
4.398664120603015 -0.0803245355801323
4.431180819095477 -0.07452428691834712
4.463697517587939 -0.06907036265761235
4.496214216080402 -0.06393790957622514
4.528730914572864 -0.059110883180039764
4.561247613065326 -0.05458117479292923
4.593764311557789 -0.05034693278508939
4.626281010050251 -0.04641029069978231
4.658797708542713 -0.04277477201048896
4.6913144070351755 -0.039442666767740775
4.723831105527638 -0.03641266843203539
4.7563478040201 -0.033678022052242795
4.7888645025125625 -0.031225372888059155
4.821381201005025 -0.029034425058625857
4.853897899497487 -0.027078431677921344
4.886414597989949 -0.02532545046614132
4.918931296482412 -0.023740220793854405
4.951447994974874 -0.02228645698261289
4.983964693467336 -0.020929313966576046
5.016481391959799 -0.019637768234076702
5.048998090452261 -0.018386669859353333
5.081514788944723 -0.01715825840716434
5.1140314874371855 -0.01594299233096308
5.146548185929648 -0.014739612173457317
5.179064884422111 -0.013554435272226328
5.211581582914573 -0.012399956147305602
5.244098281407036 -0.01129289494411978
5.276614979899498 -0.010251889778828627
5.30913167839196 -0.009295062635544582
5.3416483768844225 -0.008437699564012746
5.374165075376885 -0.0076902734492136915
5.406681773869347 -0.0070570029131999945
5.439198472361809 -0.0065350873852594304
5.471715170854272 -0.006114691191783095
5.504231869346734 -0.005779675119981675
5.536748567839196 -0.005508999423852856
5.569265266331659 -0.005278654837297836
5.601781964824121 -0.005063924414628218
5.634298663316583 -0.004841744285329241
5.6668153618090455 -0.004592919329411416
5.699332060301508 -0.004303961918424193
5.73184875879397 -0.003968357505925724
5.7643654572864325 -0.003587117021766062
5.796882155778895 -0.0031685476831739834
5.829398854271357 -0.0027272542849914316
5.861915552763819 -0.0022824644628940405
5.894432251256282 -0.00185584560551888
5.926948949748744 -0.0014690401424672928
5.959465648241206 -0.0011411830644760812
5.991982346733669 -0.0008866758013255094
6.024499045226131 -0.0007134714660992358
6.057015743718593 -0.0006220783260459939
6.0895324422110555 -0.0006054145725329363
6.122049140703518 -0.0006495544211020388
6.15456583919598 -0.0007353022670599785
6.187082537688442 -0.0008404289977761437
6.219599236180905 -0.0009423145921800824
6.252115934673367 -0.0010206756565480646
6.284632633165829 -0.001060025965045952
6.317149331658292 -0.001051530010499846
6.349666030150754 -0.0009939675752548283
6.382182728643216 -0.0008936297695072426
6.4146994271356785 -0.0007631063254507353
6.447216125628141 -0.0006190864666564266
6.479732824120603 -0.00047946191398295923
6.5122495226130654 -0.0003601664295729279
6.544766221105528 -0.0002722850185250536
6.57728291959799 -0.00021999111550030648
6.609799618090452 -0.00019979959427018912
6.642316316582915 -0.00020144400997423872
6.674833015075377 -0.00021039927014498971
6.707349713567839 -0.0002116974286536788
6.739866412060302 -0.00019427240397362766
6.772383110552764 -0.00015469913751076092
6.804899809045226 -9.898088842419384e-5
6.8374165075376885 -4.114168075375346e-5
6.869933206030151 2.0037590502397506e-6
6.902449904522613 1.9169339623203996e-5
6.934966603015075 1.2904667983093532e-5
6.967483301507538 1.1374360724403232e-6
7.0 0.0
