0.529177 -35.37169035083389
0.5616936984924623 -51.63533768255547
0.5942103969849246 -61.5516952269536
0.6267270954773869 -65.80957844937802
0.6592437939698492 -65.12397339070048
0.6917604924623115 -60.2783472605588
0.7242771909547738 -52.135492168337805
0.7567938894472361 -41.62147119423025
0.7893105879396984 -29.6885562584157
0.8218272864321609 -17.26462909237671
0.8543439849246232 -5.197623639320227
0.8868606834170855 5.796268833062641
0.9193773819095478 15.172938033194441
0.9518940804020101 22.5836560440257
0.9844107788944724 27.878627058962593
1.0169274773869346 31.091191788540527
1.049444175879397 32.40592793135875
1.0819608743718594 32.11597041289497
1.1144775728643217 30.57590803959829
1.146994271356784 28.156520491285846
1.1795109698492463 25.20654241322154
1.2120276683417086 22.024888388683394
1.244544366834171 18.844738812273135
1.2770610653266332 15.828963920543174
1.3095777638190955 13.074862982075501
1.3420944623115578 10.625300287490973
1.3746111608040201 8.483068178145913
1.4071278592964824 6.625613585192696
1.4396445577889447 5.017957207130166
1.472161256281407 3.6225075774709694
1.5046779547738693 2.405332280175571
1.5371946532663316 1.3391489087862283
1.569711351758794 0.4037570412601781
1.6022280502512563 -0.4151674189397454
1.6347447487437186 -1.1280172734896041
1.6672614472361809 -1.7432187240538042
1.6997781457286432 -2.2687515761281247
1.7322948442211055 -2.7130222204523307
1.7648115427135678 -3.085102027218454
1.79732824120603 -3.3944851888536505
1.8298449396984924 -3.650582285124983
1.8623616381909547 -3.8621609490928677
1.894878336683417 -4.036894854341881
1.9273950351758793 -4.18111128815508
1.9599117336683418 -4.2997572065542045
1.9924284321608041 -4.396548781083766
2.024945130653266 -4.47423734030599
2.0574618291457285 -4.534915721736979
2.089978527638191 -4.580298869761464
2.122495226130653 -4.611933921234595
2.1550119246231154 -4.631320469932689
2.1875286231155777 -4.639944871018088
2.22004532160804 -4.639249164369176
2.2525620201005023 -4.630563681050262
2.2850787185929646 -4.615032968978994
2.317595417085427 -4.5935591282323
2.3501121155778892 -4.566777522568373
2.3826288140703515 -4.5350697355843295
2.4151455125628143 -4.49860972784154
2.4476622110552766 -4.457432850418627
2.480178909547739 -4.411514289999104
2.512695608040201 -4.36084354351442
2.5452123065326635 -4.305483997499323
2.577729005025126 -4.245610680240134
2.610245703517588 -4.181523765115344
2.6427624020100504 -4.113639559378498
2.6752791005025127 -4.042463885589314
2.707795798994975 -3.968554619128554
2.7403124974874373 -3.892480633354353
2.7728291959798996 -3.814783702509885
2.805345894472362 -3.7359483511081635
2.8378625929648242 -3.6563826144229097
2.8703792914572865 -3.5764105770213064
2.902895989949749 -3.4962757090816012
2.935412688442211 -3.4161526472089463
2.9679293869346735 -3.336164278733122
3.0004460854271358 -3.2564007914934336
3.032962783919598 -3.1769376646261662
3.0654794824120604 -3.097850262787688
3.0979961809045227 -3.0192235928188893
3.130512879396985 -2.941156725573819
3.1630295778894473 -2.8637622371661564
3.1955462763819096 -2.787161681735597
3.228062974874372 -2.711478514886039
3.260579673366834 -2.6368300295343943
3.2930963718592965 -2.5633197683782782
3.325613070351759 -2.491031591353021
3.358129768844221 -2.420026170262645
3.3906464673366834 -2.350340229246285
3.4231631658291457 -2.2819884159671346
3.455679864321608 -2.214967329071442
3.4881965628140703 -2.149260979036626
3.5207132613065326 -2.084846839632519
3.553229959798995 -2.0217016540245822
3.5857466582914572 -1.9598062765126087
3.6182633567839195 -1.8991490291646187
3.650780055276382 -1.8397272976835666
3.683296753768844 -1.7815473462924274
3.7158134522613064 -1.724622564348465
3.7483301507537687 -1.6689705409244198
3.780846849246231 -1.6146094802334119
3.8133635477386933 -1.5615545124328492
3.8458802462311557 -1.5098144227995363
3.878396944723618 -1.459389227662541
3.9109136432160803 -1.4102688845214288
3.9434303417085426 -1.3624332568033424
3.975947040201005 -1.315853282902026
4.008463738693467 -1.2704931448934076
4.0409804371859295 -1.2263131123800122
4.073497135678392 -1.1832726632346748
4.106013834170854 -1.1413334625012794
4.138530532663316 -1.1004618130009476
4.171047231155779 -1.060630270954789
4.203563929648241 -1.021818235871251
4.236080628140703 -0.9840114618764346
4.268597326633166 -0.9472005807092501
4.301114025125628 -0.911378858045282
4.33363072361809 -0.8765395091359096
4.3661474221105525 -0.8426729646362219
4.398664120603015 -0.8097644945974025
4.431180819095477 -0.7777925649206736
4.463697517587939 -0.7467282183206407
4.496214216080402 -0.7165356484601944
4.528730914572864 -0.6871739836296911
4.561247613065326 -0.6586001308096456
4.593764311557789 -0.630772370222985
4.626281010050251 -0.6036542529145663
4.658797708542713 -0.5772182571799931
4.6913144070351755 -0.5514486182582914
4.723831105527638 -0.5263427698846499
4.7563478040201 -0.5019109307977487
4.7888645025125625 -0.4781735321139422
4.821381201005025 -0.45515640372286725
4.853897899497487 -0.43288390393536247
4.886414597989949 -0.41137046438052494
4.918931296482412 -0.3906113048160478
4.951447994974874 -0.37057331992582476
4.983964693467336 -0.35118732089176774
5.016481391959799 -0.33234289917891147
5.048998090452261 -0.31388714271088247
5.081514788944723 -0.29562825756147504
5.1140314874371855 -0.2773448227690096
5.146548185929648 -0.2588009360952128
5.179064884422111 -0.23976691280950035
5.211581582914573 -0.22004451190514374
5.244098281407036 -0.1994949346208159
5.276614979899498 -0.1780671338638058
5.30913167839196 -0.15582336875195324
5.3416483768844225 -0.13295852383453166
5.374165075376885 -0.1098095802408352
5.406681773869347 -0.08685186569891812
5.439198472361809 -0.06467940051152254
5.471715170854272 -0.04396785293465655
5.504231869346734 -0.02542034054386022
5.536748567839196 -0.009698534211565857
5.569265266331659 0.002655858996149618
5.601781964824121 0.011301322107101441
5.634298663316583 0.0161677914820757
5.6668153618090455 0.017506021136796335
5.699332060301508 0.0159009213130048
5.73184875879397 0.012235383230290608
5.7643654572864325 0.007594534887175541
5.796882155778895 0.0031078013871592702
5.829398854271357 -0.00026096564943145495
5.861915552763819 -0.001944909019584884
5.894432251256282 -0.001967327141755959
5.926948949748744 -0.0009955778386938618
5.959465648241206 -9.895006223814562e-5
5.991982346733669 1.9884537323378026e-5
6.024499045226131 0.0
6.057015743718593 0.0
6.0895324422110555 0.0
6.122049140703518 0.0
6.15456583919598 0.0
6.187082537688442 0.0
6.219599236180905 0.0
6.252115934673367 0.0
6.284632633165829 0.0
6.317149331658292 0.0
6.349666030150754 0.0
6.382182728643216 0.0
6.4146994271356785 0.0
6.447216125628141 0.0
6.479732824120603 0.0
6.5122495226130654 0.0
6.544766221105528 0.0
6.57728291959799 0.0
6.609799618090452 0.0
6.642316316582915 0.0
6.674833015075377 0.0
6.707349713567839 0.0
6.739866412060302 0.0
6.772383110552764 0.0
6.804899809045226 0.0
6.8374165075376885 0.0
6.869933206030151 0.0
6.902449904522613 0.0
6.934966603015075 0.0
6.967483301507538 0.0
7.0 0.0
