0.529177 -35.57706536693331
0.5616936984924623 -51.70849019544221
0.5942103969849246 -61.50684115862532
0.6267270954773869 -65.66262856278263
0.6592437939698492 -64.89252176784066
0.6917604924623115 -59.9812669289804
0.7242771909547738 -51.792243485168
0.7567938894472361 -41.25124019969917
0.7893105879396984 -29.30934476804032
0.8218272864321609 -16.892411971402908
0.8543439849246232 -4.845670615033669
0.8868606834170855 6.117837574414807
0.9193773819095478 15.457327605381579
0.9518940804020101 22.8273049137988
0.9844107788944724 28.080880543077
1.0169274773869346 31.253798587544225
1.049444175879397 32.53243130063311
1.0819608743718594 32.211068353122755
1.1144775728643217 30.644849491660352
1.146994271356784 28.204589451308493
1.1795109698492463 25.238662500190912
1.2120276683417086 22.0453602199741
1.244544366834171 18.857104632545088
1.2770610653266332 15.83598044505925
1.3095777638190955 13.07855540779019
1.3420944623115578 10.627067869563689
1.3746111608040201 8.483813786224346
1.4071278592964824 6.625874838586242
1.4396445577889447 5.018023567134151
1.472161256281407 3.622514712422344
1.5046779547738693 2.4053310267081542
1.5371946532663316 1.3391505894360307
1.569711351758794 0.40375956041134486
1.6022280502512563 -0.415167242537791
1.6347447487437186 -1.1280198924687284
1.6672614472361809 -1.7432223136365792
1.6997781457286432 -2.2687538178597606
1.7322948442211055 -2.71302177491998
1.7648115427135678 -3.0850990833732794
1.79732824120603 -3.3944811521341762
1.8298449396984924 -3.650578991870134
1.8623616381909547 -3.862159845766655
1.894878336683417 -4.036896461731885
1.9273950351758793 -4.181115085260899
1.9599117336683418 -4.29976189574154
1.9924284321608041 -4.396552782052822
2.024945130653266 -4.474239320757988
2.0574618291457285 -4.534914998026579
2.089978527638191 -4.580295577679863
2.122495226130653 -4.611928937642006
2.1550119246231154 -4.631315136242847
2.1875286231155777 -4.639940613938961
2.22004532160804 -4.639247122147935
2.2525620201005023 -4.630564427783611
2.2850787185929646 -4.615036394297931
2.317595417085427 -4.593564486411196
2.3501121155778892 -4.566783624917662
2.3826288140703515 -4.535075231064184
2.4151455125628143 -4.49861340364987
2.4476622110552766 -4.457433887126172
2.480178909547739 -4.411512421727821
2.512695608040201 -4.3608390975769
2.5452123065326635 -4.305477814110418
2.577729005025126 -4.245603935985855
2.610245703517588 -4.181517740044001
2.6427624020100504 -4.113635394587618
2.6752791005025127 -4.042462376142794
2.707795798994975 -3.9685560772759345
2.7403124974874373 -3.892484842079284
2.7728291959798996 -3.8147899625255377
2.805345894472362 -3.735955608472068
2.8378625929648242 -3.656389643527291
2.8703792914572865 -3.576416186446295
2.902895989949749 -3.4962789362452895
2.935412688442211 -3.4161529115499434
2.9679293869346735 -3.336161471421292
3.0004460854271358 -3.256395290431101
3.032962783919598 -3.1769302752836666
3.0654794824120604 -3.097842096178283
3.0979961809045227 -3.019215900454583
3.130512879396985 -2.9411507163440547
3.1630295778894473 -2.8637589024565386
3.1955462763819096 -2.787161652873692
3.228062974874372 -2.7114819715552585
3.260579673366834 -2.6368366703554784
3.2930963718592965 -2.5633288462122437
3.325613070351759 -2.4910420074429567
3.358129768844221 -2.420036614030323
3.3906464673366834 -2.3503493452008115
3.4231631658291457 -2.2819949763743352
3.455679864321608 -2.2149703908817173
3.4881965628140703 -2.149260006082841
3.5207132613065326 -2.084841775624227
3.553229959798995 -2.021692938047636
3.5857466582914572 -1.9597947995789582
3.6182633567839195 -1.8991360372274357
3.650780055276382 -1.839714252484555
3.683296753768844 -1.7815357601120922
3.7158134522613064 -1.724613827334906
3.7483301507537687 -1.6689657604238164
3.780846849246231 -1.6146093499755807
3.8133635477386933 -1.5615592261256097
3.8458802462311557 -1.5098236417834414
3.878396944723618 -1.4594021065149718
3.9109136432160803 -1.410284152298118
3.9434303417085426 -1.3624493457555218
3.975947040201005 -1.315868491474248
4.008463738693467 -1.2705058181709319
4.0409804371859295 -1.2263218211592175
4.073497135678392 -1.1832763628790417
4.106013834170854 -1.1413316145135468
4.138530532663316 -1.1004544558290945
4.171047231155779 -1.0606180314516678
4.203563929648241 -1.021802278713949
4.236080628140703 -0.983993380499669
4.268597326633166 -0.9471822393279581
4.301114025125628 -0.9113621996384609
4.33363072361809 -0.8765263482528098
4.3661474221105525 -0.8426647861178935
4.398664120603015 -0.8097622796667565
4.431180819095477 -0.7777966642952379
4.463697517587939 -0.7467382882350648
4.496214216080402 -0.7165506599449145
4.528730914572864 -0.6871923085545859
4.561247613065326 -0.6586197005435679
4.593764311557789 -0.630790894949314
4.626281010050251 -0.603669482483383
4.658797708542713 -0.5772282583839115
4.6913144070351755 -0.5514520393880957
4.723831105527638 -0.52633906184019
4.7563478040201 -0.5019004952046089
4.7888645025125625 -0.4781577710837155
4.821381201005025 -0.45513765295618214
4.853897899497487 -0.43286524047471175
4.886414597989949 -0.4113553919869446
4.918931296482412 -0.3906033327202749
4.951447994974874 -0.3705754637285281
4.983964693467336 -0.35120156642369693
5.016481391959799 -0.3323696799834579
5.048998090452261 -0.3139248883289838
5.081514788944723 -0.2956730717778555
5.1140314874371855 -0.27739034769911086
5.146548185929648 -0.2588384486898576
5.179064884422111 -0.23978568510392506
5.211581582914573 -0.22003244527513743
5.244098281407036 -0.19943945245904615
5.276614979899498 -0.17795628803833097
5.30913167839196 -0.15564708484816947
5.3416483768844225 -0.13270988157273678
5.374165075376885 -0.1094860014236474
5.406681773869347 -0.08645606640857295
5.439198472361809 -0.06421996053177281
5.471715170854272 -0.043459266975332866
5.504231869346734 -0.024882445819457644
5.536748567839196 -0.009155259089311585
5.569265266331659 0.0031784099192009307
5.601781964824121 0.01177734179145773
5.634298663316583 0.016574595398196834
5.6668153618090455 0.017826907695052796
5.699332060301508 0.01612765280151507
5.73184875879397 0.012369801130262204
5.7643654572864325 0.007648807086297893
5.796882155778895 0.003102872340605245
5.829398854271357 -0.0002989426502608694
5.861915552763819 -0.0019899793805961963
5.894432251256282 -0.002000145477722981
5.926948949748744 -0.0010089825773320626
5.959465648241206 -9.941789176082239e-5
5.991982346733669 2.0195342585793696e-5
6.024499045226131 0.0
6.057015743718593 0.0
6.0895324422110555 0.0
6.122049140703518 0.0
6.15456583919598 0.0
6.187082537688442 0.0
6.219599236180905 0.0
6.252115934673367 0.0
6.284632633165829 0.0
6.317149331658292 0.0
6.349666030150754 0.0
6.382182728643216 0.0
6.4146994271356785 0.0
6.447216125628141 0.0
6.479732824120603 0.0
6.5122495226130654 0.0
6.544766221105528 0.0
6.57728291959799 0.0
6.609799618090452 0.0
6.642316316582915 0.0
6.674833015075377 0.0
6.707349713567839 0.0
6.739866412060302 0.0
6.772383110552764 0.0
6.804899809045226 0.0
6.8374165075376885 0.0
6.869933206030151 0.0
6.902449904522613 0.0
6.934966603015075 0.0
6.967483301507538 0.0
7.0 0.0
