0.529177 97.89065209085112
0.5616936984924623 81.7706504580234
0.5942103969849246 67.64193782542424
0.6267270954773869 55.32692992494623
0.6592437939698492 44.65202812132463
0.6917604924623115 35.45503532929041
0.7242771909547738 27.584788952937117
0.7567938894472361 20.89740162509628
0.7893105879396984 15.253941187510861
0.8218272864321609 10.521655865954756
0.8543439849246232 6.577703464209435
0.8868606834170855 3.3127573130782935
0.9193773819095478 0.632296321558897
0.9518940804020101 -1.5449641494253115
0.9844107788944724 -3.290417921446817
1.0169274773869346 -4.6688840274147765
1.049444175879397 -5.740433856954041
1.0819608743718594 -6.560267019053526
1.1144775728643217 -7.177191216367191
1.146994271356784 -7.631824001364805
1.1795109698492463 -7.955595578517318
1.2120276683417086 -8.171145693277367
1.244544366834171 -8.294074998447115
1.2770610653266332 -8.335512732553468
1.3095777638190955 -8.304752733929831
1.3420944623115578 -8.211295503774238
1.3746111608040201 -8.065915651912405
1.4071278592964824 -7.880712830069456
1.4396445577889447 -7.6683811997082785
1.472161256281407 -7.441081224530876
1.5046779547738693 -7.209309003665965
1.5371946532663316 -6.981065570517444
1.569711351758794 -6.761484010471065
1.6022280502512563 -6.5529268083589045
1.6347447487437186 -6.355455550232932
1.6672614472361809 -6.1675163995184334
1.6997781457286432 -5.986676582624341
1.7322948442211055 -5.8102768018047755
1.7648115427135678 -5.635914575960669
1.79732824120603 -5.4617273279761775
1.8298449396984924 -5.286489230536972
1.8623616381909547 -5.109565656906511
1.894878336683417 -4.930782069187785
1.9273950351758793 -4.750262685716848
1.9599117336683418 -4.56828280932325
1.9924284321608041 -4.38516233506499
2.024945130653266 -4.201211155013425
2.0574618291457285 -4.016723149153165
2.089978527638191 -3.8320059516532865
2.122495226130653 -3.647429147351545
2.1550119246231154 -3.463473429847852
2.1875286231155777 -3.2807663907590268
2.22004532160804 -3.1000956364387093
2.2525620201005023 -2.922395538314788
2.2850787185929646 -2.748709067134371
2.317595417085427 -2.580130137768208
2.3501121155778892 -2.417734353554181
2.3826288140703515 -2.2625069497290156
2.4151455125628143 -2.1152762866684043
2.4476622110552766 -1.9766597694379584
2.480178909547739 -1.8470269635900536
2.512695608040201 -1.726482323122525
2.5452123065326635 -1.6148676744773525
2.577729005025126 -1.5117826572101762
2.610245703517588 -1.4166198621868489
2.6427624020100504 -1.3286104986231067
2.6752791005025127 -1.2468760542915902
2.707795798994975 -1.170481525104833
2.7403124974874373 -1.0984862813852487
2.7728291959798996 -1.0299893915824327
2.805345894472362 -0.9641671218108172
2.8378625929648242 -0.9003012639261101
2.8703792914572865 -0.837797827268389
2.902895989949749 -0.7761963939628345
2.935412688442211 -0.7151710430438811
2.9679293869346735 -0.6545241753380537
3.0004460854271358 -0.5941748189270015
3.032962783919598 -0.5341430790658706
3.0654794824120604 -0.47453234208137474
3.0979961809045227 -0.41551068152091375
3.130512879396985 -0.3572926803230416
3.1630295778894473 -0.3001226076116268
3.1955462763819096 -0.24425960201119779
3.228062974874372 -0.18996523919315678
3.260579673366834 -0.13749361786915415
3.2930963718592965 -0.08708389773943281
3.325613070351759 -0.038955071319037415
3.358129768844221 0.006697349614285031
3.3906464673366834 0.049703105809385306
3.4231631658291457 0.08991780536246097
3.455679864321608 0.12722274453540194
3.4881965628140703 0.1615242508678989
3.5207132613065326 0.19275280243374482
3.553229959798995 0.22086210736665635
3.5857466582914572 0.2458282581933986
3.6182633567839195 0.26764901202381
3.650780055276382 0.2863431946174728
3.683296753768844 0.3019501864724816
3.7158134522613064 0.3145294235014262
3.7483301507537687 0.3241598333428328
3.780846849246231 0.3309391295401838
3.8133635477386933 0.33498289750411914
3.8458802462311557 0.3364234256185341
3.878396944723618 0.33540825905947713
3.9109136432160803 0.3320984798916129
3.9434303417085426 0.3266667420289764
3.975947040201005 0.31929511137263944
4.008463738693467 0.3101727780464216
4.0409804371859295 0.29949371796811874
4.073497135678392 0.2874543844381492
4.106013834170854 0.274251507065685
4.138530532663316 0.2600800657705804
4.171047231155779 0.24513149286616454
4.203563929648241 0.22959213774782938
4.236080628140703 0.21364200810933198
4.268597326633166 0.1974537806086687
4.301114025125628 0.18119205417673356
4.33363072361809 0.16501280223758386
4.3661474221105525 0.1490629672450723
4.398664120603015 0.13348013306188022
4.431180819095477 0.11839220834349362
4.463697517587939 0.10391705734173229
4.496214216080402 0.09016202308674792
4.528730914572864 0.07722330102762953
4.561247613065326 0.06518513785027835
4.593764311557789 0.05411884903782038
4.626281010050251 0.04408166833133009
4.658797708542713 0.03511546111599273
4.6913144070351755 0.0272453505480712
4.723831105527638 0.02047831889592544
4.7563478040201 0.014801856495751053
4.7888645025125625 0.010182736955414384
4.821381201005025 0.006566000623877244
4.853897899497487 0.0038742307165762213
4.886414597989949 0.002007210826491246
4.918931296482412 0.0008420631576200321
4.951447994974874 0.0002339894271585763
4.983964693467336 1.7778327105588687e-5
5.016481391959799 0.0
5.048998090452261 0.0
5.081514788944723 0.0
5.1140314874371855 0.0
5.146548185929648 0.0
5.179064884422111 0.0
5.211581582914573 0.0
5.244098281407036 0.0
5.276614979899498 0.0
5.30913167839196 0.0
5.3416483768844225 0.0
5.374165075376885 0.0
5.406681773869347 0.0
5.439198472361809 0.0
5.471715170854272 0.0
5.504231869346734 0.0
5.536748567839196 0.0
5.569265266331659 0.0
5.601781964824121 0.0
5.634298663316583 0.0
5.6668153618090455 0.0
5.699332060301508 0.0
5.73184875879397 0.0
5.7643654572864325 0.0
5.796882155778895 0.0
5.829398854271357 0.0
5.861915552763819 0.0
5.894432251256282 0.0
5.926948949748744 0.0
5.959465648241206 0.0
5.991982346733669 0.0
6.024499045226131 0.0
6.057015743718593 0.0
6.0895324422110555 0.0
6.122049140703518 0.0
6.15456583919598 0.0
6.187082537688442 0.0
6.219599236180905 0.0
6.252115934673367 0.0
6.284632633165829 0.0
6.317149331658292 0.0
6.349666030150754 0.0
6.382182728643216 0.0
6.4146994271356785 0.0
6.447216125628141 0.0
6.479732824120603 0.0
6.5122495226130654 0.0
6.544766221105528 0.0
6.57728291959799 0.0
6.609799618090452 0.0
6.642316316582915 0.0
6.674833015075377 0.0
6.707349713567839 0.0
6.739866412060302 0.0
6.772383110552764 0.0
6.804899809045226 0.0
6.8374165075376885 0.0
6.869933206030151 0.0
6.902449904522613 0.0
6.934966603015075 0.0
6.967483301507538 0.0
7.0 0.0
