1 0.265385 398.27 1366.69
2 0.200472 302.37 1372.68
3 0.176135 266.61 1345.22
4 0.171218 252.01 1360.97
5 0.163966 238.58 1356.00
6 0.156019 228.66 1334.51
7 0.148392 228.99 1284.04
8 0.135374 217.57 1229.80
9 0.130051 213.43 1204.86
10 0.127337 211.78 1190.46
11 0.122185 205.71 1171.28
12 0.114307 198.17 1135.20
13 0.106738 184.78 1116.00
14 0.101418 171.64 1110.44
15 0.096673 170.90 1075.48
16 0.092398 170.99 1040.90
17 0.086641 165.01 1009.50
18 0.083512 162.88 988.70
19 0.081306 150.39 1002.61
20 0.077959 148.02 979.87
21 0.073355 140.85 957.28
22 0.066982 131.66 921.84
23 0.061023 123.79 884.30
24 0.059423 130.39 852.54
25 0.057207 128.61 834.75
26 0.055380 123.80 828.28
27 0.052954 120.65 810.92
28 0.051104 117.88 798.22
29 0.048351 115.82 773.56
30 0.045868 110.41 759.33
31 0.043173 106.47 738.23
32 0.042386 104.75 733.27
33 0.041190 101.18 727.75
34 0.039495 100.07 710.29
35 0.037974 94.69 704.34
36 0.036470 91.50 693.15
37 0.035752 90.79 685.87
38 0.034702 87.91 679.07
39 0.033166 83.88 668.25
40 0.032138 83.31 656.26
41 0.031591 82.96 649.88
42 0.030837 81.87 642.27
43 0.030139 79.65 637.65
44 0.029252 79.33 626.41
45 0.028360 78.89 615.12
46 0.027954 79.87 607.36
47 0.027260 78.56 600.47
48 0.026548 75.24 597.45
49 0.025857 73.72 590.74
51 0.024881 72.72 578.65
52 0.024495 71.63 575.23
53 0.023969 70.11 570.57
54 0.023499 69.35 565.09
55 0.023158 67.56 563.56
56 0.022829 66.99 559.72
57 0.022467 65.64 556.89
58 0.021903 64.77 549.92
59 0.021569 63.80 546.64
60 0.021213 62.09 544.39
61 0.020722 60.69 539.33
62 0.020179 61.22 529.69
63 0.019966 62.05 524.64
64 0.019639 60.62 522.12
65 0.019192 59.82 516.35
66 0.018788 58.18 512.82
67 0.018403 56.11 510.27
68 0.018062 53.83 508.67
69 0.017672 53.74 502.28
70 0.017289 53.60 495.99
71 0.017104 54.09 491.94
72 0.016863 53.35 489.11
73 0.016648 54.41 483.38
74 0.016426 54.73 478.86
75 0.016172 53.42 476.82
76 0.015952 52.69 474.23
77 0.015720 51.80 471.72
78 0.015556 50.81 470.55
79 0.015375 50.06 468.61
80 0.015304 49.96 467.49
81 0.015197 49.78 465.88
82 0.015053 49.40 463.92
83 0.014859 49.09 460.90
84 0.014685 48.98 457.89
85 0.014481 48.43 455.07
86 0.014299 47.92 452.54
87 0.014113 47.43 449.92
88 0.013998 47.35 447.87
89 0.013855 46.48 446.68
90 0.013745 46.52 444.51
91 0.013603 46.48 441.85
92 0.013442 46.60 438.52
93 0.013308 46.75 435.67
94 0.013186 46.10 434.43
95 0.013062 45.80 432.52
96 0.012943 45.43 430.85
97 0.012808 45.28 428.43
98 0.012731 45.42 426.65
99 0.012669 45.32 425.58
101 0.012518 45.00 423.15
102 0.012422 44.85 421.48
103 0.012351 44.79 420.14
104 0.012239 44.27 418.81
105 0.012205 44.31 418.05
106 0.012146 44.27 416.90
107 0.012048 43.96 415.45
108 0.011916 43.66 413.27
109 0.011764 43.17 411.00
110 0.011693 43.22 409.43
111 0.011616 42.73 408.69
112 0.011517 42.39 407.22
113 0.011422 42.21 405.54
114 0.011347 42.03 404.28
115 0.011252 41.61 403.03
116 0.011155 41.62 400.96
117 0.011095 40.92 400.88
118 0.011021 40.72 399.64
119 0.010928 40.89 397.37
120 0.010836 40.65 395.81
121 0.010741 39.98 394.89
122 0.010654 39.39 394.01
123 0.010589 38.71 393.74
124 0.010524 38.50 392.68
125 0.010460 38.42 391.42
126 0.010395 38.00 390.68
127 0.010321 37.91 389.22
128 0.010255 37.66 388.19
129 0.010212 37.24 387.91
130 0.010153 37.05 386.91
131 0.010078 36.64 385.93
132 0.010019 36.05 385.55
133 0.009968 35.98 384.54
134 0.009912 35.56 383.95
135 0.009876 35.49 383.25
136 0.009829 35.69 381.91
137 0.009772 35.66 380.68
138 0.009713 35.57 379.50
139 0.009662 35.38 378.67
140 0.009624 35.40 377.78
141 0.009575 35.36 376.72
142 0.009512 35.22 375.52
143 0.009460 35.16 374.44
144 0.009406 35.00 373.48
145 0.009358 34.90 372.51
146 0.009312 34.82 371.60
147 0.009264 34.64 370.77
148 0.009221 34.59 369.89
149 0.009167 34.37 368.98
151 0.009071 34.29 366.89
152 0.009043 34.25 366.29
153 0.009009 34.17 365.62
154 0.008970 34.27 364.57
155 0.008932 34.24 363.73
156 0.008889 34.05 363.02
157 0.008861 34.14 362.22
158 0.008829 34.08 361.56
159 0.008791 33.76 361.17
160 0.008751 33.45 360.71
161 0.008723 33.02 360.71
162 0.008687 32.84 360.12
163 0.008658 32.99 359.21
164 0.008626 32.93 358.55
165 0.008585 32.95 357.55
166 0.008553 32.66 357.24
167 0.008520 32.28 357.01
168 0.008488 32.17 356.41
169 0.008451 32.33 355.29
170 0.008422 32.34 354.60
171 0.008392 32.19 354.09
172 0.008361 32.19 353.35
173 0.008329 32.03 352.82
174 0.008295 31.86 352.27
175 0.008263 31.78 351.61
176 0.008230 31.56 351.15
177 0.008197 31.51 350.42
178 0.008173 31.55 349.76
179 0.008150 31.49 349.29
180 0.008120 31.35 348.78
181 0.008092 31.38 348.07
182 0.008063 31.49 347.17
183 0.008042 31.40 346.79
184 0.008016 31.34 346.26
185 0.007990 31.24 345.76
186 0.007963 31.36 344.93
187 0.007934 31.29 344.30
188 0.007902 30.98 343.98
189 0.007876 30.76 343.67
190 0.007847 30.79 342.90
191 0.007814 30.79 342.09
192 0.007784 30.99 341.04
193 0.007764 31.04 340.46
194 0.007734 30.93 339.89
195 0.007703 30.91 339.13
196 0.007674 30.88 338.45
197 0.007647 30.83 337.86
198 0.007636 30.96 337.39
199 0.007618 30.88 337.05
201 0.007559 30.80 335.66
202 0.007536 30.78 335.12
203 0.007507 30.70 334.51
204 0.007486 30.74 333.93
205 0.007462 30.66 333.43
206 0.007440 30.73 332.76
207 0.007419 30.56 332.49
208 0.007399 30.29 332.38
209 0.007382 30.22 332.06
210 0.007365 30.30 331.50
211 0.007348 30.13 331.30
212 0.007332 30.08 330.99
213 0.007312 29.95 330.66
214 0.007293 29.81 330.38
215 0.007275 29.76 329.99
216 0.007254 29.69 329.55
217 0.007236 29.64 329.16
218 0.007218 29.65 328.70
219 0.007197 29.52 328.34
220 0.007176 29.45 327.89
221 0.007152 29.31 327.49
222 0.007128 29.23 327.00
223 0.007119 29.34 326.58
224 0.007104 29.27 326.30
225 0.007082 29.26 325.74
226 0.007055 29.20 325.13
227 0.007040 29.28 324.61
228 0.007022 29.33 324.06
229 0.006999 29.14 323.74
230 0.006974 29.14 323.09
231 0.006959 29.07 322.80
232 0.006938 29.07 322.25
233 0.006912 28.89 321.85
234 0.006891 28.83 321.37
235 0.006886 28.96 321.04
236 0.006877 28.97 320.80
237 0.006864 29.00 320.40
238 0.006843 28.92 319.97
239 0.006828 28.88 319.63
240 0.006812 28.89 319.17
241 0.006804 28.97 318.87
242 0.006794 28.96 318.59
243 0.006779 28.92 318.25
244 0.006761 28.83 317.92
245 0.006744 28.78 317.54
246 0.006736 28.77 317.32
247 0.006723 28.79 316.95
248 0.006708 28.78 316.56
249 0.006692 28.69 316.27
251 0.006667 28.57 315.79
252 0.006649 28.47 315.45
253 0.006631 28.55 314.86
254 0.006617 28.53 314.51
255 0.006603 28.41 314.28
256 0.006587 28.30 314.02
257 0.006573 28.32 313.62
258 0.006559 28.22 313.39
259 0.006542 28.16 313.03
260 0.006524 28.20 312.47
261 0.006508 28.22 312.01
262 0.006491 28.17 311.62
263 0.006480 28.10 311.42
264 0.006464 28.09 311.00
265 0.006448 28.00 310.68
266 0.006432 27.89 310.41
267 0.006422 27.84 310.23
268 0.006410 27.78 309.97
269 0.006393 27.78 309.51
270 0.006377 27.81 309.02
271 0.006360 27.86 308.51
272 0.006346 27.77 308.23
273 0.006333 27.80 307.84
274 0.006319 27.88 307.33
275 0.006309 27.73 307.27
276 0.006297 27.74 306.94
277 0.006285 27.74 306.60
278 0.006275 27.76 306.30
279 0.006265 27.68 306.13
280 0.006254 27.64 305.90
281 0.006243 27.62 305.60
282 0.006229 27.53 305.34
283 0.006220 27.45 305.22
284 0.006209 27.40 304.98
285 0.006197 27.44 304.62
286 0.006188 27.41 304.40
287 0.006180 27.43 304.15
288 0.006170 27.44 303.86
289 0.006162 27.48 303.55
290 0.006155 27.45 303.41
291 0.006147 27.42 303.23
292 0.006140 27.39 303.08
293 0.006131 27.35 302.88
294 0.006122 27.36 302.62
295 0.006114 27.39 302.33
296 0.006104 27.34 302.16
297 0.006097 27.23 302.10
298 0.006088 27.08 302.10
299 0.006079 27.05 301.89
301 0.006063 26.99 301.51
302 0.006054 27.00 301.24
303 0.006045 26.92 301.12
304 0.006036 26.90 300.90
305 0.006028 26.86 300.73
306 0.006023 26.77 300.72
307 0.006017 26.79 300.50
308 0.006010 26.82 300.28
309 0.006006 26.85 300.12
310 0.006001 26.86 299.95
311 0.005994 26.82 299.81
312 0.005988 26.81 299.65
313 0.005981 26.79 299.50
314 0.005976 26.75 299.39
315 0.005969 26.73 299.25
316 0.005962 26.71 299.08
317 0.005956 26.63 299.01
318 0.005949 26.68 298.74
319 0.005942 26.68 298.55
320 0.005935 26.66 298.37
321 0.005927 26.65 298.18
322 0.005922 26.67 297.99
323 0.005915 26.56 297.97
324 0.005908 26.53 297.79
325 0.005901 26.49 297.67
326 0.005894 26.40 297.59
327 0.005888 26.34 297.51
328 0.005882 26.27 297.45
329 0.005876 26.31 297.21
330 0.005869 26.31 297.03
331 0.005862 26.27 296.86
332 0.005855 26.27 296.67
333 0.005848 26.25 296.49
334 0.005841 26.27 296.28
335 0.005835 26.33 296.00
336 0.005828 26.24 295.96
337 0.005825 26.09 296.06
338 0.005820 26.09 295.92
339 0.005814 26.07 295.79
340 0.005807 26.09 295.57
341 0.005801 26.06 295.44
342 0.005794 26.00 295.31
343 0.005787 25.97 295.15
344 0.005780 25.93 295.02
345 0.005772 25.92 294.81
346 0.005765 26.01 294.46
347 0.005760 25.93 294.44
348 0.005754 25.88 294.33
349 0.005747 25.82 294.23
351 0.005737 25.84 293.90
352 0.005731 25.81 293.77
353 0.005725 25.77 293.65
354 0.005720 25.70 293.61
355 0.005714 25.70 293.45
356 0.005708 25.76 293.17
357 0.005702 25.73 293.05
358 0.005697 25.70 292.96
359 0.005691 25.66 292.84
360 0.005685 25.67 292.66
361 0.005682 25.65 292.57
362 0.005676 25.62 292.47
363 0.005671 25.62 292.31
364 0.005666 25.57 292.24
365 0.005661 25.59 292.08
366 0.005656 25.51 292.03
367 0.005651 25.49 291.93
368 0.005646 25.43 291.85
369 0.005640 25.41 291.73
370 0.005636 25.41 291.61
371 0.005631 25.41 291.46
372 0.005627 25.45 291.27
373 0.005623 25.40 291.24
374 0.005621 25.42 291.14
375 0.005617 25.44 291.01
376 0.005613 25.43 290.90
377 0.005609 25.45 290.76
378 0.005605 25.42 290.69
379 0.005601 25.42 290.54
380 0.005596 25.45 290.37
381 0.005591 25.43 290.26
382 0.005587 25.40 290.18
383 0.005583 25.39 290.07
384 0.005578 25.40 289.93
385 0.005574 25.43 289.76
386 0.005570 25.37 289.74
387 0.005566 25.33 289.67
388 0.005561 25.30 289.57
389 0.005557 25.44 289.25
390 0.005553 25.36 289.23
391 0.005549 25.30 289.20
392 0.005544 25.29 289.08
393 0.005539 25.30 288.93
394 0.005536 25.36 288.73
395 0.005532 25.32 288.67
396 0.005527 25.28 288.61
397 0.005524 25.19 288.63
398 0.005519 25.19 288.51
399 0.005518 25.20 288.44
401 0.005511 25.20 288.23
402 0.005507 25.18 288.15
403 0.005504 25.22 288.01
404 0.005502 25.16 288.02
405 0.005498 25.19 287.87
406 0.005494 25.15 287.82
407 0.005492 25.20 287.66
408 0.005489 25.21 287.56
409 0.005485 25.22 287.44
410 0.005481 25.24 287.31
411 0.005478 25.18 287.29
412 0.005476 25.17 287.24
413 0.005473 25.17 287.17
414 0.005470 25.14 287.10
415 0.005467 25.10 287.08
416 0.005464 25.07 287.04
417 0.005461 25.04 286.99
418 0.005458 25.04 286.90
419 0.005454 25.00 286.84
420 0.005450 24.98 286.77
421 0.005448 24.98 286.68
422 0.005444 24.99 286.56
423 0.005441 24.97 286.49
424 0.005437 24.93 286.44
425 0.005434 24.94 286.34
426 0.005430 24.86 286.34
427 0.005427 24.83 286.28
428 0.005424 24.81 286.24
429 0.005421 24.79 286.18
430 0.005418 24.78 286.10
431 0.005415 24.82 285.96
432 0.005412 24.81 285.87
433 0.005408 24.80 285.77
434 0.005406 24.79 285.71
435 0.005403 24.80 285.61
436 0.005400 24.82 285.49
437 0.005396 24.77 285.46
438 0.005393 24.83 285.29
439 0.005390 24.79 285.24
440 0.005387 24.78 285.17
441 0.005384 24.80 285.06
442 0.005381 24.78 285.00
443 0.005378 24.80 284.87
444 0.005375 24.79 284.80
445 0.005372 24.79 284.70
446 0.005368 24.76 284.63
447 0.005366 24.72 284.62
448 0.005363 24.71 284.56
449 0.005360 24.68 284.51
451 0.005354 24.68 284.32
452 0.005351 24.70 284.20
453 0.005349 24.70 284.14
454 0.005346 24.70 284.06
455 0.005344 24.79 283.87
456 0.005341 24.80 283.77
457 0.005338 24.83 283.64
458 0.005336 24.81 283.61
459 0.005334 24.80 283.55
460 0.005331 24.77 283.50
461 0.005328 24.76 283.44
462 0.005326 24.72 283.42
463 0.005323 24.71 283.35
464 0.005320 24.69 283.30
465 0.005318 24.67 283.25
466 0.005315 24.67 283.17
467 0.005313 24.72 283.03
468 0.005310 24.77 282.89
469 0.005308 24.75 282.84
470 0.005305 24.71 282.81
471 0.005302 24.72 282.72
472 0.005300 24.74 282.61
473 0.005298 24.71 282.60
474 0.005296 24.71 282.53
475 0.005293 24.71 282.45
476 0.005290 24.66 282.44
477 0.005288 24.65 282.39
478 0.005286 24.68 282.29
479 0.005283 24.66 282.24
480 0.005281 24.61 282.24
481 0.005279 24.62 282.14
482 0.005277 24.59 282.13
483 0.005274 24.59 282.07
484 0.005272 24.60 281.96
485 0.005268 24.61 281.85
486 0.005266 24.67 281.69
487 0.005263 24.74 281.52
488 0.005261 24.73 281.46
489 0.005259 24.70 281.45
490 0.005257 24.69 281.39
491 0.005254 24.68 281.34
492 0.005252 24.66 281.28
493 0.005249 24.63 281.25
494 0.005247 24.57 281.26
495 0.005244 24.54 281.23
496 0.005242 24.51 281.20
497 0.005239 24.49 281.15
498 0.005237 24.51 281.06
499 0.005235 24.50 281.01
501 0.005230 24.48 280.89
502 0.005228 24.48 280.83
503 0.005226 24.47 280.77
504 0.005223 24.50 280.66
505 0.005221 24.48 280.61
506 0.005219 24.53 280.49
507 0.005217 24.48 280.47
508 0.005215 24.49 280.40
509 0.005212 24.47 280.37
510 0.005210 24.46 280.31
511 0.005208 24.46 280.26
512 0.005206 24.44 280.23
513 0.005204 24.52 280.04
514 0.005203 24.53 279.98
515 0.005200 24.50 279.95
516 0.005198 24.49 279.90
517 0.005196 24.52 279.80
518 0.005194 24.52 279.75
519 0.005192 24.52 279.69
520 0.005191 24.47 279.71
521 0.005188 24.46 279.65
522 0.005186 24.51 279.52
523 0.005185 24.49 279.50
524 0.005183 24.48 279.46
525 0.005181 24.43 279.49
526 0.005180 24.42 279.46
527 0.005179 24.40 279.45
528 0.005177 24.40 279.40
529 0.005175 24.37 279.38
530 0.005173 24.33 279.38
531 0.005172 24.34 279.32
532 0.005170 24.32 279.29
533 0.005168 24.34 279.21
534 0.005167 24.38 279.10
535 0.005165 24.37 279.06
536 0.005163 24.38 278.98
537 0.005161 24.40 278.90
538 0.005159 24.38 278.88
539 0.005157 24.35 278.86
540 0.005156 24.35 278.81
541 0.005154 24.34 278.77
542 0.005152 24.33 278.74
543 0.005151 24.34 278.67
544 0.005149 24.33 278.63
545 0.005147 24.29 278.62
546 0.005145 24.26 278.61
547 0.005143 24.28 278.53
548 0.005141 24.28 278.45
549 0.005139 24.28 278.40
551 0.005136 24.26 278.33
552 0.005134 24.26 278.27
553 0.005132 24.23 278.27
554 0.005131 24.24 278.21
555 0.005129 24.23 278.18
556 0.005128 24.25 278.11
557 0.005126 24.24 278.07
558 0.005124 24.25 277.99
559 0.005123 24.20 278.02
560 0.005121 24.19 277.98
561 0.005119 24.22 277.89
562 0.005117 24.21 277.85
563 0.005116 24.18 277.84
564 0.005114 24.16 277.80
565 0.005112 24.12 277.81
566 0.005111 24.13 277.75
567 0.005109 24.15 277.68
568 0.005107 24.13 277.65
569 0.005106 24.15 277.57
570 0.005104 24.13 277.54
571 0.005102 24.14 277.47
572 0.005100 24.12 277.46
573 0.005099 24.11 277.42
574 0.005097 24.07 277.44
575 0.005096 24.07 277.37
576 0.005093 24.10 277.27
577 0.005092 24.10 277.23
578 0.005090 24.11 277.15
579 0.005089 24.15 277.05
580 0.005087 24.16 276.99
581 0.005086 24.17 276.93
582 0.005084 24.17 276.88
583 0.005083 24.13 276.91
584 0.005082 24.15 276.84
585 0.005081 24.13 276.83
586 0.005079 24.12 276.81
587 0.005078 24.14 276.73
588 0.005076 24.12 276.70
589 0.005075 24.15 276.61
590 0.005073 24.15 276.57
591 0.005071 24.16 276.51
592 0.005070 24.14 276.48
593 0.005068 24.14 276.43
594 0.005066 24.14 276.38
595 0.005065 24.14 276.33
596 0.005063 24.15 276.26
597 0.005062 24.15 276.22
598 0.005061 24.12 276.22
599 0.005059 24.13 276.18
601 0.005056 24.14 276.07
602 0.005055 24.11 276.07
603 0.005054 24.08 276.07
604 0.005052 24.07 276.04
605 0.005050 24.04 276.04
606 0.005049 24.04 275.99
607 0.005047 24.03 275.95
608 0.005046 24.00 275.95
609 0.005045 23.99 275.92
610 0.005043 24.00 275.85
611 0.005041 24.00 275.81
612 0.005040 23.97 275.80
613 0.005038 23.94 275.80
614 0.005037 23.92 275.79
615 0.005035 23.91 275.75
616 0.005034 23.92 275.70
617 0.005033 23.91 275.67
618 0.005032 23.94 275.60
619 0.005031 23.94 275.56
620 0.005030 23.91 275.58
621 0.005028 23.89 275.57
622 0.005027 23.91 275.51
623 0.005026 23.91 275.47
624 0.005025 23.93 275.40
625 0.005023 23.92 275.36
626 0.005022 23.92 275.31
627 0.005020 23.92 275.28
628 0.005019 23.88 275.29
629 0.005018 23.84 275.31
630 0.005017 23.81 275.32
631 0.005016 23.82 275.28
632 0.005014 23.83 275.22
633 0.005013 23.80 275.22
634 0.005011 23.81 275.16
635 0.005010 23.77 275.17
636 0.005008 23.78 275.11
637 0.005007 23.79 275.05
638 0.005006 23.81 274.98
639 0.005004 23.83 274.92
640 0.005003 23.81 274.90
641 0.005002 23.80 274.87
642 0.005000 23.78 274.86
643 0.004999 23.79 274.81
644 0.004998 23.79 274.77
645 0.004997 23.78 274.75
646 0.004996 23.81 274.68
647 0.004994 23.78 274.68
648 0.004993 23.78 274.64
649 0.004992 23.79 274.59
651 0.004989 23.73 274.59
652 0.004988 23.71 274.58
653 0.004987 23.70 274.55
654 0.004985 23.71 274.50
655 0.004984 23.73 274.44
656 0.004983 23.73 274.40
657 0.004982 23.72 274.38
658 0.004981 23.73 274.33
659 0.004980 23.75 274.27
660 0.004979 23.74 274.25
661 0.004978 23.72 274.24
662 0.004977 23.70 274.25
663 0.004976 23.69 274.22
664 0.004975 23.68 274.21
665 0.004974 23.67 274.19
666 0.004972 23.67 274.15
667 0.004971 23.65 274.14
668 0.004970 23.61 274.17
669 0.004969 23.59 274.16
670 0.004968 23.56 274.17
671 0.004967 23.54 274.17
672 0.004966 23.55 274.12
673 0.004965 23.53 274.12
674 0.004964 23.50 274.12
675 0.004963 23.49 274.11
676 0.004962 23.48 274.08
677 0.004961 23.48 274.06
678 0.004960 23.48 274.04
679 0.004959 23.47 274.02
680 0.004958 23.48 273.97
681 0.004957 23.48 273.95
682 0.004956 23.50 273.89
683 0.004955 23.52 273.84
684 0.004954 23.52 273.81
685 0.004953 23.50 273.80
686 0.004952 23.51 273.76
687 0.004952 23.50 273.74
688 0.004951 23.49 273.73
689 0.004950 23.50 273.68
690 0.004949 23.51 273.64
691 0.004948 23.49 273.63
692 0.004946 23.50 273.59
693 0.004946 23.44 273.64
694 0.004945 23.44 273.63
695 0.004944 23.45 273.58
696 0.004943 23.45 273.55
697 0.004942 23.45 273.53
698 0.004941 23.44 273.51
699 0.004940 23.44 273.47
701 0.004938 23.44 273.42
702 0.004937 23.43 273.40
703 0.004936 23.41 273.39
704 0.004935 23.42 273.35
705 0.004934 23.40 273.33
706 0.004933 23.41 273.29
707 0.004932 23.41 273.26
708 0.004930 23.41 273.22
709 0.004930 23.41 273.19
710 0.004929 23.41 273.16
711 0.004928 23.41 273.14
712 0.004927 23.41 273.10
713 0.004926 23.42 273.06
714 0.004925 23.41 273.05
715 0.004924 23.40 273.05
716 0.004923 23.40 273.01
717 0.004922 23.43 272.94
718 0.004921 23.43 272.91
719 0.004921 23.43 272.88
720 0.004920 23.44 272.85
721 0.004919 23.44 272.82
722 0.004918 23.42 272.82
723 0.004917 23.40 272.81
724 0.004916 23.39 272.80
725 0.004915 23.39 272.76
726 0.004914 23.38 272.75
727 0.004913 23.37 272.74
728 0.004913 23.37 272.72
729 0.004912 23.37 272.69
730 0.004911 23.37 272.66
731 0.004910 23.36 272.65
732 0.004909 23.36 272.62
733 0.004908 23.36 272.59
734 0.004907 23.36 272.56
735 0.004907 23.39 272.50
736 0.004906 23.38 272.48
737 0.004905 23.38 272.45
738 0.004904 23.39 272.41
739 0.004903 23.41 272.35
740 0.004902 23.42 272.32
741 0.004901 23.42 272.29
742 0.004901 23.41 272.29
743 0.004900 23.38 272.30
744 0.004899 23.38 272.29
745 0.004898 23.37 272.27
746 0.004898 23.36 272.26
747 0.004897 23.38 272.22
748 0.004896 23.40 272.17
749 0.004895 23.42 272.11
751 0.004894 23.42 272.06
752 0.004893 23.43 272.03
753 0.004893 23.42 272.02
754 0.004892 23.42 271.98
755 0.004891 23.42 271.96
756 0.004890 23.42 271.95
757 0.004889 23.41 271.93
758 0.004889 23.42 271.89
759 0.004888 23.42 271.87
760 0.004887 23.41 271.86
761 0.004886 23.40 271.86
762 0.004886 23.40 271.83
763 0.004885 23.40 271.80
764 0.004884 23.39 271.78
765 0.004883 23.40 271.76
766 0.004882 23.39 271.74
767 0.004882 23.41 271.68
768 0.004881 23.42 271.65
769 0.004880 23.42 271.63
770 0.004879 23.43 271.58
771 0.004878 23.41 271.59
772 0.004878 23.41 271.56
773 0.004877 23.41 271.54
774 0.004876 23.41 271.51
775 0.004875 23.41 271.49
776 0.004875 23.43 271.44
777 0.004874 23.42 271.43
778 0.004873 23.42 271.39
779 0.004872 23.43 271.36
780 0.004871 23.43 271.34
781 0.004871 23.44 271.31
782 0.004870 23.44 271.29
783 0.004869 23.45 271.24
784 0.004868 23.45 271.22
785 0.004868 23.43 271.22
786 0.004867 23.43 271.20
787 0.004866 23.42 271.19
788 0.004866 23.41 271.19
789 0.004865 23.38 271.20
790 0.004864 23.38 271.18
791 0.004863 23.37 271.16
792 0.004862 23.37 271.13
793 0.004861 23.36 271.11
794 0.004860 23.36 271.09
795 0.004859 23.39 271.02
796 0.004859 23.37 271.02
797 0.004858 23.34 271.04
798 0.004857 23.33 271.03
799 0.004856 23.31 271.03
801 0.004855 23.29 271.02
802 0.004854 23.29 270.98
803 0.004853 23.30 270.94
804 0.004852 23.31 270.90
805 0.004851 23.33 270.84
806 0.004850 23.35 270.80
807 0.004850 23.34 270.78
808 0.004849 23.34 270.77
809 0.004848 23.34 270.74
810 0.004847 23.34 270.71
811 0.004847 23.33 270.71
812 0.004846 23.33 270.68
813 0.004845 23.31 270.68
814 0.004845 23.30 270.67
815 0.004844 23.29 270.67
816 0.004843 23.30 270.64
817 0.004842 23.30 270.61
818 0.004842 23.29 270.60
819 0.004841 23.29 270.58
820 0.004840 23.30 270.54
821 0.004840 23.29 270.53
822 0.004839 23.28 270.53
823 0.004838 23.28 270.51
824 0.004837 23.27 270.50
825 0.004837 23.28 270.46
826 0.004836 23.28 270.43
827 0.004835 23.26 270.44
828 0.004834 23.23 270.45
829 0.004833 23.22 270.44
830 0.004833 23.18 270.47
831 0.004832 23.17 270.46
832 0.004831 23.17 270.44
833 0.004830 23.18 270.40
834 0.004830 23.17 270.38
835 0.004829 23.18 270.35
836 0.004828 23.18 270.33
837 0.004827 23.18 270.31
838 0.004827 23.18 270.29
839 0.004826 23.17 270.27
840 0.004825 23.20 270.21
841 0.004824 23.20 270.18
842 0.004823 23.19 270.16
843 0.004823 23.20 270.13
844 0.004822 23.20 270.11
845 0.004821 23.19 270.10
846 0.004821 23.17 270.11
847 0.004820 23.15 270.10
848 0.004819 23.14 270.10
849 0.004818 23.13 270.09
851 0.004817 23.12 270.06
852 0.004816 23.13 270.02
853 0.004815 23.13 270.00
854 0.004815 23.13 269.98
855 0.004814 23.16 269.91
856 0.004813 23.16 269.90
857 0.004813 23.13 269.91
858 0.004812 23.12 269.90
859 0.004811 23.12 269.88
860 0.004810 23.12 269.86
861 0.004810 23.11 269.86
862 0.004809 23.08 269.88
863 0.004808 23.06 269.88
864 0.004808 23.07 269.85
865 0.004807 23.07 269.83
866 0.004807 23.07 269.81
867 0.004806 23.07 269.81
868 0.004806 23.06 269.80
869 0.004805 23.05 269.78
870 0.004804 23.05 269.76
871 0.004804 23.05 269.75
872 0.004803 23.05 269.73
873 0.004802 23.07 269.68
874 0.004802 23.08 269.64
875 0.004801 23.09 269.60
876 0.004800 23.08 269.59
877 0.004799 23.09 269.54
878 0.004799 23.08 269.54
879 0.004798 23.07 269.54
880 0.004797 23.07 269.51
881 0.004796 23.06 269.50
882 0.004796 23.05 269.49
883 0.004795 23.06 269.46
884 0.004794 23.06 269.44
885 0.004794 23.07 269.40
886 0.004793 23.07 269.38
887 0.004792 23.07 269.35
888 0.004792 23.06 269.36
889 0.004791 23.06 269.34
890 0.004790 23.05 269.33
891 0.004790 23.04 269.32
892 0.004789 23.03 269.31
893 0.004789 23.04 269.28
894 0.004788 23.03 269.26
895 0.004787 23.04 269.23
896 0.004787 23.04 269.22
897 0.004786 23.05 269.19
898 0.004785 23.03 269.18
899 0.004785 23.02 269.18
901 0.004783 23.00 269.16
902 0.004783 23.00 269.15
903 0.004782 22.99 269.15
904 0.004782 22.99 269.14
905 0.004781 23.00 269.10
906 0.004780 22.97 269.12
907 0.004780 22.97 269.10
908 0.004779 22.97 269.07
909 0.004778 22.97 269.06
910 0.004778 22.97 269.04
911 0.004777 22.96 269.04
912 0.004777 22.96 269.02
913 0.004776 22.96 269.00
914 0.004775 22.95 268.99
915 0.004775 22.94 268.98
916 0.004774 22.94 268.97
917 0.004774 22.92 268.98
918 0.004773 22.90 268.99
919 0.004773 22.90 268.97
920 0.004772 22.90 268.96
921 0.004772 22.90 268.93
922 0.004771 22.90 268.91
923 0.004770 22.90 268.89
924 0.004770 22.90 268.87
925 0.004769 22.91 268.84
926 0.004768 22.91 268.81
927 0.004768 22.90 268.81
928 0.004767 22.93 268.75
929 0.004766 22.94 268.71
930 0.004766 22.92 268.72
931 0.004765 22.92 268.71
932 0.004765 22.92 268.69
933 0.004764 22.92 268.68
934 0.004764 22.90 268.68
935 0.004763 22.89 268.69
936 0.004763 22.89 268.68
937 0.004762 22.89 268.66
938 0.004762 22.89 268.65
939 0.004761 22.89 268.63
940 0.004761 22.88 268.63
941 0.004761 22.88 268.62
942 0.004760 22.87 268.61
943 0.004760 22.86 268.62
944 0.004759 22.85 268.62
945 0.004759 22.84 268.61
946 0.004758 22.83 268.61
947 0.004758 22.84 268.58
948 0.004757 22.85 268.57
949 0.004757 22.84 268.56
951 0.004756 22.83 268.55
952 0.004756 22.81 268.56
953 0.004755 22.81 268.54
954 0.004755 22.84 268.50
955 0.004754 22.83 268.48
956 0.004754 22.83 268.48
957 0.004753 22.81 268.49
958 0.004753 22.81 268.48
959 0.004753 22.80 268.47
960 0.004752 22.79 268.48
961 0.004751 22.78 268.47
962 0.004751 22.77 268.48
963 0.004751 22.76 268.47
964 0.004750 22.74 268.48
965 0.004750 22.73 268.48
966 0.004749 22.73 268.48
967 0.004749 22.72 268.48
968 0.004748 22.71 268.47
969 0.004748 22.72 268.44
970 0.004747 22.73 268.42
971 0.004747 22.71 268.43
972 0.004747 22.71 268.41
973 0.004746 22.70 268.41
974 0.004746 22.69 268.41
975 0.004745 22.70 268.39
976 0.004744 22.70 268.36
977 0.004744 22.72 268.32
978 0.004744 22.71 268.32
979 0.004743 22.72 268.29
980 0.004743 22.72 268.27
981 0.004742 22.73 268.25
982 0.004742 22.72 268.25
983 0.004741 22.72 268.24
984 0.004741 22.70 268.24
985 0.004740 22.70 268.22
986 0.004740 22.69 268.23
987 0.004739 22.70 268.20
988 0.004739 22.71 268.17
989 0.004738 22.71 268.16
990 0.004738 22.70 268.15
991 0.004738 22.71 268.13
992 0.004737 22.71 268.12
993 0.004737 22.70 268.12
994 0.004736 22.69 268.12
995 0.004736 22.69 268.10
996 0.004735 22.69 268.09
997 0.004735 22.68 268.08
998 0.004734 22.68 268.07
999 0.004734 22.68 268.06
1001 0.004733 22.66 268.04
1002 0.004732 22.67 268.02
1003 0.004732 22.67 268.01
1004 0.004731 22.65 268.02
1005 0.004731 22.64 268.02
1006 0.004731 22.64 268.01
1007 0.004730 22.62 268.01
1008 0.004730 22.61 268.02
1009 0.004729 22.61 268.00
1010 0.004729 22.61 267.98
1011 0.004728 22.60 268.00
1012 0.004728 22.58 268.00
1013 0.004728 22.58 268.00
1014 0.004727 22.56 268.00
1015 0.004727 22.56 268.00
1016 0.004726 22.56 267.98
1017 0.004726 22.56 267.96
1018 0.004725 22.57 267.94
1019 0.004725 22.56 267.94
1020 0.004725 22.56 267.92
1021 0.004724 22.56 267.91
1022 0.004724 22.57 267.88
1023 0.004723 22.57 267.86
1024 0.004723 22.58 267.84
1025 0.004722 22.58 267.83
1026 0.004722 22.57 267.82
1027 0.004721 22.57 267.81
1028 0.004721 22.57 267.79
1029 0.004720 22.57 267.79
1030 0.004720 22.58 267.76
1031 0.004720 22.58 267.74
1032 0.004719 22.56 267.75
1033 0.004719 22.55 267.76
1034 0.004718 22.54 267.76
1035 0.004718 22.52 267.76
1036 0.004718 22.52 267.76
1037 0.004717 22.53 267.73
1038 0.004717 22.53 267.72
1039 0.004716 22.52 267.71
1040 0.004716 22.52 267.71
1041 0.004716 22.50 267.73
1042 0.004715 22.49 267.72
1043 0.004715 22.49 267.71
1044 0.004714 22.50 267.69
1045 0.004714 22.49 267.68
1046 0.004714 22.50 267.66
1047 0.004713 22.49 267.65
1048 0.004713 22.47 267.67
1049 0.004712 22.47 267.66
1051 0.004712 22.47 267.64
1052 0.004711 22.46 267.63
1053 0.004711 22.46 267.62
1054 0.004710 22.45 267.62
1055 0.004710 22.45 267.61
1056 0.004710 22.45 267.60
1057 0.004709 22.46 267.59
1058 0.004709 22.46 267.57
1059 0.004709 22.46 267.56
1060 0.004708 22.46 267.54
1061 0.004708 22.45 267.54
1062 0.004707 22.43 267.55
1063 0.004707 22.44 267.53
1064 0.004707 22.45 267.51
1065 0.004706 22.46 267.48
1066 0.004706 22.45 267.48
1067 0.004706 22.46 267.46
1068 0.004705 22.45 267.46
1069 0.004705 22.44 267.46
1070 0.004704 22.43 267.47
1071 0.004704 22.44 267.44
1072 0.004704 22.44 267.42
1073 0.004703 22.45 267.41
1074 0.004703 22.46 267.38
1075 0.004703 22.46 267.36
1076 0.004702 22.47 267.34
1077 0.004702 22.47 267.33
1078 0.004701 22.47 267.31
1079 0.004701 22.46 267.32
1080 0.004701 22.46 267.31
1081 0.004700 22.44 267.32
1082 0.004700 22.43 267.31
1083 0.004699 22.43 267.31
1084 0.004699 22.43 267.29
1085 0.004699 22.43 267.29
1086 0.004698 22.42 267.28
1087 0.004698 22.42 267.27
1088 0.004698 22.40 267.29
1089 0.004697 22.40 267.28
1090 0.004697 22.40 267.26
1091 0.004696 22.40 267.24
1092 0.004696 22.42 267.20
1093 0.004696 22.43 267.19
1094 0.004695 22.41 267.20
1095 0.004695 22.41 267.19
1096 0.004694 22.39 267.21
1097 0.004694 22.38 267.20
1098 0.004694 22.39 267.17
1099 0.004693 22.40 267.15
1101 0.004693 22.39 267.14
1102 0.004692 22.39 267.14
1103 0.004692 22.38 267.14
1104 0.004691 22.35 267.15
1105 0.004691 22.35 267.15
1106 0.004690 22.35 267.12
1107 0.004690 22.35 267.12
1108 0.004690 22.37 267.07
1109 0.004689 22.38 267.05
1110 0.004689 22.37 267.05
1111 0.004688 22.37 267.03
1112 0.004688 22.37 267.02
1113 0.004688 22.38 266.99
1114 0.004687 22.41 266.95
1115 0.004687 22.40 266.94
1116 0.004687 22.40 266.93
1117 0.004686 22.40 266.92
1118 0.004686 22.40 266.91
1119 0.004685 22.40 266.90
1120 0.004685 22.39 266.89
1121 0.004685 22.38 266.90
1122 0.004684 22.37 266.90
1123 0.004684 22.37 266.88
1124 0.004683 22.37 266.88
1125 0.004683 22.37 266.86
1126 0.004683 22.37 266.86
1127 0.004682 22.37 266.85
1128 0.004682 22.36 266.84
1129 0.004682 22.36 266.83
1130 0.004681 22.36 266.82
1131 0.004681 22.37 266.80
1132 0.004680 22.36 266.79
1133 0.004680 22.36 266.79
1134 0.004680 22.35 266.79
1135 0.004679 22.34 266.79
1136 0.004679 22.33 266.78
1137 0.004679 22.34 266.77
1138 0.004678 22.33 266.76
1139 0.004678 22.31 266.78
1140 0.004678 22.32 266.75
1141 0.004677 22.33 266.73
1142 0.004677 22.33 266.72
1143 0.004676 22.33 266.71
1144 0.004676 22.35 266.68
1145 0.004676 22.35 266.67
1146 0.004676 22.33 266.68
1147 0.004675 22.33 266.68
1148 0.004675 22.32 266.67
1149 0.004675 22.33 266.66
1151 0.004674 22.35 266.61
1152 0.004674 22.34 266.60
1153 0.004673 22.34 266.60
1154 0.004673 22.33 266.60
1155 0.004673 22.31 266.61
1156 0.004672 22.31 266.61
1157 0.004672 22.31 266.59
1158 0.004672 22.32 266.57
1159 0.004671 22.30 266.59
1160 0.004671 22.29 266.60
1161 0.004671 22.29 266.59
1162 0.004671 22.27 266.61
1163 0.004670 22.26 266.61
1164 0.004670 22.24 266.62
1165 0.004670 22.25 266.60
1166 0.004669 22.25 266.59
1167 0.004669 22.25 266.59
1168 0.004669 22.24 266.58
1169 0.004668 22.24 266.57
1170 0.004668 22.24 266.57
1171 0.004668 22.22 266.58
1172 0.004667 22.22 266.57
1173 0.004667 22.22 266.55
1174 0.004667 22.23 266.53
1175 0.004666 22.23 266.53
1176 0.004666 22.23 266.52
1177 0.004666 22.24 266.49
1178 0.004665 22.25 266.47
1179 0.004665 22.24 266.47
1180 0.004665 22.23 266.47
1181 0.004664 22.23 266.46
1182 0.004664 22.23 266.45
1183 0.004664 22.22 266.45
1184 0.004663 22.22 266.45
1185 0.004663 22.21 266.45
1186 0.004663 22.21 266.45
1187 0.004663 22.21 266.44
1188 0.004662 22.20 266.44
1189 0.004662 22.20 266.42
1190 0.004662 22.19 266.43
1191 0.004661 22.19 266.42
1192 0.004661 22.18 266.42
1193 0.004661 22.17 266.42
1194 0.004660 22.15 266.44
1195 0.004660 22.16 266.42
1196 0.004660 22.16 266.41
1197 0.004659 22.17 266.39
1198 0.004659 22.18 266.36
1199 0.004659 22.19 266.33
1201 0.004658 22.19 266.32
1202 0.004658 22.21 266.29
1203 0.004658 22.21 266.28
1204 0.004657 22.21 266.27
1205 0.004657 22.21 266.26
1206 0.004657 22.20 266.26
1207 0.004656 22.20 266.25
1208 0.004656 22.20 266.25
1209 0.004656 22.20 266.23
1210 0.004656 22.20 266.22
1211 0.004655 22.20 266.21
1212 0.004655 22.21 266.20
1213 0.004655 22.19 266.21
1214 0.004655 22.19 266.21
1215 0.004654 22.18 266.21
1216 0.004654 22.18 266.20
1217 0.004654 22.18 266.19
1218 0.004654 22.19 266.18
1219 0.004653 22.19 266.17
1220 0.004653 22.18 266.17
1221 0.004653 22.17 266.17
1222 0.004653 22.17 266.17
1223 0.004652 22.16 266.17
1224 0.004652 22.17 266.15
1225 0.004652 22.18 266.14
1226 0.004652 22.18 266.12
1227 0.004651 22.18 266.11
1228 0.004651 22.18 266.10
1229 0.004651 22.19 266.09
1230 0.004651 22.18 266.09
1231 0.004650 22.18 266.09
1232 0.004650 22.17 266.08
1233 0.004650 22.18 266.07
1234 0.004650 22.17 266.07
1235 0.004649 22.16 266.08
1236 0.004649 22.16 266.07
1237 0.004649 22.15 266.08
1238 0.004649 22.15 266.07
1239 0.004648 22.14 266.07
1240 0.004648 22.14 266.07
1241 0.004648 22.14 266.06
1242 0.004648 22.14 266.06
1243 0.004648 22.13 266.07
1244 0.004647 22.12 266.07
1245 0.004647 22.10 266.08
1246 0.004647 22.09 266.09
1247 0.004647 22.08 266.09
1248 0.004646 22.08 266.09
1249 0.004646 22.09 266.07
1251 0.004646 22.10 266.05
1252 0.004645 22.10 266.03
1253 0.004645 22.10 266.02
1254 0.004645 22.10 266.01
1255 0.004645 22.10 266.00
1256 0.004644 22.10 265.99
1257 0.004644 22.10 265.98
1258 0.004644 22.11 265.97
1259 0.004643 22.11 265.96
1260 0.004643 22.11 265.95
1261 0.004643 22.10 265.95
1262 0.004643 22.09 265.95
1263 0.004642 22.09 265.96
1264 0.004642 22.09 265.95
1265 0.004642 22.08 265.94
1266 0.004642 22.08 265.94
1267 0.004641 22.09 265.92
1268 0.004641 22.08 265.92
1269 0.004641 22.08 265.91
1270 0.004640 22.08 265.91
1271 0.004640 22.08 265.89
1272 0.004640 22.08 265.88
1273 0.004640 22.08 265.88
1274 0.004640 22.09 265.86
1275 0.004639 22.08 265.86
1276 0.004639 22.08 265.86
1277 0.004639 22.08 265.86
1278 0.004639 22.07 265.86
1279 0.004638 22.07 265.85
1280 0.004638 22.08 265.84
1281 0.004638 22.08 265.83
1282 0.004638 22.08 265.83
1283 0.004638 22.08 265.82
1284 0.004637 22.08 265.81
1285 0.004637 22.08 265.79
1286 0.004637 22.07 265.80
1287 0.004637 22.09 265.77
1288 0.004636 22.08 265.77
1289 0.004636 22.07 265.78
1290 0.004636 22.06 265.79
1291 0.004636 22.05 265.78
1292 0.004635 22.05 265.78
1293 0.004635 22.06 265.77
1294 0.004635 22.06 265.76
1295 0.004635 22.07 265.74
1296 0.004635 22.07 265.73
1297 0.004634 22.06 265.74
1298 0.004634 22.06 265.73
1299 0.004634 22.06 265.72
1301 0.004634 22.07 265.71
1302 0.004633 22.06 265.70
1303 0.004633 22.06 265.70
1304 0.004633 22.05 265.70
1305 0.004633 22.05 265.70
1306 0.004632 22.05 265.69
1307 0.004632 22.06 265.67
1308 0.004632 22.06 265.66
1309 0.004632 22.07 265.64
1310 0.004632 22.07 265.63
1311 0.004631 22.06 265.63
1312 0.004631 22.06 265.63
1313 0.004631 22.06 265.63
1314 0.004631 22.06 265.62
1315 0.004631 22.06 265.61
1316 0.004630 22.07 265.59
1317 0.004630 22.08 265.58
1318 0.004630 22.08 265.57
1319 0.004630 22.09 265.55
1320 0.004630 22.08 265.55
1321 0.004629 22.08 265.54
1322 0.004629 22.08 265.54
1323 0.004629 22.08 265.54
1324 0.004629 22.07 265.54
1325 0.004629 22.07 265.54
1326 0.004628 22.07 265.54
1327 0.004628 22.06 265.55
1328 0.004628 22.05 265.55
1329 0.004628 22.05 265.54
1330 0.004628 22.04 265.55
1331 0.004628 22.04 265.55
1332 0.004627 22.04 265.54
1333 0.004627 22.03 265.54
1334 0.004627 22.03 265.54
1335 0.004627 22.03 265.53
1336 0.004627 22.02 265.53
1337 0.004626 22.02 265.54
1338 0.004626 22.02 265.53
1339 0.004626 22.02 265.53
1340 0.004626 22.02 265.52
1341 0.004626 22.02 265.51
1342 0.004625 22.02 265.50
1343 0.004625 22.02 265.49
1344 0.004625 22.01 265.51
1345 0.004625 22.01 265.50
1346 0.004625 22.01 265.49
1347 0.004624 22.01 265.48
1348 0.004624 22.01 265.48
1349 0.004624 22.00 265.48
1351 0.004624 21.99 265.49
1352 0.004623 21.97 265.50
1353 0.004623 21.97 265.50
1354 0.004623 21.97 265.49
1355 0.004623 21.96 265.49
1356 0.004622 21.96 265.48
1357 0.004622 21.97 265.47
1358 0.004622 21.97 265.46
1359 0.004622 21.97 265.46
1360 0.004622 21.97 265.45
1361 0.004621 21.97 265.44
1362 0.004621 21.97 265.44
1363 0.004621 21.96 265.44
1364 0.004621 21.96 265.44
1365 0.004621 21.96 265.43
1366 0.004621 21.95 265.44
1367 0.004620 21.94 265.45
1368 0.004620 21.94 265.45
1369 0.004620 21.93 265.46
1370 0.004620 21.92 265.46
1371 0.004620 21.92 265.45
1372 0.004619 21.92 265.45
1373 0.004619 21.92 265.44
1374 0.004619 21.93 265.42
1375 0.004619 21.93 265.42
1376 0.004619 21.93 265.41
1377 0.004619 21.93 265.41
1378 0.004619 21.93 265.41
1379 0.004618 21.93 265.39
1380 0.004618 21.93 265.39
1381 0.004618 21.93 265.39
1382 0.004618 21.92 265.39
1383 0.004618 21.91 265.40
1384 0.004617 21.90 265.40
1385 0.004617 21.90 265.40
1386 0.004617 21.91 265.38
1387 0.004617 21.92 265.36
1388 0.004617 21.92 265.36
1389 0.004616 21.93 265.34
1390 0.004616 21.92 265.34
1391 0.004616 21.92 265.34
1392 0.004616 21.92 265.33
1393 0.004616 21.91 265.34
1394 0.004616 21.92 265.32
1395 0.004615 21.92 265.32
1396 0.004615 21.91 265.32
1397 0.004615 21.92 265.31
1398 0.004615 21.91 265.30
1399 0.004615 21.91 265.31
1401 0.004614 21.92 265.28
1402 0.004614 21.91 265.29
1403 0.004614 21.91 265.28
1404 0.004614 21.90 265.29
1405 0.004614 21.89 265.29
1406 0.004613 21.89 265.29
1407 0.004613 21.89 265.29
1408 0.004613 21.89 265.29
1409 0.004613 21.89 265.28
1410 0.004613 21.89 265.28
1411 0.004613 21.89 265.27
1412 0.004613 21.89 265.27
1413 0.004612 21.89 265.26
1414 0.004612 21.88 265.27
1415 0.004612 21.88 265.27
1416 0.004612 21.88 265.27
1417 0.004612 21.87 265.27
1418 0.004612 21.87 265.27
1419 0.004612 21.88 265.25
1420 0.004611 21.88 265.25
1421 0.004611 21.87 265.25
1422 0.004611 21.87 265.25
1423 0.004611 21.85 265.26
1424 0.004611 21.85 265.26
1425 0.004611 21.85 265.26
1426 0.004611 21.85 265.25
1427 0.004610 21.85 265.25
1428 0.004610 21.86 265.24
1429 0.004610 21.85 265.24
1430 0.004610 21.85 265.24
1431 0.004610 21.84 265.25
1432 0.004610 21.84 265.25
1433 0.004610 21.84 265.24
1434 0.004610 21.85 265.22
1435 0.004609 21.85 265.22
1436 0.004609 21.85 265.21
1437 0.004609 21.85 265.21
1438 0.004609 21.84 265.21
1439 0.004609 21.84 265.22
1440 0.004609 21.83 265.22
1441 0.004608 21.83 265.21
1442 0.004608 21.84 265.20
1443 0.004608 21.83 265.20
1444 0.004608 21.83 265.20
1445 0.004608 21.83 265.20
1446 0.004608 21.82 265.20
1447 0.004608 21.82 265.21
1448 0.004607 21.81 265.20
1449 0.004607 21.81 265.21
1451 0.004607 21.81 265.20
1452 0.004607 21.80 265.20
1453 0.004607 21.79 265.21
1454 0.004607 21.79 265.21
1455 0.004607 21.79 265.20
1456 0.004606 21.79 265.20
1457 0.004606 21.80 265.18
1458 0.004606 21.81 265.17
1459 0.004606 21.81 265.16
1460 0.004606 21.81 265.16
1461 0.004606 21.81 265.16
1462 0.004606 21.80 265.16
1463 0.004605 21.80 265.15
1464 0.004605 21.80 265.16
1465 0.004605 21.79 265.15
1466 0.004605 21.79 265.15
1467 0.004605 21.78 265.15
1468 0.004605 21.79 265.15
1469 0.004604 21.78 265.15
1470 0.004604 21.78 265.14
1471 0.004604 21.78 265.14
1472 0.004604 21.78 265.14
1473 0.004604 21.78 265.13
1474 0.004604 21.78 265.12
1475 0.004604 21.79 265.11
1476 0.004603 21.78 265.12
1477 0.004603 21.77 265.12
1478 0.004603 21.77 265.12
1479 0.004603 21.77 265.11
1480 0.004603 21.78 265.10
1481 0.004603 21.79 265.08
1482 0.004602 21.79 265.07
1483 0.004602 21.80 265.06
1484 0.004602 21.80 265.05
1485 0.004602 21.79 265.05
1486 0.004602 21.79 265.05
1487 0.004602 21.80 265.04
1488 0.004601 21.80 265.03
1489 0.004601 21.80 265.02
1490 0.004601 21.80 265.02
1491 0.004601 21.79 265.02
1492 0.004601 21.78 265.04
1493 0.004601 21.76 265.05
1494 0.004601 21.75 265.06
1495 0.004600 21.76 265.05
1496 0.004600 21.75 265.05
1497 0.004600 21.76 265.04
1498 0.004600 21.76 265.04
1499 0.004600 21.76 265.03
1501 0.004600 21.76 265.02
1502 0.004599 21.76 265.01
1503 0.004599 21.78 264.99
1504 0.004599 21.78 264.98
1505 0.004599 21.78 264.98
1506 0.004599 21.78 264.97
1507 0.004599 21.78 264.97
1508 0.004599 21.77 264.97
1509 0.004598 21.77 264.96
1510 0.004598 21.78 264.96
1511 0.004598 21.78 264.95
1512 0.004598 21.77 264.95
1513 0.004598 21.77 264.95
1514 0.004598 21.78 264.93
1515 0.004598 21.78 264.93
1516 0.004597 21.79 264.91
1517 0.004597 21.79 264.90
1518 0.004597 21.79 264.89
1519 0.004597 21.79 264.89
1520 0.004597 21.79 264.89
1521 0.004597 21.79 264.88
1522 0.004597 21.79 264.88
1523 0.004596 21.80 264.86
1524 0.004596 21.80 264.86
1525 0.004596 21.80 264.85
1526 0.004596 21.80 264.85
1527 0.004596 21.80 264.85
1528 0.004596 21.80 264.84
1529 0.004596 21.81 264.83
1530 0.004595 21.81 264.82
1531 0.004595 21.81 264.80
1532 0.004595 21.81 264.81
1533 0.004595 21.81 264.80
1534 0.004595 21.81 264.80
1535 0.004595 21.81 264.79
1536 0.004594 21.82 264.77
1537 0.004594 21.83 264.76
1538 0.004594 21.83 264.75
1539 0.004594 21.82 264.75
1540 0.004594 21.82 264.76
1541 0.004594 21.81 264.76
1542 0.004593 21.81 264.75
1543 0.004593 21.81 264.75
1544 0.004593 21.80 264.75
1545 0.004593 21.80 264.75
1546 0.004593 21.79 264.76
1547 0.004593 21.78 264.77
1548 0.004592 21.78 264.76
1549 0.004592 21.79 264.74
1551 0.004592 21.79 264.74
1552 0.004592 21.79 264.72
1553 0.004592 21.79 264.72
1554 0.004592 21.78 264.73
1555 0.004591 21.78 264.73
1556 0.004591 21.78 264.72
1557 0.004591 21.78 264.72
1558 0.004591 21.77 264.72
1559 0.004591 21.76 264.73
1560 0.004591 21.76 264.73
1561 0.004590 21.76 264.72
1562 0.004590 21.77 264.71
1563 0.004590 21.77 264.70
1564 0.004590 21.77 264.70
1565 0.004590 21.77 264.69
1566 0.004590 21.76 264.69
1567 0.004590 21.75 264.71
1568 0.004589 21.74 264.71
1569 0.004589 21.74 264.71
1570 0.004589 21.74 264.70
1571 0.004589 21.75 264.69
1572 0.004589 21.76 264.68
1573 0.004589 21.76 264.66
1574 0.004589 21.76 264.66
1575 0.004589 21.76 264.66
1576 0.004589 21.75 264.67
1577 0.004588 21.75 264.67
1578 0.004588 21.75 264.66
1579 0.004588 21.75 264.66
1580 0.004588 21.75 264.65
1581 0.004588 21.75 264.65
1582 0.004588 21.75 264.64
1583 0.004588 21.75 264.64
1584 0.004588 21.75 264.64
1585 0.004587 21.75 264.64
1586 0.004587 21.75 264.63
1587 0.004587 21.75 264.62
1588 0.004587 21.75 264.62
1589 0.004587 21.75 264.62
1590 0.004587 21.75 264.61
1591 0.004587 21.75 264.61
1592 0.004587 21.75 264.60
1593 0.004586 21.75 264.60
1594 0.004586 21.75 264.60
1595 0.004586 21.75 264.60
1596 0.004586 21.75 264.60
1597 0.004586 21.75 264.59
1598 0.004586 21.76 264.58
1599 0.004586 21.76 264.57
1601 0.004586 21.76 264.56
1602 0.004585 21.75 264.56
1603 0.004585 21.74 264.58
1604 0.004585 21.74 264.57
1605 0.004585 21.75 264.56
1606 0.004585 21.74 264.57
1607 0.004585 21.74 264.56
1608 0.004585 21.74 264.56
1609 0.004585 21.74 264.56
1610 0.004584 21.74 264.55
1611 0.004584 21.73 264.56
1612 0.004584 21.73 264.56
1613 0.004584 21.73 264.55
1614 0.004584 21.73 264.54
1615 0.004584 21.74 264.53
1616 0.004584 21.74 264.52
1617 0.004583 21.75 264.51
1618 0.004583 21.75 264.50
1619 0.004583 21.75 264.50
1620 0.004583 21.74 264.51
1621 0.004583 21.74 264.50
1622 0.004583 21.73 264.50
1623 0.004583 21.74 264.50
1624 0.004582 21.74 264.49
1625 0.004582 21.75 264.47
1626 0.004582 21.75 264.47
1627 0.004582 21.75 264.46
1628 0.004582 21.74 264.47
1629 0.004582 21.74 264.47
1630 0.004582 21.73 264.47
1631 0.004582 21.73 264.47
1632 0.004581 21.74 264.46
1633 0.004581 21.74 264.45
1634 0.004581 21.73 264.46
1635 0.004581 21.73 264.45
1636 0.004581 21.74 264.44
1637 0.004581 21.74 264.43
1638 0.004581 21.73 264.43
1639 0.004580 21.74 264.42
1640 0.004580 21.74 264.42
1641 0.004580 21.74 264.42
1642 0.004580 21.74 264.41
1643 0.004580 21.74 264.41
1644 0.004580 21.74 264.39
1645 0.004580 21.75 264.38
1646 0.004580 21.75 264.37
1647 0.004579 21.75 264.38
1648 0.004579 21.74 264.38
1649 0.004579 21.73 264.39
1651 0.004579 21.73 264.38
1652 0.004579 21.73 264.37
1653 0.004579 21.75 264.35
1654 0.004578 21.74 264.35
1655 0.004578 21.74 264.35
1656 0.004578 21.73 264.36
1657 0.004578 21.72 264.37
1658 0.004578 21.71 264.37
1659 0.004578 21.72 264.36
1660 0.004578 21.72 264.35
1661 0.004577 21.73 264.34
1662 0.004577 21.73 264.33
1663 0.004577 21.73 264.32
1664 0.004577 21.73 264.32
1665 0.004577 21.72 264.32
1666 0.004577 21.72 264.32
1667 0.004576 21.73 264.30
1668 0.004576 21.73 264.30
1669 0.004576 21.73 264.30
1670 0.004576 21.73 264.28
1671 0.004576 21.73 264.28
1672 0.004576 21.73 264.28
1673 0.004576 21.73 264.28
1674 0.004575 21.73 264.27
1675 0.004575 21.73 264.27
1676 0.004575 21.73 264.26
1677 0.004575 21.73 264.25
1678 0.004575 21.73 264.24
1679 0.004575 21.73 264.25
1680 0.004575 21.71 264.26
1681 0.004574 21.71 264.26
1682 0.004574 21.70 264.26
1683 0.004574 21.70 264.26
1684 0.004574 21.70 264.25
1685 0.004574 21.71 264.24
1686 0.004574 21.71 264.23
1687 0.004573 21.70 264.25
1688 0.004573 21.70 264.24
1689 0.004573 21.70 264.24
1690 0.004573 21.70 264.23
1691 0.004573 21.70 264.22
1692 0.004573 21.72 264.19
1693 0.004573 21.71 264.20
1694 0.004572 21.71 264.20
1695 0.004572 21.71 264.19
1696 0.004572 21.71 264.19
1697 0.004572 21.70 264.19
1698 0.004572 21.70 264.19
1699 0.004572 21.71 264.18
1701 0.004572 21.73 264.15
1702 0.004571 21.73 264.14
1703 0.004571 21.72 264.15
1704 0.004571 21.71 264.16
1705 0.004571 21.71 264.15
1706 0.004571 21.72 264.14
1707 0.004571 21.72 264.13
1708 0.004571 21.73 264.11
1709 0.004570 21.73 264.10
1710 0.004570 21.73 264.10
1711 0.004570 21.72 264.11
1712 0.004570 21.72 264.11
1713 0.004570 21.72 264.11
1714 0.004570 21.72 264.10
1715 0.004570 21.73 264.09
1716 0.004570 21.73 264.08
1717 0.004570 21.73 264.08
1718 0.004569 21.73 264.07
1719 0.004569 21.73 264.07
1720 0.004569 21.73 264.07
1721 0.004569 21.73 264.06
1722 0.004569 21.74 264.05
1723 0.004569 21.74 264.04
1724 0.004569 21.74 264.04
1725 0.004569 21.74 264.04
1726 0.004569 21.74 264.03
1727 0.004568 21.73 264.03
1728 0.004568 21.73 264.04
1729 0.004568 21.73 264.04
1730 0.004568 21.73 264.03
1731 0.004568 21.72 264.03
1732 0.004568 21.72 264.03
1733 0.004568 21.72 264.03
1734 0.004568 21.72 264.03
1735 0.004567 21.71 264.03
1736 0.004567 21.71 264.02
1737 0.004567 21.72 264.01
1738 0.004567 21.72 264.01
1739 0.004567 21.72 264.00
1740 0.004567 21.71 264.01
1741 0.004567 21.70 264.02
1742 0.004567 21.70 264.02
1743 0.004566 21.69 264.03
1744 0.004566 21.69 264.03
1745 0.004566 21.68 264.03
1746 0.004566 21.68 264.03
1747 0.004566 21.68 264.03
1748 0.004566 21.67 264.03
1749 0.004566 21.68 264.02
1751 0.004565 21.69 263.99
1752 0.004565 21.70 263.98
1753 0.004565 21.70 263.97
1754 0.004565 21.70 263.97
1755 0.004565 21.69 263.98
1756 0.004565 21.68 263.99
1757 0.004565 21.68 263.98
1758 0.004565 21.68 263.98
1759 0.004564 21.68 263.98
1760 0.004564 21.69 263.96
1761 0.004564 21.69 263.96
1762 0.004564 21.69 263.95
1763 0.004564 21.69 263.95
1764 0.004564 21.69 263.95
1765 0.004564 21.69 263.94
1766 0.004564 21.69 263.94
1767 0.004564 21.69 263.94
1768 0.004563 21.69 263.94
1769 0.004563 21.69 263.93
1770 0.004563 21.68 263.94
1771 0.004563 21.68 263.93
1772 0.004563 21.68 263.93
1773 0.004563 21.68 263.92
1774 0.004563 21.68 263.92
1775 0.004563 21.69 263.91
1776 0.004563 21.70 263.90
1777 0.004563 21.70 263.88
1778 0.004562 21.70 263.88
1779 0.004562 21.70 263.88
1780 0.004562 21.70 263.88
1781 0.004562 21.70 263.88
1782 0.004562 21.69 263.88
1783 0.004562 21.69 263.88
1784 0.004562 21.68 263.88
1785 0.004562 21.68 263.88
1786 0.004562 21.68 263.89
1787 0.004561 21.67 263.89
1788 0.004561 21.67 263.89
1789 0.004561 21.67 263.89
1790 0.004561 21.66 263.89
1791 0.004561 21.67 263.88
1792 0.004561 21.66 263.89
1793 0.004561 21.66 263.89
1794 0.004561 21.65 263.89
1795 0.004560 21.65 263.89
1796 0.004560 21.65 263.89
1797 0.004560 21.65 263.88
1798 0.004560 21.66 263.87
1799 0.004560 21.67 263.86
1801 0.004560 21.66 263.85
1802 0.004560 21.66 263.86
1803 0.004560 21.65 263.86
1804 0.004560 21.65 263.86
1805 0.004559 21.65 263.86
1806 0.004559 21.65 263.85
1807 0.004559 21.65 263.85
1808 0.004559 21.65 263.85
1809 0.004559 21.64 263.86
1810 0.004559 21.64 263.86
1811 0.004559 21.64 263.85
1812 0.004559 21.64 263.85
1813 0.004559 21.64 263.85
1814 0.004559 21.64 263.84
1815 0.004558 21.64 263.84
1816 0.004558 21.63 263.84
1817 0.004558 21.63 263.84
1818 0.004558 21.63 263.84
1819 0.004558 21.63 263.84
1820 0.004558 21.63 263.83
1821 0.004558 21.63 263.83
1822 0.004558 21.64 263.82
1823 0.004558 21.63 263.82
1824 0.004558 21.63 263.82
1825 0.004558 21.64 263.81
1826 0.004557 21.64 263.81
1827 0.004557 21.64 263.81
1828 0.004557 21.64 263.80
1829 0.004557 21.64 263.80
1830 0.004557 21.63 263.80
1831 0.004557 21.64 263.80
1832 0.004557 21.64 263.79
1833 0.004557 21.64 263.79
1834 0.004557 21.64 263.78
1835 0.004557 21.65 263.77
1836 0.004557 21.65 263.77
1837 0.004556 21.65 263.76
1838 0.004556 21.64 263.77
1839 0.004556 21.63 263.78
1840 0.004556 21.62 263.79
1841 0.004556 21.61 263.80
1842 0.004556 21.61 263.80
1843 0.004556 21.60 263.81
1844 0.004556 21.60 263.80
1845 0.004556 21.61 263.80
1846 0.004556 21.61 263.79
1847 0.004556 21.61 263.79
1848 0.004556 21.61 263.79
1849 0.004555 21.60 263.79
1851 0.004555 21.60 263.79
1852 0.004555 21.59 263.80
1853 0.004555 21.60 263.79
1854 0.004555 21.60 263.78
1855 0.004555 21.61 263.76
1856 0.004555 21.62 263.75
1857 0.004555 21.61 263.75
1858 0.004555 21.62 263.75
1859 0.004555 21.61 263.75
1860 0.004555 21.61 263.75
1861 0.004554 21.61 263.74
1862 0.004554 21.62 263.74
1863 0.004554 21.62 263.72
1864 0.004554 21.63 263.71
1865 0.004554 21.63 263.71
1866 0.004554 21.62 263.72
1867 0.004554 21.62 263.72
1868 0.004554 21.61 263.73
1869 0.004554 21.60 263.73
1870 0.004554 21.61 263.72
1871 0.004554 21.61 263.72
1872 0.004553 21.61 263.71
1873 0.004553 21.61 263.71
1874 0.004553 21.61 263.71
1875 0.004553 21.60 263.72
1876 0.004553 21.61 263.71
1877 0.004553 21.60 263.71
1878 0.004553 21.61 263.70
1879 0.004553 21.62 263.69
1880 0.004553 21.62 263.68
1881 0.004553 21.62 263.68
1882 0.004553 21.61 263.68
1883 0.004552 21.61 263.68
1884 0.004552 21.61 263.68
1885 0.004552 21.60 263.69
1886 0.004552 21.61 263.68
1887 0.004552 21.60 263.68
1888 0.004552 21.61 263.67
1889 0.004552 21.60 263.67
1890 0.004552 21.60 263.67
1891 0.004552 21.61 263.67
1892 0.004552 21.61 263.66
1893 0.004552 21.61 263.66
1894 0.004552 21.61 263.65
1895 0.004551 21.61 263.65
1896 0.004551 21.61 263.65
1897 0.004551 21.61 263.65
1898 0.004551 21.61 263.64
1899 0.004551 21.60 263.65
1901 0.004551 21.61 263.63
1902 0.004551 21.61 263.63
1903 0.004551 21.61 263.63
1904 0.004551 21.61 263.62
1905 0.004551 21.61 263.62
1906 0.004550 21.61 263.62
1907 0.004550 21.60 263.62
1908 0.004550 21.61 263.62
1909 0.004550 21.60 263.61
1910 0.004550 21.60 263.61
1911 0.004550 21.60 263.61
1912 0.004550 21.60 263.61
1913 0.004550 21.60 263.61
1914 0.004550 21.59 263.61
1915 0.004550 21.59 263.62
1916 0.004550 21.58 263.63
1917 0.004549 21.57 263.63
1918 0.004549 21.57 263.63
1919 0.004549 21.57 263.63
1920 0.004549 21.57 263.62
1921 0.004549 21.57 263.62
1922 0.004549 21.57 263.62
1923 0.004549 21.57 263.62
1924 0.004549 21.56 263.63
1925 0.004549 21.56 263.63
1926 0.004549 21.56 263.63
1927 0.004548 21.55 263.63
1928 0.004548 21.56 263.62
1929 0.004548 21.56 263.61
1930 0.004548 21.56 263.61
1931 0.004548 21.56 263.61
1932 0.004548 21.56 263.61
1933 0.004548 21.56 263.61
1934 0.004548 21.56 263.60
1935 0.004548 21.56 263.60
1936 0.004548 21.56 263.59
1937 0.004548 21.56 263.59
1938 0.004548 21.57 263.58
1939 0.004547 21.57 263.58
1940 0.004547 21.57 263.58
1941 0.004547 21.57 263.57
1942 0.004547 21.57 263.57
1943 0.004547 21.57 263.56
1944 0.004547 21.58 263.55
1945 0.004547 21.58 263.55
1946 0.004547 21.58 263.54
1947 0.004547 21.58 263.54
1948 0.004547 21.58 263.54
1949 0.004547 21.57 263.54
1951 0.004547 21.58 263.53
1952 0.004546 21.58 263.53
1953 0.004546 21.58 263.52
1954 0.004546 21.58 263.52
1955 0.004546 21.58 263.51
1956 0.004546 21.58 263.51
1957 0.004546 21.58 263.51
1958 0.004546 21.58 263.52
1959 0.004546 21.57 263.51
1960 0.004546 21.57 263.52
1961 0.004546 21.57 263.51
1962 0.004546 21.57 263.51
1963 0.004546 21.57 263.51
1964 0.004545 21.58 263.50
1965 0.004545 21.57 263.50
1966 0.004545 21.57 263.50
1967 0.004545 21.57 263.50
1968 0.004545 21.57 263.50
1969 0.004545 21.56 263.50
1970 0.004545 21.57 263.50
1971 0.004545 21.56 263.49
1972 0.004545 21.57 263.49
1973 0.004545 21.57 263.48
1974 0.004545 21.57 263.48
1975 0.004545 21.57 263.48
1976 0.004544 21.57 263.48
1977 0.004544 21.56 263.48
1978 0.004544 21.56 263.48
1979 0.004544 21.56 263.48
1980 0.004544 21.56 263.48
1981 0.004544 21.56 263.47
1982 0.004544 21.57 263.46
1983 0.004544 21.58 263.44
1984 0.004544 21.59 263.43
1985 0.004544 21.59 263.42
1986 0.004544 21.59 263.42
1987 0.004543 21.59 263.41
1988 0.004543 21.59 263.41
1989 0.004543 21.59 263.41
1990 0.004543 21.59 263.40
1991 0.004543 21.59 263.40
1992 0.004543 21.59 263.40
1993 0.004543 21.59 263.40
1994 0.004543 21.58 263.40
1995 0.004543 21.58 263.40
1996 0.004543 21.57 263.41
1997 0.004543 21.57 263.41
1998 0.004543 21.57 263.41
1999 0.004542 21.57 263.41
2001 0.004542 21.57 263.40
2002 0.004542 21.57 263.40
2003 0.004542 21.57 263.40
2004 0.004542 21.57 263.39
2005 0.004542 21.57 263.40
2006 0.004542 21.56 263.40
2007 0.004542 21.56 263.39
2008 0.004542 21.56 263.40
2009 0.004542 21.56 263.39
2010 0.004542 21.56 263.39
2011 0.004542 21.56 263.39
2012 0.004541 21.56 263.39
2013 0.004541 21.55 263.40
2014 0.004541 21.55 263.39
2015 0.004541 21.55 263.39
2016 0.004541 21.55 263.39
2017 0.004541 21.55 263.39
2018 0.004541 21.55 263.38
2019 0.004541 21.55 263.38
2020 0.004541 21.55 263.39
2021 0.004541 21.54 263.39
2022 0.004541 21.54 263.39
2023 0.004541 21.54 263.40
2024 0.004541 21.53 263.40
2025 0.004541 21.53 263.40
2026 0.004540 21.53 263.40
2027 0.004540 21.53 263.40
2028 0.004540 21.52 263.41
2029 0.004540 21.52 263.40
2030 0.004540 21.52 263.40
2031 0.004540 21.52 263.40
2032 0.004540 21.51 263.40
2033 0.004540 21.51 263.40
2034 0.004540 21.52 263.39
2035 0.004540 21.52 263.39
2036 0.004540 21.52 263.39
2037 0.004540 21.52 263.38
2038 0.004540 21.52 263.38
2039 0.004540 21.52 263.38
2040 0.004539 21.52 263.38
2041 0.004539 21.52 263.38
2042 0.004539 21.52 263.37
2043 0.004539 21.52 263.37
2044 0.004539 21.52 263.36
2045 0.004539 21.52 263.36
2046 0.004539 21.52 263.36
2047 0.004539 21.52 263.36
2048 0.004539 21.51 263.37
2049 0.004539 21.51 263.37
2051 0.004539 21.51 263.36
2052 0.004539 21.51 263.36
2053 0.004539 21.51 263.36
2054 0.004538 21.51 263.36
2055 0.004538 21.51 263.36
2056 0.004538 21.51 263.36
2057 0.004538 21.51 263.35
2058 0.004538 21.52 263.34
2059 0.004538 21.53 263.32
2060 0.004538 21.52 263.32
2061 0.004538 21.53 263.31
2062 0.004538 21.53 263.31
2063 0.004538 21.53 263.30
2064 0.004538 21.54 263.29
2065 0.004538 21.54 263.29
2066 0.004538 21.54 263.29
2067 0.004537 21.53 263.29
2068 0.004537 21.53 263.30
2069 0.004537 21.52 263.31
2070 0.004537 21.52 263.31
2071 0.004537 21.52 263.31
2072 0.004537 21.52 263.30
2073 0.004537 21.52 263.29
2074 0.004537 21.52 263.29
2075 0.004537 21.52 263.29
2076 0.004537 21.51 263.30
2077 0.004537 21.51 263.31
2078 0.004537 21.50 263.31
2079 0.004537 21.50 263.31
2080 0.004536 21.50 263.30
2081 0.004536 21.50 263.30
2082 0.004536 21.51 263.29
2083 0.004536 21.51 263.29
2084 0.004536 21.51 263.29
2085 0.004536 21.50 263.29
2086 0.004536 21.51 263.28
2087 0.004536 21.51 263.28
2088 0.004536 21.51 263.27
2089 0.004536 21.52 263.26
2090 0.004536 21.51 263.26
2091 0.004536 21.51 263.26
2092 0.004536 21.51 263.26
2093 0.004536 21.51 263.26
2094 0.004536 21.51 263.26
2095 0.004535 21.51 263.26
2096 0.004535 21.50 263.26
2097 0.004535 21.51 263.26
2098 0.004535 21.50 263.26
2099 0.004535 21.50 263.26
2101 0.004535 21.49 263.26
2102 0.004535 21.50 263.26
2103 0.004535 21.50 263.26
2104 0.004535 21.50 263.25
2105 0.004535 21.50 263.25
2106 0.004535 21.50 263.24
2107 0.004535 21.50 263.24
2108 0.004534 21.50 263.24
2109 0.004534 21.50 263.24
2110 0.004534 21.50 263.23
2111 0.004534 21.50 263.23
2112 0.004534 21.50 263.23
2113 0.004534 21.50 263.23
2114 0.004534 21.50 263.23
2115 0.004534 21.50 263.23
2116 0.004534 21.49 263.23
2117 0.004534 21.49 263.23
2118 0.004534 21.49 263.22
2119 0.004534 21.49 263.23
2120 0.004534 21.49 263.23
2121 0.004534 21.49 263.23
2122 0.004534 21.49 263.22
2123 0.004533 21.49 263.22
2124 0.004533 21.49 263.22
2125 0.004533 21.49 263.22
2126 0.004533 21.49 263.21
2127 0.004533 21.49 263.22
2128 0.004533 21.49 263.21
2129 0.004533 21.48 263.22
2130 0.004533 21.48 263.22
2131 0.004533 21.48 263.22
2132 0.004533 21.47 263.22
2133 0.004533 21.47 263.22
2134 0.004533 21.47 263.22
2135 0.004533 21.47 263.22
2136 0.004533 21.47 263.21
2137 0.004533 21.47 263.21
2138 0.004532 21.47 263.21
2139 0.004532 21.47 263.20
2140 0.004532 21.47 263.20
2141 0.004532 21.48 263.19
2142 0.004532 21.48 263.19
2143 0.004532 21.48 263.19
2144 0.004532 21.48 263.19
2145 0.004532 21.48 263.19
2146 0.004532 21.48 263.18
2147 0.004532 21.49 263.17
2148 0.004532 21.48 263.17
2149 0.004532 21.48 263.17
2151 0.004532 21.48 263.18
2152 0.004532 21.47 263.18
2153 0.004531 21.46 263.19
2154 0.004531 21.46 263.19
2155 0.004531 21.46 263.19
2156 0.004531 21.46 263.19
2157 0.004531 21.46 263.19
2158 0.004531 21.46 263.19
2159 0.004531 21.46 263.18
2160 0.004531 21.46 263.18
2161 0.004531 21.46 263.18
2162 0.004531 21.46 263.18
2163 0.004531 21.45 263.18
2164 0.004531 21.45 263.18
2165 0.004531 21.45 263.18
2166 0.004531 21.45 263.18
2167 0.004531 21.45 263.17
2168 0.004531 21.45 263.17
2169 0.004530 21.45 263.17
2170 0.004530 21.45 263.17
2171 0.004530 21.45 263.17
2172 0.004530 21.44 263.18
2173 0.004530 21.44 263.18
2174 0.004530 21.44 263.18
2175 0.004530 21.44 263.17
2176 0.004530 21.44 263.18
2177 0.004530 21.44 263.17
2178 0.004530 21.44 263.17
2179 0.004530 21.44 263.17
2180 0.004530 21.44 263.16
2181 0.004530 21.45 263.15
2182 0.004530 21.45 263.15
2183 0.004530 21.45 263.15
2184 0.004530 21.45 263.15
2185 0.004530 21.45 263.14
2186 0.004529 21.45 263.14
2187 0.004529 21.45 263.13
2188 0.004529 21.46 263.13
2189 0.004529 21.45 263.13
2190 0.004529 21.45 263.14
2191 0.004529 21.44 263.15
2192 0.004529 21.43 263.15
2193 0.004529 21.43 263.16
2194 0.004529 21.43 263.15
2195 0.004529 21.43 263.15
2196 0.004529 21.44 263.13
2197 0.004529 21.43 263.14
2198 0.004529 21.43 263.15
2199 0.004529 21.42 263.15
2201 0.004529 21.43 263.14
2202 0.004528 21.43 263.13
2203 0.004528 21.44 263.12
2204 0.004528 21.43 263.13
2205 0.004528 21.43 263.13
2206 0.004528 21.42 263.13
2207 0.004528 21.42 263.14
2208 0.004528 21.42 263.14
2209 0.004528 21.42 263.13
2210 0.004528 21.42 263.13
2211 0.004528 21.42 263.13
2212 0.004528 21.42 263.13
2213 0.004528 21.42 263.13
2214 0.004528 21.42 263.13
2215 0.004528 21.42 263.12
2216 0.004528 21.43 263.11
2217 0.004528 21.43 263.11
2218 0.004528 21.43 263.11
2219 0.004528 21.42 263.11
2220 0.004527 21.42 263.12
2221 0.004527 21.41 263.12
2222 0.004527 21.41 263.12
2223 0.004527 21.41 263.12
2224 0.004527 21.41 263.12
2225 0.004527 21.40 263.13
2226 0.004527 21.40 263.12
2227 0.004527 21.40 263.12
2228 0.004527 21.41 263.12
2229 0.004527 21.41 263.11
2230 0.004527 21.41 263.11
2231 0.004527 21.41 263.10
2232 0.004527 21.41 263.10
2233 0.004527 21.41 263.10
2234 0.004527 21.41 263.10
2235 0.004527 21.41 263.10
2236 0.004526 21.41 263.10
2237 0.004526 21.42 263.09
2238 0.004526 21.41 263.09
2239 0.004526 21.42 263.08
2240 0.004526 21.41 263.09
2241 0.004526 21.41 263.09
2242 0.004526 21.41 263.09
2243 0.004526 21.41 263.09
2244 0.004526 21.41 263.08
2245 0.004526 21.42 263.07
2246 0.004526 21.42 263.06
2247 0.004526 21.42 263.06
2248 0.004526 21.42 263.07
2249 0.004526 21.42 263.06
2251 0.004526 21.41 263.07
2252 0.004526 21.41 263.07
2253 0.004525 21.41 263.07
2254 0.004525 21.40 263.07
2255 0.004525 21.40 263.07
2256 0.004525 21.40 263.07
2257 0.004525 21.40 263.07
2258 0.004525 21.41 263.06
2259 0.004525 21.41 263.05
2260 0.004525 21.41 263.05
2261 0.004525 21.42 263.04
2262 0.004525 21.42 263.04
2263 0.004525 21.42 263.04
2264 0.004525 21.42 263.03
2265 0.004525 21.42 263.03
2266 0.004525 21.42 263.02
2267 0.004525 21.42 263.03
2268 0.004525 21.42 263.03
2269 0.004525 21.41 263.03
2270 0.004525 21.41 263.03
2271 0.004525 21.41 263.04
2272 0.004525 21.41 263.04
2273 0.004524 21.41 263.04
2274 0.004524 21.40 263.03
2275 0.004524 21.40 263.04
2276 0.004524 21.41 263.03
2277 0.004524 21.41 263.03
2278 0.004524 21.41 263.02
2279 0.004524 21.41 263.02
2280 0.004524 21.41 263.02
2281 0.004524 21.41 263.02
2282 0.004524 21.41 263.02
2283 0.004524 21.41 263.02
2284 0.004524 21.41 263.02
2285 0.004524 21.41 263.01
2286 0.004524 21.41 263.01
2287 0.004524 21.41 263.01
2288 0.004524 21.41 263.01
2289 0.004524 21.40 263.01
2290 0.004524 21.40 263.01
2291 0.004524 21.40 263.01
2292 0.004524 21.41 263.01
2293 0.004524 21.41 263.00
2294 0.004523 21.41 263.00
2295 0.004523 21.41 262.99
2296 0.004523 21.41 262.99
2297 0.004523 21.41 262.99
2298 0.004523 21.41 262.99
2299 0.004523 21.41 262.98
2301 0.004523 21.42 262.98
2302 0.004523 21.41 262.98
2303 0.004523 21.41 262.98
2304 0.004523 21.40 262.99
2305 0.004523 21.40 263.00
2306 0.004523 21.39 263.00
2307 0.004523 21.39 263.00
2308 0.004523 21.39 263.00
2309 0.004523 21.39 263.00
2310 0.004523 21.40 262.99
2311 0.004523 21.39 262.99
2312 0.004523 21.39 262.99
2313 0.004523 21.39 262.99
2314 0.004523 21.39 262.99
2315 0.004523 21.39 262.99
2316 0.004523 21.39 262.98
2317 0.004522 21.40 262.98
2318 0.004522 21.40 262.98
2319 0.004522 21.40 262.98
2320 0.004522 21.39 262.98
2321 0.004522 21.39 262.98
2322 0.004522 21.39 262.98
2323 0.004522 21.39 262.97
2324 0.004522 21.39 262.97
2325 0.004522 21.40 262.97
2326 0.004522 21.40 262.96
2327 0.004522 21.41 262.95
2328 0.004522 21.41 262.95
2329 0.004522 21.40 262.95
2330 0.004522 21.40 262.96
2331 0.004522 21.39 262.96
2332 0.004522 21.39 262.97
2333 0.004522 21.39 262.97
2334 0.004522 21.39 262.96
2335 0.004522 21.39 262.96
2336 0.004522 21.40 262.95
2337 0.004522 21.39 262.95
2338 0.004522 21.39 262.96
2339 0.004521 21.38 262.96
2340 0.004521 21.38 262.96
2341 0.004521 21.38 262.96
2342 0.004521 21.38 262.96
2343 0.004521 21.39 262.96
2344 0.004521 21.38 262.96
2345 0.004521 21.38 262.96
2346 0.004521 21.38 262.96
2347 0.004521 21.38 262.96
2348 0.004521 21.38 262.96
2349 0.004521 21.38 262.95
2351 0.004521 21.38 262.95
2352 0.004521 21.38 262.95
2353 0.004521 21.38 262.95
2354 0.004521 21.38 262.95
2355 0.004521 21.38 262.95
2356 0.004521 21.38 262.95
2357 0.004521 21.38 262.94
2358 0.004521 21.38 262.94
2359 0.004521 21.38 262.94
2360 0.004521 21.38 262.94
2361 0.004520 21.38 262.94
2362 0.004520 21.38 262.94
2363 0.004520 21.38 262.94
2364 0.004520 21.38 262.93
2365 0.004520 21.38 262.93
2366 0.004520 21.37 262.94
2367 0.004520 21.37 262.94
2368 0.004520 21.37 262.94
2369 0.004520 21.36 262.95
2370 0.004520 21.37 262.94
2371 0.004520 21.37 262.94
2372 0.004520 21.36 262.94
2373 0.004520 21.37 262.94
2374 0.004520 21.37 262.93
2375 0.004520 21.37 262.93
2376 0.004520 21.37 262.93
2377 0.004520 21.37 262.92
2378 0.004520 21.37 262.92
2379 0.004520 21.37 262.92
2380 0.004520 21.37 262.92
2381 0.004520 21.37 262.91
2382 0.004519 21.37 262.91
2383 0.004519 21.37 262.92
2384 0.004519 21.37 262.91
2385 0.004519 21.37 262.92
2386 0.004519 21.37 262.92
2387 0.004519 21.37 262.91
2388 0.004519 21.37 262.91
2389 0.004519 21.37 262.91
2390 0.004519 21.37 262.91
2391 0.004519 21.37 262.91
2392 0.004519 21.36 262.91
2393 0.004519 21.36 262.91
2394 0.004519 21.36 262.91
2395 0.004519 21.36 262.91
2396 0.004519 21.37 262.90
2397 0.004519 21.37 262.90
2398 0.004519 21.37 262.89
2399 0.004519 21.37 262.89
2401 0.004519 21.37 262.89
2402 0.004519 21.37 262.88
2403 0.004519 21.38 262.87
2404 0.004519 21.38 262.87
2405 0.004518 21.38 262.87
2406 0.004518 21.38 262.87
2407 0.004518 21.37 262.87
2408 0.004518 21.37 262.87
2409 0.004518 21.37 262.87
2410 0.004518 21.37 262.87
2411 0.004518 21.37 262.87
2412 0.004518 21.37 262.86
2413 0.004518 21.37 262.87
2414 0.004518 21.37 262.87
2415 0.004518 21.37 262.87
2416 0.004518 21.37 262.86
2417 0.004518 21.38 262.85
2418 0.004518 21.38 262.85
2419 0.004518 21.38 262.85
2420 0.004518 21.37 262.86
2421 0.004518 21.36 262.86
2422 0.004518 21.36 262.87
2423 0.004518 21.35 262.88
2424 0.004518 21.35 262.88
2425 0.004518 21.35 262.88
2426 0.004518 21.35 262.87
2427 0.004517 21.35 262.87
2428 0.004517 21.35 262.87
2429 0.004517 21.35 262.87
2430 0.004517 21.35 262.87
2431 0.004517 21.35 262.87
2432 0.004517 21.35 262.87
2433 0.004517 21.35 262.86
2434 0.004517 21.35 262.86
2435 0.004517 21.35 262.86
2436 0.004517 21.35 262.86
2437 0.004517 21.35 262.86
2438 0.004517 21.34 262.87
2439 0.004517 21.34 262.87
2440 0.004517 21.34 262.86
2441 0.004517 21.34 262.86
2442 0.004517 21.35 262.86
2443 0.004517 21.35 262.85
2444 0.004517 21.35 262.85
2445 0.004517 21.35 262.85
2446 0.004517 21.35 262.84
2447 0.004517 21.36 262.83
2448 0.004517 21.36 262.83
2449 0.004516 21.37 262.82
2451 0.004516 21.36 262.82
2452 0.004516 21.36 262.82
2453 0.004516 21.36 262.82
2454 0.004516 21.36 262.82
2455 0.004516 21.36 262.82
2456 0.004516 21.35 262.83
2457 0.004516 21.35 262.82
2458 0.004516 21.35 262.83
2459 0.004516 21.35 262.83
2460 0.004516 21.35 262.82
2461 0.004516 21.35 262.82
2462 0.004516 21.35 262.82
2463 0.004516 21.36 262.81
2464 0.004516 21.36 262.80
2465 0.004516 21.36 262.80
2466 0.004516 21.36 262.80
2467 0.004516 21.36 262.80
2468 0.004516 21.36 262.80
2469 0.004516 21.37 262.79
2470 0.004516 21.37 262.79
2471 0.004516 21.37 262.79
2472 0.004515 21.37 262.78
2473 0.004515 21.37 262.78
2474 0.004515 21.36 262.78
2475 0.004515 21.37 262.78
2476 0.004515 21.36 262.78
2477 0.004515 21.37 262.78
2478 0.004515 21.37 262.77
2479 0.004515 21.36 262.78
2480 0.004515 21.36 262.78
2481 0.004515 21.36 262.78
2482 0.004515 21.36 262.78
2483 0.004515 21.36 262.78
2484 0.004515 21.36 262.77
2485 0.004515 21.36 262.77
2486 0.004515 21.36 262.77
2487 0.004515 21.36 262.77
2488 0.004515 21.36 262.77
2489 0.004515 21.36 262.77
2490 0.004515 21.35 262.77
2491 0.004515 21.36 262.77
2492 0.004515 21.36 262.77
2493 0.004515 21.36 262.76
2494 0.004514 21.36 262.76
2495 0.004514 21.36 262.76
2496 0.004514 21.36 262.76
2497 0.004514 21.35 262.76
2498 0.004514 21.35 262.76
2499 0.004514 21.35 262.76
2501 0.004514 21.35 262.76
2502 0.004514 21.35 262.75
2503 0.004514 21.35 262.75
2504 0.004514 21.35 262.75
2505 0.004514 21.35 262.75
2506 0.004514 21.36 262.75
2507 0.004514 21.36 262.74
2508 0.004514 21.36 262.74
2509 0.004514 21.36 262.73
2510 0.004514 21.36 262.73
2511 0.004514 21.36 262.73
2512 0.004514 21.37 262.72
2513 0.004514 21.37 262.72
2514 0.004514 21.37 262.72
2515 0.004514 21.37 262.71
2516 0.004513 21.37 262.71
2517 0.004513 21.37 262.70
2518 0.004513 21.37 262.70
2519 0.004513 21.38 262.69
2520 0.004513 21.38 262.69
2521 0.004513 21.38 262.69
2522 0.004513 21.38 262.69
2523 0.004513 21.38 262.69
2524 0.004513 21.38 262.69
2525 0.004513 21.38 262.68
2526 0.004513 21.38 262.68
2527 0.004513 21.39 262.67
2528 0.004513 21.39 262.66
2529 0.004513 21.40 262.66
2530 0.004513 21.39 262.66
2531 0.004513 21.40 262.65
2532 0.004513 21.39 262.66
2533 0.004513 21.39 262.65
2534 0.004513 21.39 262.65
2535 0.004513 21.39 262.65
2536 0.004513 21.39 262.65
2537 0.004513 21.39 262.64
2538 0.004513 21.40 262.64
2539 0.004512 21.40 262.64
2540 0.004512 21.40 262.64
2541 0.004512 21.40 262.64
2542 0.004512 21.40 262.64
2543 0.004512 21.40 262.63
2544 0.004512 21.39 262.64
2545 0.004512 21.39 262.64
2546 0.004512 21.39 262.64
2547 0.004512 21.38 262.64
2548 0.004512 21.39 262.64
2549 0.004512 21.39 262.63
2551 0.004512 21.40 262.62
2552 0.004512 21.40 262.62
2553 0.004512 21.40 262.62
2554 0.004512 21.40 262.61
2555 0.004512 21.39 262.62
2556 0.004512 21.39 262.62
2557 0.004512 21.39 262.63
2558 0.004512 21.39 262.63
2559 0.004512 21.38 262.63
2560 0.004512 21.38 262.63
2561 0.004512 21.38 262.63
2562 0.004511 21.38 262.62
2563 0.004511 21.39 262.62
2564 0.004511 21.39 262.62
2565 0.004511 21.39 262.61
2566 0.004511 21.39 262.61
2567 0.004511 21.39 262.61
2568 0.004511 21.39 262.60
2569 0.004511 21.39 262.60
2570 0.004511 21.39 262.60
2571 0.004511 21.39 262.60
2572 0.004511 21.39 262.60
2573 0.004511 21.39 262.60
2574 0.004511 21.39 262.59
2575 0.004511 21.39 262.59
2576 0.004511 21.40 262.58
2577 0.004511 21.40 262.58
2578 0.004511 21.40 262.58
2579 0.004511 21.40 262.58
2580 0.004511 21.39 262.58
2581 0.004511 21.40 262.57
2582 0.004510 21.40 262.57
2583 0.004510 21.40 262.57
2584 0.004510 21.40 262.57
2585 0.004510 21.40 262.56
2586 0.004510 21.40 262.57
2587 0.004510 21.39 262.57
2588 0.004510 21.39 262.57
2589 0.004510 21.39 262.57
2590 0.004510 21.39 262.57
2591 0.004510 21.39 262.56
2592 0.004510 21.39 262.56
2593 0.004510 21.40 262.55
2594 0.004510 21.40 262.55
2595 0.004510 21.40 262.54
2596 0.004510 21.40 262.54
2597 0.004510 21.39 262.55
2598 0.004510 21.39 262.56
2599 0.004510 21.39 262.56
2601 0.004510 21.38 262.56
2602 0.004509 21.38 262.57
2603 0.004509 21.38 262.56
2604 0.004509 21.38 262.55
2605 0.004509 21.38 262.55
2606 0.004509 21.38 262.55
2607 0.004509 21.38 262.55
2608 0.004509 21.38 262.56
2609 0.004509 21.38 262.55
2610 0.004509 21.38 262.54
2611 0.004509 21.39 262.54
2612 0.004509 21.39 262.53
2613 0.004509 21.38 262.54
2614 0.004509 21.38 262.54
2615 0.004509 21.37 262.55
2616 0.004509 21.37 262.55
2617 0.004509 21.37 262.55
2618 0.004509 21.37 262.54
2619 0.004509 21.37 262.54
2620 0.004509 21.37 262.54
2621 0.004508 21.37 262.55
2622 0.004508 21.36 262.55
2623 0.004508 21.36 262.56
2624 0.004508 21.35 262.56
2625 0.004508 21.35 262.56
2626 0.004508 21.35 262.55
2627 0.004508 21.36 262.55
2628 0.004508 21.35 262.55
2629 0.004508 21.36 262.54
2630 0.004508 21.35 262.54
2631 0.004508 21.36 262.54
2632 0.004508 21.36 262.53
2633 0.004508 21.37 262.52
2634 0.004508 21.37 262.52
2635 0.004508 21.37 262.51
2636 0.004508 21.37 262.51
2637 0.004508 21.37 262.51
2638 0.004507 21.37 262.51
2639 0.004507 21.37 262.50
2640 0.004507 21.37 262.50
2641 0.004507 21.36 262.51
2642 0.004507 21.36 262.51
2643 0.004507 21.36 262.51
2644 0.004507 21.36 262.51
2645 0.004507 21.36 262.51
2646 0.004507 21.36 262.51
2647 0.004507 21.36 262.51
2648 0.004507 21.36 262.51
2649 0.004507 21.36 262.51
2651 0.004507 21.35 262.51
2652 0.004507 21.35 262.51
2653 0.004507 21.35 262.50
2654 0.004507 21.35 262.50
2655 0.004507 21.35 262.50
2656 0.004507 21.35 262.50
2657 0.004506 21.35 262.50
2658 0.004506 21.35 262.50
2659 0.004506 21.35 262.49
2660 0.004506 21.35 262.49
2661 0.004506 21.35 262.49
2662 0.004506 21.35 262.49
2663 0.004506 21.35 262.49
2664 0.004506 21.34 262.50
2665 0.004506 21.34 262.50
2666 0.004506 21.34 262.50
2667 0.004506 21.34 262.50
2668 0.004506 21.35 262.49
2669 0.004506 21.35 262.48
2670 0.004506 21.35 262.48
2671 0.004506 21.35 262.48
2672 0.004506 21.34 262.48
2673 0.004506 21.34 262.48
2674 0.004506 21.34 262.48
2675 0.004506 21.35 262.47
2676 0.004506 21.34 262.48
2677 0.004505 21.34 262.47
2678 0.004505 21.35 262.47
2679 0.004505 21.34 262.47
2680 0.004505 21.34 262.47
2681 0.004505 21.34 262.47
2682 0.004505 21.35 262.46
2683 0.004505 21.35 262.46
2684 0.004505 21.35 262.46
2685 0.004505 21.35 262.46
2686 0.004505 21.35 262.46
2687 0.004505 21.35 262.46
2688 0.004505 21.35 262.45
2689 0.004505 21.35 262.45
2690 0.004505 21.35 262.45
2691 0.004505 21.35 262.44
2692 0.004505 21.35 262.44
2693 0.004505 21.35 262.44
2694 0.004505 21.35 262.44
2695 0.004505 21.35 262.44
2696 0.004505 21.35 262.43
2697 0.004505 21.35 262.44
2698 0.004505 21.35 262.43
2699 0.004505 21.35 262.44
2701 0.004504 21.35 262.43
2702 0.004504 21.35 262.43
2703 0.004504 21.35 262.43
2704 0.004504 21.35 262.43
2705 0.004504 21.35 262.42
2706 0.004504 21.35 262.42
2707 0.004504 21.35 262.42
2708 0.004504 21.35 262.42
2709 0.004504 21.35 262.42
2710 0.004504 21.35 262.42
2711 0.004504 21.35 262.41
2712 0.004504 21.35 262.41
2713 0.004504 21.35 262.41
2714 0.004504 21.36 262.41
2715 0.004504 21.36 262.40
2716 0.004504 21.36 262.40
2717 0.004504 21.36 262.40
2718 0.004504 21.35 262.40
2719 0.004504 21.35 262.41
2720 0.004504 21.35 262.41
2721 0.004504 21.35 262.41
2722 0.004504 21.35 262.41
2723 0.004504 21.35 262.40
2724 0.004504 21.35 262.40
2725 0.004503 21.34 262.41
2726 0.004503 21.34 262.41
2727 0.004503 21.34 262.41
2728 0.004503 21.34 262.41
2729 0.004503 21.34 262.41
2730 0.004503 21.34 262.40
2731 0.004503 21.34 262.40
2732 0.004503 21.34 262.39
2733 0.004503 21.34 262.39
2734 0.004503 21.35 262.39
2735 0.004503 21.35 262.38
2736 0.004503 21.35 262.38
2737 0.004503 21.35 262.38
2738 0.004503 21.34 262.39
2739 0.004503 21.34 262.39
2740 0.004503 21.34 262.39
2741 0.004503 21.34 262.39
2742 0.004503 21.34 262.38
2743 0.004503 21.34 262.38
2744 0.004503 21.34 262.38
2745 0.004503 21.34 262.38
2746 0.004503 21.34 262.38
2747 0.004502 21.33 262.39
2748 0.004502 21.33 262.39
2749 0.004502 21.33 262.39
2751 0.004502 21.33 262.39
2752 0.004502 21.33 262.39
2753 0.004502 21.33 262.39
2754 0.004502 21.32 262.39
2755 0.004502 21.33 262.38
2756 0.004502 21.32 262.38
2757 0.004502 21.33 262.38
2758 0.004502 21.32 262.38
2759 0.004502 21.32 262.39
2760 0.004502 21.32 262.39
2761 0.004502 21.31 262.39
2762 0.004502 21.32 262.38
2763 0.004502 21.31 262.39
2764 0.004502 21.32 262.38
2765 0.004502 21.32 262.38
2766 0.004502 21.32 262.38
2767 0.004502 21.31 262.38
2768 0.004502 21.32 262.38
2769 0.004502 21.32 262.37
2770 0.004502 21.32 262.37
2771 0.004501 21.33 262.36
2772 0.004501 21.33 262.36
2773 0.004501 21.33 262.35
2774 0.004501 21.33 262.35
2775 0.004501 21.33 262.35
2776 0.004501 21.33 262.35
2777 0.004501 21.33 262.34
2778 0.004501 21.33 262.34
2779 0.004501 21.33 262.34
2780 0.004501 21.33 262.34
2781 0.004501 21.33 262.34
2782 0.004501 21.33 262.34
2783 0.004501 21.33 262.34
2784 0.004501 21.32 262.34
2785 0.004501 21.33 262.34
2786 0.004501 21.33 262.33
2787 0.004501 21.33 262.33
2788 0.004501 21.33 262.33
2789 0.004501 21.34 262.32
2790 0.004501 21.34 262.32
2791 0.004501 21.34 262.31
2792 0.004501 21.34 262.31
2793 0.004500 21.34 262.31
2794 0.004500 21.33 262.32
2795 0.004500 21.33 262.32
2796 0.004500 21.33 262.32
2797 0.004500 21.33 262.31
2798 0.004500 21.34 262.31
2799 0.004500 21.34 262.30
2801 0.004500 21.34 262.30
2802 0.004500 21.33 262.31
2803 0.004500 21.33 262.31
2804 0.004500 21.33 262.30
2805 0.004500 21.33 262.31
2806 0.004500 21.33 262.30
2807 0.004500 21.33 262.30
2808 0.004500 21.33 262.30
2809 0.004500 21.33 262.30
2810 0.004500 21.33 262.30
2811 0.004500 21.33 262.30
2812 0.004500 21.33 262.30
2813 0.004500 21.33 262.29
2814 0.004500 21.33 262.30
2815 0.004500 21.33 262.30
2816 0.004500 21.33 262.30
2817 0.004500 21.32 262.30
2818 0.004500 21.32 262.30
2819 0.004499 21.32 262.30
2820 0.004499 21.32 262.30
2821 0.004499 21.32 262.30
2822 0.004499 21.32 262.30
2823 0.004499 21.32 262.30
2824 0.004499 21.32 262.30
2825 0.004499 21.32 262.29
2826 0.004499 21.33 262.28
2827 0.004499 21.33 262.27
2828 0.004499 21.34 262.26
2829 0.004499 21.33 262.27
2830 0.004499 21.33 262.27
2831 0.004499 21.33 262.27
2832 0.004499 21.33 262.27
2833 0.004499 21.33 262.26
2834 0.004499 21.33 262.26
2835 0.004499 21.33 262.26
2836 0.004499 21.33 262.26
2837 0.004499 21.33 262.26
2838 0.004499 21.32 262.27
2839 0.004499 21.33 262.26
2840 0.004499 21.33 262.26
2841 0.004499 21.33 262.25
2842 0.004499 21.33 262.25
2843 0.004499 21.33 262.26
2844 0.004499 21.33 262.26
2845 0.004499 21.32 262.26
2846 0.004498 21.33 262.26
2847 0.004498 21.33 262.25
2848 0.004498 21.33 262.25
2849 0.004498 21.33 262.25
2851 0.004498 21.32 262.26
2852 0.004498 21.32 262.26
2853 0.004498 21.32 262.26
2854 0.004498 21.32 262.26
2855 0.004498 21.32 262.26
2856 0.004498 21.32 262.25
2857 0.004498 21.32 262.25
2858 0.004498 21.32 262.25
2859 0.004498 21.32 262.25
2860 0.004498 21.32 262.25
2861 0.004498 21.32 262.25
2862 0.004498 21.32 262.25
2863 0.004498 21.32 262.24
2864 0.004498 21.32 262.24
2865 0.004498 21.32 262.24
2866 0.004498 21.32 262.25
2867 0.004498 21.31 262.25
2868 0.004498 21.31 262.25
2869 0.004498 21.31 262.25
2870 0.004498 21.31 262.25
2871 0.004498 21.31 262.25
2872 0.004497 21.31 262.25
2873 0.004497 21.31 262.25
2874 0.004497 21.30 262.25
2875 0.004497 21.30 262.25
2876 0.004497 21.30 262.25
2877 0.004497 21.31 262.25
2878 0.004497 21.30 262.24
2879 0.004497 21.30 262.25
2880 0.004497 21.30 262.24
2881 0.004497 21.30 262.24
2882 0.004497 21.30 262.24
2883 0.004497 21.31 262.24
2884 0.004497 21.31 262.24
2885 0.004497 21.31 262.23
2886 0.004497 21.30 262.24
2887 0.004497 21.30 262.24
2888 0.004497 21.30 262.24
2889 0.004497 21.30 262.24
2890 0.004497 21.30 262.24
2891 0.004497 21.30 262.23
2892 0.004497 21.30 262.23
2893 0.004497 21.30 262.23
2894 0.004497 21.30 262.22
2895 0.004497 21.30 262.23
2896 0.004497 21.30 262.23
2897 0.004497 21.30 262.23
2898 0.004497 21.30 262.22
2899 0.004496 21.30 262.22
2901 0.004496 21.31 262.21
2902 0.004496 21.31 262.21
2903 0.004496 21.31 262.21
2904 0.004496 21.31 262.21
2905 0.004496 21.31 262.21
2906 0.004496 21.30 262.21
2907 0.004496 21.31 262.21
2908 0.004496 21.31 262.21
2909 0.004496 21.31 262.21
2910 0.004496 21.31 262.20
2911 0.004496 21.31 262.20
2912 0.004496 21.31 262.20
2913 0.004496 21.31 262.20
2914 0.004496 21.31 262.20
2915 0.004496 21.31 262.20
2916 0.004496 21.31 262.20
2917 0.004496 21.31 262.20
2918 0.004496 21.30 262.20
2919 0.004496 21.30 262.20
2920 0.004496 21.30 262.20
2921 0.004496 21.30 262.20
2922 0.004496 21.30 262.20
2923 0.004496 21.31 262.19
2924 0.004496 21.31 262.19
2925 0.004496 21.31 262.19
2926 0.004496 21.31 262.19
2927 0.004496 21.31 262.19
2928 0.004496 21.31 262.18
2929 0.004496 21.31 262.18
2930 0.004496 21.31 262.18
2931 0.004496 21.31 262.18
2932 0.004496 21.30 262.19
2933 0.004496 21.30 262.19
2934 0.004495 21.30 262.19
2935 0.004495 21.30 262.19
2936 0.004495 21.30 262.19
2937 0.004495 21.30 262.19
2938 0.004495 21.30 262.19
2939 0.004495 21.30 262.19
2940 0.004495 21.30 262.18
2941 0.004495 21.30 262.18
2942 0.004495 21.30 262.19
2943 0.004495 21.30 262.19
2944 0.004495 21.29 262.19
2945 0.004495 21.29 262.19
2946 0.004495 21.29 262.18
2947 0.004495 21.30 262.18
2948 0.004495 21.30 262.18
2949 0.004495 21.30 262.17
2951 0.004495 21.30 262.17
2952 0.004495 21.30 262.17
2953 0.004495 21.30 262.17
2954 0.004495 21.29 262.18
2955 0.004495 21.30 262.17
2956 0.004495 21.30 262.17
2957 0.004495 21.30 262.17
2958 0.004495 21.30 262.17
2959 0.004495 21.30 262.17
2960 0.004495 21.30 262.17
2961 0.004495 21.30 262.17
2962 0.004495 21.29 262.17
2963 0.004495 21.29 262.17
2964 0.004495 21.30 262.17
2965 0.004495 21.29 262.17
2966 0.004495 21.30 262.16
2967 0.004495 21.30 262.16
2968 0.004495 21.30 262.16
2969 0.004494 21.30 262.15
2970 0.004494 21.30 262.15
2971 0.004494 21.30 262.15
2972 0.004494 21.31 262.14
2973 0.004494 21.31 262.14
2974 0.004494 21.31 262.13
2975 0.004494 21.31 262.13
2976 0.004494 21.32 262.12
2977 0.004494 21.32 262.12
2978 0.004494 21.32 262.12
2979 0.004494 21.31 262.12
2980 0.004494 21.31 262.13
2981 0.004494 21.31 262.13
2982 0.004494 21.31 262.12
2983 0.004494 21.31 262.12
2984 0.004494 21.31 262.12
2985 0.004494 21.31 262.12
2986 0.004494 21.31 262.13
2987 0.004494 21.30 262.13
2988 0.004494 21.30 262.14
2989 0.004494 21.30 262.13
2990 0.004494 21.31 262.13
2991 0.004494 21.31 262.12
2992 0.004494 21.31 262.12
2993 0.004494 21.30 262.12
2994 0.004494 21.30 262.13
2995 0.004494 21.30 262.13
2996 0.004494 21.29 262.14
2997 0.004494 21.29 262.13
2998 0.004494 21.30 262.13
2999 0.004494 21.30 262.12
