0.529177 163.66164096486756
0.5616936984924623 117.29533162323719
0.5942103969849246 71.79128794760453
0.6267270954773869 31.819771109213377
0.6592437939698492 0.05511170760934192
0.6917604924623115 -22.551464800148125
0.7242771909547738 -36.386956038865065
0.7567938894472361 -42.73970196501628
0.7893105879396984 -43.3731098683634
0.8218272864321609 -40.161126737739124
0.8543439849246232 -34.81724833780552
0.8868606834170855 -28.727716685037223
0.9193773819095478 -22.88143625677506
0.9518940804020101 -17.876846007583396
0.9844107788944724 -13.980299780522643
1.0169274773869346 -11.210622206370005
1.049444175879397 -9.428689711536833
1.0819608743718594 -8.417146795932297
1.1144775728643217 -7.941956378411987
1.146994271356784 -7.7931653844944435
1.1795109698492463 -7.806392278725411
1.2120276683417086 -7.868966404391529
1.244544366834171 -7.9155758793691575
1.2770610653266332 -7.918102312736778
1.3095777638190955 -7.873472537643295
1.3420944623115578 -7.7922257098204
1.3746111608040201 -7.689365680174717
1.4071278592964824 -7.5781206198018936
1.4396445577889447 -7.46654435031536
1.472161256281407 -7.356474225466968
1.5046779547738693 -7.2441711803964495
1.5371946532663316 -7.12195000566345
1.569711351758794 -6.980199837612474
1.6022280502512563 -6.809341689649727
1.6347447487437186 -6.60142990153588
1.6672614472361809 -6.351250029214668
1.6997781457286432 -6.056881879656146
1.7322948442211055 -5.71977785864533
1.7648115427135678 -5.344455001208644
1.79732824120603 -4.937919353923462
1.8298449396984924 -4.508940807268289
1.8623616381909547 -4.067282168462555
1.894878336683417 -3.6229644975212523
1.9273950351758793 -3.1856264525335405
1.9599117336683418 -2.7640121157030535
1.9924284321608041 -2.365601681913688
2.024945130653266 -1.9963835712128457
2.0574618291457285 -1.6607552364746425
2.089978527638191 -1.3615328807034075
2.122495226130653 -1.1000468497364295
2.1550119246231154 -0.8762988523900503
2.1875286231155777 -0.6891585901365715
2.22004532160804 -0.5365801271352098
2.2525620201005023 -0.41582178695591665
2.2850787185929646 -0.3236570447073177
2.317595417085427 -0.2565674439471195
2.3501121155778892 -0.21091177662810878
2.3826288140703515 -0.18306849057302088
2.4151455125628143 -0.1695504794342355
2.4476622110552766 -0.1670930684338714
2.480178909547739 -0.1727171772021734
2.512695608040201 -0.18377038316430117
2.5452123065326635 -0.19794900008639615
2.577729005025126 -0.2133044030430824
2.610245703517588 -0.2282367451325058
2.6427624020100504 -0.2414789863897795
2.6752791005025127 -0.25207384500635044
2.707795798994975 -0.2593459279304966
2.7403124974874373 -0.26287093469142064
2.7728291959798996 -0.2624434780911997
2.805345894472362 -0.2580447435351516
2.8378625929648242 -0.24981092406079597
2.8703792914572865 -0.2380031243724261
2.902895989949749 -0.22297922448882446
2.935412688442211 -0.20516802950447754
2.9679293869346735 -0.18504590239786012
3.0004460854271358 -0.16311597691714042
3.032962783919598 -0.13988997221588306
3.0654794824120604 -0.11587257515344618
3.0979961809045227 -0.09154831552780252
3.130512879396985 -0.06737083009494427
3.1630295778894473 -0.043754389866819565
3.1955462763819096 -0.021067549377107753
3.228062974874372 0.0003712354749154656
3.260579673366834 0.02029618400410982
3.2930963718592965 0.03849513265362248
3.325613070351759 0.054809019732147135
3.358129768844221 0.06913009579045593
3.3906464673366834 0.08139904639546103
3.4231631658291457 0.09160121636620033
3.455679864321608 0.0997621248944256
3.4881965628140703 0.10594245907395816
3.5207132613065326 0.1102327289353866
3.553229959798995 0.1127477599407598
3.5857466582914572 0.11362118892827766
3.6182633567839195 0.11300011672875598
3.650780055276382 0.11104005520877536
3.683296753768844 0.10790028856177969
3.7158134522613064 0.10373974857986923
3.7483301507537687 0.09871348180104178
3.780846849246231 0.09296976331324913
3.8133635477386933 0.08664788813172208
3.8458802462311557 0.07987664701312269
3.878396944723618 0.07277346991543254
3.9109136432160803 0.06544419763685028
3.9434303417085426 0.057983421056178486
3.975947040201005 0.05047530839647152
4.008463738693467 0.04299482456622172
4.0409804371859295 0.035609233370450966
4.073497135678392 0.028379763649866163
4.106013834170854 0.021363314557390822
4.138530532663316 0.0146140735254221
4.171047231155779 0.00818492323890041
4.203563929648241 0.0021285212845327806
4.236080628140703 -0.003502051812972695
4.268597326633166 -0.008653163685323761
4.301114025125628 -0.013271086398560783
4.33363072361809 -0.017303077886140272
4.3661474221105525 -0.020699097959607116
4.398664120603015 -0.02341413349091681
4.431180819095477 -0.025411068495088784
4.463697517587939 -0.026663992211979348
4.496214216080402 -0.027161792217725633
4.528730914572864 -0.026911830419635407
4.561247613065326 -0.025943447887925686
4.593764311557789 -0.02431099022817307
4.626281010050251 -0.02209598901180243
4.658797708542713 -0.019408077067282647
4.6913144070351755 -0.0163841566061933
4.723831105527638 -0.013185279636729774
4.7563478040201 -0.009990640315891142
4.7888645025125625 -0.006988019211348728
4.821381201005025 -0.004359960289718856
4.853897899497487 -0.0022649031943728914
4.886414597989949 -0.0008124363928914136
4.918931296482412 -3.17814108825587e-5
4.951447994974874 0.00016743504687610766
4.983964693467336 4.311545029622721e-5
5.016481391959799 0.0
5.048998090452261 0.0
5.081514788944723 0.0
5.1140314874371855 0.0
5.146548185929648 0.0
5.179064884422111 0.0
5.211581582914573 0.0
5.244098281407036 0.0
5.276614979899498 0.0
5.30913167839196 0.0
5.3416483768844225 0.0
5.374165075376885 0.0
5.406681773869347 0.0
5.439198472361809 0.0
5.471715170854272 0.0
5.504231869346734 0.0
5.536748567839196 0.0
5.569265266331659 0.0
5.601781964824121 0.0
5.634298663316583 0.0
5.6668153618090455 0.0
5.699332060301508 0.0
5.73184875879397 0.0
5.7643654572864325 0.0
5.796882155778895 0.0
5.829398854271357 0.0
5.861915552763819 0.0
5.894432251256282 0.0
5.926948949748744 0.0
5.959465648241206 0.0
5.991982346733669 0.0
6.024499045226131 0.0
6.057015743718593 0.0
6.0895324422110555 0.0
6.122049140703518 0.0
6.15456583919598 0.0
6.187082537688442 0.0
6.219599236180905 0.0
6.252115934673367 0.0
6.284632633165829 0.0
6.317149331658292 0.0
6.349666030150754 0.0
6.382182728643216 0.0
6.4146994271356785 0.0
6.447216125628141 0.0
6.479732824120603 0.0
6.5122495226130654 0.0
6.544766221105528 0.0
6.57728291959799 0.0
6.609799618090452 0.0
6.642316316582915 0.0
6.674833015075377 0.0
6.707349713567839 0.0
6.739866412060302 0.0
6.772383110552764 0.0
6.804899809045226 0.0
6.8374165075376885 0.0
6.869933206030151 0.0
6.902449904522613 0.0
6.934966603015075 0.0
6.967483301507538 0.0
7.0 0.0
