0.529177 33.83245653326776
0.5616936984924623 29.88712813375969
0.5942103969849246 23.733631376941048
0.6267270954773869 16.355774804205794
0.6592437939698492 8.64769694534516
0.6917604924623115 1.3811867419462942
0.7242771909547738 -4.826395799875172
0.7567938894472361 -9.536736720643603
0.7893105879396984 -12.502831518720996
0.8218272864321609 -13.666237830069804
0.8543439849246232 -13.139010130880706
0.8868606834170855 -11.172224914453182
0.9193773819095478 -8.114812556352263
0.9518940804020101 -4.3675811773409805
0.9844107788944724 -0.3377123966038198
1.0169274773869346 3.6013831321506586
1.049444175879397 7.141027336616389
1.0819608743718594 10.05675218730903
1.1144775728643217 12.215695494702231
1.146994271356784 13.572921997541926
1.1795109698492463 14.158944370550671
1.2120276683417086 14.061494105933889
1.244544366834171 13.404820409408785
1.2770610653266332 12.329519974575305
1.3095777638190955 10.975243220902485
1.3420944623115578 9.46774985079901
1.3746111608040201 7.9108734745332185
1.4071278592964824 6.383152592858096
1.4396445577889447 4.938297673636043
1.472161256281407 3.608338923251722
1.5046779547738693 2.408229913442483
1.5371946532663316 1.3408197268381628
1.569711351758794 0.4013775786715996
1.6022280502512563 -0.41882008105676505
1.6347447487437186 -1.1300185208274343
1.6672614472361809 -1.7425607781206054
1.6997781457286432 -2.26628360644645
1.7322948442211055 -2.710439700507777
1.7648115427135678 -3.083863170004406
1.79732824120603 -3.395157890248811
1.8298449396984924 -3.652775359889347
1.8623616381909547 -3.8649354978242627
1.894878336683417 -4.03941284141365
1.9273950351758793 -4.183252730892491
1.9599117336683418 -4.302496038646495
1.9924284321608041 -4.401981573284502
2.024945130653266 -4.485270649569429
2.0574618291457285 -4.554707585610231
2.089978527638191 -4.6116010908972385
2.122495226130653 -4.656490293935349
2.1550119246231154 -4.689448317503775
2.1875286231155777 -4.710375955432028
2.22004532160804 -4.719246206790558
2.2525620201005023 -4.716274063395758
2.2850787185929646 -4.702001574585665
2.317595417085427 -4.677302751728348
2.3501121155778892 -4.643324081813262
2.3826288140703515 -4.601383090386662
2.4151455125628143 -4.552849336192594
2.4476622110552766 -4.499030057473647
2.480178909547739 -4.441077579254852
2.512695608040201 -4.37992891443173
2.5452123065326635 -4.31628108510813
2.577729005025126 -4.250599644989052
2.610245703517588 -4.1831534270877455
2.6427624020100504 -4.114066009053204
2.6752791005025127 -4.043373758542657
2.707795798994975 -3.971081294848773
2.7403124974874373 -3.8972073105378513
2.7728291959798996 -3.8218164030076878
2.805345894472362 -3.7450353613148764
2.8378625929648242 -3.667054822712089
2.8703792914572865 -3.5881190728723595
2.902895989949749 -3.508507873981216
2.935412688442211 -3.4285145595640643
2.9679293869346735 -3.3484243331840844
3.0004460854271358 -3.2684959196776617
3.032962783919598 -3.1889486447507807
3.0654794824120604 -3.109955862715651
3.0979961809045227 -3.0316445861280954
3.130512879396985 -2.9541003231970535
3.1630295778894473 -2.8773755735983286
3.1955462763819096 -2.801500192628737
3.228062974874372 -2.72649188379728
3.260579673366834 -2.652365362855562
3.2930963718592965 -2.579139174084048
3.325613070351759 -2.5068396469887375
3.358129768844221 -2.435501978856337
3.3906464673366834 -2.3651688503305195
3.4231631658291457 -2.2958872819126555
3.455679864321608 -2.2277045964165154
3.4881965628140703 -2.1606643648046884
3.5207132613065326 -2.094803098363627
3.553229959798995 -2.0301482399736415
3.5857466582914572 -1.9667177411283774
3.6182633567839195 -1.9045212307009933
3.650780055276382 -1.8435625251549936
3.683296753768844 -1.7838430293286365
3.7158134522613064 -1.7253654534652014
3.7483301507537687 -1.6681372360017122
3.780846849246231 -1.6121731111798
3.8133635477386933 -1.557496384555634
3.8458802462311557 -1.504138658334341
3.878396944723618 -1.4521379577836342
3.9109136432160803 -1.4015354230559751
3.9434303417085426 -1.3523709220935416
3.975947040201005 -1.304678087693901
4.008463738693467 -1.258479369153065
4.0409804371859295 -1.213781706730515
4.073497135678392 -1.170573384144518
4.106013834170854 -1.1288224961099331
4.138530532663316 -1.0884772975550732
4.171047231155779 -1.0494684960704035
4.203563929648241 -1.011713331041392
4.236080628140703 -0.9751210740287206
4.268597326633166 -0.9395994073565817
4.301114025125628 -0.9050610104368388
4.33363072361809 -0.8714296205835126
4.3661474221105525 -0.8386448457440565
4.398664120603015 -0.8066650926393777
4.431180819095477 -0.7754681306269049
4.463697517587939 -0.7450490276569326
4.496214216080402 -0.7154154528889194
4.528730914572864 -0.6865806192854507
4.561247613065326 -0.6585544141507853
4.593764311557789 -0.631333510933473
4.626281010050251 -0.6048914468447038
4.658797708542713 -0.5791697670319991
4.6913144070351755 -0.5540713602476899
4.723831105527638 -0.5294570333753654
4.7563478040201 -0.5051461901566654
4.7888645025125625 -0.48092219901991484
4.821381201005025 -0.456542670235649
4.853897899497487 -0.4317544361892942
4.886414597989949 -0.4063125698849035
4.918931296482412 -0.38000232077683904
4.951447994974874 -0.35266243232217676
4.983964693467336 -0.32420797153463354
5.016481391959799 -0.2946505853051349
5.048998090452261 -0.26411403402926226
5.081514788944723 -0.23284296572455787
5.1140314874371855 -0.20120319794841635
5.146548185929648 -0.16967227208988334
5.179064884422111 -0.13881972171657253
5.211581582914573 -0.10927732365234988
5.244098281407036 -0.08170053043068037
5.276614979899498 -0.056723252484516706
5.30913167839196 -0.03490908962521644
5.3416483768844225 -0.01670291407208424
5.374165075376885 -0.0023872839992691297
5.406681773869347 0.00795158177788835
5.439198472361809 0.014443703925280715
5.471715170854272 0.017437216421967605
5.504231869346734 0.017479524820373626
5.536748567839196 0.015276834510586923
5.569265266331659 0.011633434922259767
5.601781964824121 0.0073748457743931795
5.634298663316583 0.003261881955040735
5.6668153618090455 -9.441872680326924e-5
5.699332060301508 -0.002304650410223985
5.73184875879397 -0.003245947596951737
5.7643654572864325 -0.0030666007041872945
5.796882155778895 -0.0021400810310296947
5.829398854271357 -0.0009650090614741202
5.861915552763819 -1.956378218892496e-5
5.894432251256282 0.00040246997014037333
5.926948949748744 0.00031950286211213097
5.959465648241206 6.116405893408228e-5
5.991982346733669 -5.495374352904037e-6
6.024499045226131 0.0
6.057015743718593 0.0
6.0895324422110555 0.0
6.122049140703518 0.0
6.15456583919598 0.0
6.187082537688442 0.0
6.219599236180905 0.0
6.252115934673367 0.0
6.284632633165829 0.0
6.317149331658292 0.0
6.349666030150754 0.0
6.382182728643216 0.0
6.4146994271356785 0.0
6.447216125628141 0.0
6.479732824120603 0.0
6.5122495226130654 0.0
6.544766221105528 0.0
6.57728291959799 0.0
6.609799618090452 0.0
6.642316316582915 0.0
6.674833015075377 0.0
6.707349713567839 0.0
6.739866412060302 0.0
6.772383110552764 0.0
6.804899809045226 0.0
6.8374165075376885 0.0
6.869933206030151 0.0
6.902449904522613 0.0
6.934966603015075 0.0
6.967483301507538 0.0
7.0 0.0
