0.529177 33.832456667510996
0.5616936984924623 29.88712824148206
0.5942103969849246 23.733631456270814
0.6267270954773869 16.355774855228447
0.6592437939698492 8.64769696987787
0.6917604924623115 1.3811867432141298
0.7242771909547738 -4.8263958176539745
0.7567938894472361 -9.536736752699653
0.7893105879396984 -12.502831560184859
0.8218272864321609 -13.666237876366722
0.8543439849246232 -13.139010178039825
0.8868606834170855 -11.172224959318555
0.9193773819095478 -8.114812596686534
0.9518940804020101 -4.367581211805373
0.9844107788944724 -0.3377124246708263
1.0169274773869346 3.6013831103555276
1.049444175879397 7.141027320500143
1.0819608743718594 10.056752175996735
1.1144775728643217 12.215695487207995
1.146994271356784 13.572921992898046
1.1795109698492463 14.158944367900403
1.2120276683417086 14.06149410458056
1.244544366834171 13.404820408826708
1.2770610653266332 12.329519974402501
1.3095777638190955 10.97524322090976
1.3420944623115578 9.467749850860855
1.3746111608040201 7.910873474591426
1.4071278592964824 6.383152592894476
1.4396445577889447 4.938297673652414
1.472161256281407 3.60833892325536
1.5046779547738693 2.408229913440664
1.5371946532663316 1.3408197268363438
1.569711351758794 0.40137757866978063
1.6022280502512563 -0.41882008105676505
1.6347447487437186 -1.1300185208274343
1.6672614472361809 -1.7425607781187864
1.6997781457286432 -2.26628360644645
1.7322948442211055 -2.710439700507777
1.7648115427135678 -3.083863170004406
1.79732824120603 -3.395157890248811
1.8298449396984924 -3.652775359891166
1.8623616381909547 -3.8649354978260817
1.894878336683417 -4.039412841415469
1.9273950351758793 -4.18325273089431
1.9599117336683418 -4.302496038650133
1.9924284321608041 -4.40198157328814
2.024945130653266 -4.485270649571248
2.0574618291457285 -4.554707585610231
2.089978527638191 -4.6116010908954195
2.122495226130653 -4.656490293931711
2.1550119246231154 -4.689448317496499
2.1875286231155777 -4.710375955422933
2.22004532160804 -4.719246206781463
2.2525620201005023 -4.716274063388482
2.2850787185929646 -4.702001574578389
2.317595417085427 -4.677302751722891
2.3501121155778892 -4.643324081811443
2.3826288140703515 -4.601383090384843
2.4151455125628143 -4.552849336194413
2.4476622110552766 -4.499030057475466
2.480178909547739 -4.441077579256671
2.512695608040201 -4.379928914433549
2.5452123065326635 -4.31628108510813
2.577729005025126 -4.250599644987233
2.610245703517588 -4.1831534270859265
2.6427624020100504 -4.114066009049566
2.6752791005025127 -4.043373758540838
2.707795798994975 -3.971081294846954
2.7403124974874373 -3.8972073105360323
2.7728291959798996 -3.8218164030095068
2.805345894472362 -3.7450353613166953
2.8378625929648242 -3.667054822715727
2.8703792914572865 -3.5881190728759975
2.902895989949749 -3.508507873986673
2.935412688442211 -3.4285145595695212
2.9679293869346735 -3.3484243331877224
3.0004460854271358 -3.2684959196794807
3.032962783919598 -3.1889486447489617
3.0654794824120604 -3.109955862710194
3.0979961809045227 -3.0316445861208194
3.130512879396985 -2.9541003231897776
3.1630295778894473 -2.8773755735892337
3.1955462763819096 -2.801500192619642
3.228062974874372 -2.726491883790004
3.260579673366834 -2.652365362850105
3.2930963718592965 -2.579139174082229
3.325613070351759 -2.5068396469887375
3.358129768844221 -2.4355019788599748
3.3906464673366834 -2.3651688503377954
3.4231631658291457 -2.2958872819235694
3.455679864321608 -2.2277045964274294
3.4881965628140703 -2.1606643648174213
3.5207132613065326 -2.094803098374541
3.553229959798995 -2.0301482399827364
3.5857466582914572 -1.9667177411338344
3.6182633567839195 -1.9045212307028123
3.650780055276382 -1.8435625251513557
3.683296753768844 -1.7838430293213605
3.7158134522613064 -1.7253654534542875
3.7483301507537687 -1.6681372359871602
3.780846849246231 -1.612173111163429
3.8133635477386933 -1.557496384539263
3.8458802462311557 -1.504138658319789
3.878396944723618 -1.4521379577727203
3.9109136432160803 -1.4015354230486992
3.9434303417085426 -1.3523709220917226
3.975947040201005 -1.304678087697539
4.008463738693467 -1.2584793691603409
4.0409804371859295 -1.213781706743248
4.073497135678392 -1.170573384160889
4.106013834170854 -1.128822496129942
4.138530532663316 -1.088477297573263
4.171047231155779 -1.0494684960867744
4.203563929648241 -1.0117133310559439
4.236080628140703 -0.9751210740396345
4.268597326633166 -0.9395994073620386
4.301114025125628 -0.9050610104350199
4.33363072361809 -0.8714296205744176
4.3661474221105525 -0.8386448457295046
4.398664120603015 -0.8066650926193688
4.431180819095477 -0.775468130603258
4.463697517587939 -0.7450490276314667
4.496214216080402 -0.7154154528652725
4.528730914572864 -0.6865806192618038
4.561247613065326 -0.6585544141325954
4.593764311557789 -0.6313335109225591
4.626281010050251 -0.6048914468410658
4.658797708542713 -0.579169767035637
4.6913144070351755 -0.5540713602586038
4.723831105527638 -0.5294570333935553
4.7563478040201 -0.5051461901784933
4.7888645025125625 -0.4809221990453807
4.821381201005025 -0.45654267026111484
4.853897899497487 -0.43175443621476006
4.886414597989949 -0.4063125699049124
4.918931296482412 -0.38000232078957197
4.951447994974874 -0.35266243232399574
4.983964693467336 -0.3242079715255386
5.016481391959799 -0.294650585283307
5.048998090452261 -0.26411403399470146
5.081514788944723 -0.23284296567908314
5.1140314874371855 -0.20120319789384666
5.146548185929648 -0.1696722720280377
5.179064884422111 -0.1388197216510889
5.211581582914573 -0.10927732358686626
5.244098281407036 -0.08170053036883473
5.276614979899498 -0.056723252428128035
5.30913167839196 -0.034909089576103725
5.3416483768844225 -0.016702914033885463
5.374165075376885 -0.002387283973803278
5.406681773869347 0.007951581792440265
5.439198472361809 0.014443703928918694
5.471715170854272 0.017437216416510637
5.504231869346734 0.01747952480582171
5.536748567839196 0.015276834492397029
5.569265266331659 0.011633434902250883
5.601781964824121 0.007374845756203285
5.634298663316583 0.0032618819386698306
5.6668153618090455 -9.441873771720566e-5
5.699332060301508 -0.0023046504156809533
5.73184875879397 -0.0032459475987707265
5.7643654572864325 -0.003066600702368305
5.796882155778895 -0.002140081027391716
5.829398854271357 -0.0009650090578361414
5.861915552763819 -1.9563778550946154e-5
5.894432251256282 0.00040246997195936274
5.926948949748744 0.00031950286211213097
5.959465648241206 6.116405893408228e-5
5.991982346733669 -5.495374352904037e-6
6.024499045226131 0.0
6.057015743718593 0.0
6.0895324422110555 0.0
6.122049140703518 0.0
6.15456583919598 0.0
6.187082537688442 0.0
6.219599236180905 0.0
6.252115934673367 0.0
6.284632633165829 0.0
6.317149331658292 0.0
6.349666030150754 0.0
6.382182728643216 0.0
6.4146994271356785 0.0
6.447216125628141 0.0
6.479732824120603 0.0
6.5122495226130654 0.0
6.544766221105528 0.0
6.57728291959799 0.0
6.609799618090452 0.0
6.642316316582915 0.0
6.674833015075377 0.0
6.707349713567839 0.0
6.739866412060302 0.0
6.772383110552764 0.0
6.804899809045226 0.0
6.8374165075376885 0.0
6.869933206030151 0.0
6.902449904522613 0.0
6.934966603015075 0.0
6.967483301507538 0.0
7.0 0.0
