0.529177 -34.27594047849925
0.5616936984924623 -21.53930185099307
0.5942103969849246 -8.850715638887777
0.6267270954773869 2.124670920038625
0.6592437939698492 10.234765666122257
0.6917604924623115 14.897257862032347
0.7242771909547738 16.09495770340982
0.7567938894472361 14.304627379933663
0.7893105879396984 10.36722272076804
0.8218272864321609 5.31874953211809
0.8543439849246232 0.20839255013015645
0.8868606834170855 -4.067229247248179
0.9193773819095478 -6.888266164338347
0.9518940804020101 -7.977154627655182
0.9844107788944724 -7.399583597851233
1.0169274773869346 -5.506929489396498
1.049444175879397 -2.836216007312032
1.0819608743718594 0.010080949379698723
1.1144775728643217 2.480578461110781
1.146994271356784 4.167288286398616
1.1795109698492463 4.8599186333303805
1.2120276683417086 4.557147486511894
1.244544366834171 3.4385041588338936
1.2770610653266332 1.8073762369858741
1.3095777638190955 0.019611304485806613
1.3420944623115578 -1.5871847348589654
1.3746111608040201 -2.750894917120604
1.4071278592964824 -3.3203462379879056
1.4396445577889447 -3.2659465541346435
1.472161256281407 -2.6675060992565705
1.5046779547738693 -1.685067371074183
1.5371946532663316 -0.5206543838285143
1.569711351758794 0.6208859021771787
1.6022280502512563 1.5650591944613552
1.6347447487437186 2.1903239551829756
1.6672614472361809 2.4382166882787715
1.6997781457286432 2.3116178605250752
1.7322948442211055 1.8636858189020131
1.7648115427135678 1.181071157578117
1.79732824120603 0.36525847494704067
1.8298449396984924 -0.4845961172723037
1.8623616381909547 -1.284917588780445
1.894878336683417 -1.9757995898416993
1.9273950351758793 -2.5237890405842336
1.9599117336683418 -2.92012148698268
1.9924284321608041 -3.1757258927536895
2.024945130653266 -3.3145345419343357
2.0574618291457285 -3.3665469763309375
2.089978527638191 -3.3617922276862373
2.122495226130653 -3.3259135287207755
2.1550119246231154 -3.2776616047194693
2.1875286231155777 -3.2282034457039117
2.22004532160804 -3.1818815130845906
2.2525620201005023 -3.1379124138238694
2.2850787185929646 -3.0924875490436534
2.317595417085427 -3.0408064876573917
2.3501121155778892 -2.978702729104043
2.3826288140703515 -2.903675444695182
2.4151455125628143 -2.81528867176894
2.4476622110552766 -2.7150186889557517
2.480178909547739 -2.6057083236773906
2.512695608040201 -2.490820683147831
2.5452123065326635 -2.373678921849205
2.577729005025126 -2.2568429665861913
2.610245703517588 -2.1417208271104755
2.6427624020100504 -2.0284534160073235
2.6752791005025127 -1.9160580162606493
2.707795798994975 -1.802774019399294
2.7403124974874373 -1.6865292675083765
2.7728291959798996 -1.5654370049505815
2.805345894472362 -1.4382401938873954
2.8378625929648242 -1.3046380921659875
2.8703792914572865 -1.1654549548402429
2.902895989949749 -1.02263784193201
2.935412688442211 -0.8790957040200738
2.9679293869346735 -0.738412083745061
3.0004460854271358 -0.6044770357711968
3.032962783919598 -0.4810895700520632
3.0654794824120604 -0.37158047435514163
3.0979961809045227 -0.278498003121058
3.130512879396985 -0.20338738039390591
3.1630295778894473 -0.14668131779399118
3.1955462763819096 -0.10770470225907047
3.228062974874372 -0.08478390172058425
3.260579673366834 -0.07544100262202846
3.2930963718592965 -0.07664648678110098
3.325613070351759 -0.08510065457812743
3.358129768844221 -0.09751435570433387
3.3906464673366834 -0.11086280578820151
3.4231631658291457 -0.12259172055200906
3.455679864321608 -0.13076184140663827
3.4881965628140703 -0.134125294012847
3.5207132613065326 -0.132134323950595
3.553229959798995 -0.12488914041023236
3.5857466582914572 -0.11303639983270841
3.6182633567839195 -0.09763300542726938
3.650780055276382 -0.07999130791904463
3.683296753768844 -0.06152156256939634
3.7158134522613064 -0.04358585973386653
3.7483301507537687 -0.02737503018033749
3.780846849246231 -0.013816613331073313
3.8133635477386933 -0.0035182595547667006
3.8458802462311557 0.003252715929193073
3.878396944723618 0.006556186317538959
3.9109136432160803 0.0067376913139014505
3.9434303417085426 0.004365643069832004
3.975947040201005 0.0001554053415020462
4.008463738693467 -0.005111398748340434
4.0409804371859295 -0.010664536563126603
4.073497135678392 -0.015813118876394583
4.106013834170854 -0.01999880796392972
4.138530532663316 -0.022831099218819872
4.171047231155779 -0.02410343268275028
4.203563929648241 -0.02379072818075656
4.236080628140703 -0.022030528820323525
4.268597326633166 -0.019091173435299424
4.301114025125628 -0.015331230641095317
4.33363072361809 -0.011154789019201417
4.3661474221105525 -0.006967122879359522
4.398664120603015 -0.00313478881798801
4.431180819095477 4.6569555706810206e-5
4.463697517587939 0.0023744287518638885
4.496214216080402 0.003750436946575064
4.528730914572864 0.004180265626928303
4.561247613065326 0.003763253120268928
4.593764311557789 0.0026736986019386677
4.626281010050251 0.0011362997192918556
4.658797708542713 -0.0006014094324200414
4.6913144070351755 -0.002296684817338246
4.723831105527638 -0.0037365240677900147
4.7563478040201 -0.0047576408742315834
4.7888645025125625 -0.005259786283204448
4.821381201005025 -0.0052114916124992305
4.853897899497487 -0.004648109019399271
4.886414597989949 -0.0036628029884013813
4.918931296482412 -0.002391828591498779
4.951447994974874 -0.000995959702777327
4.983964693467336 0.00035974314050690737
5.016481391959799 0.001525537263660226
5.048998090452261 0.002383823242780636
5.081514788944723 0.0028613960421353113
5.1140314874371855 0.0029358681767917005
5.146548185929648 0.002635684286360629
5.179064884422111 0.0020338847825769335
5.211581582914573 0.0012365041839075275
5.244098281407036 0.0003671297417895403
5.276614979899498 -0.0004503746713453438
5.30913167839196 -0.0011087173352279933
5.3416483768844225 -0.001531345333205536
5.374165075376885 -0.0016819643878989154
5.406681773869347 -0.0015680085925851017
5.439198472361809 -0.001237446085724514
5.471715170854272 -0.0007692478393437341
5.504231869346734 -0.0002588334264146397
5.536748567839196 0.00019929100744775496
5.569265266331659 0.0005288165557431057
5.601781964824121 0.0006856577656435547
5.634298663316583 0.000665754721921985
5.6668153618090455 0.0005044924855610589
5.699332060301508 0.0002670026042324025
5.73184875879397 3.056854257010855e-5
5.7643654572864325 -0.00013737326116824988
5.796882155778895 -0.00019996643641206902
5.829398854271357 -0.00016327924276993144
5.861915552763819 -7.333057510550134e-5
5.894432251256282 6.036063496139832e-6
5.926948949748744 3.0602746846852824e-5
5.959465648241206 1.0370144082116894e-5
5.991982346733669 -5.942638381384313e-7
6.024499045226131 0.0
6.057015743718593 0.0
6.0895324422110555 0.0
6.122049140703518 0.0
6.15456583919598 0.0
6.187082537688442 0.0
6.219599236180905 0.0
6.252115934673367 0.0
6.284632633165829 0.0
6.317149331658292 0.0
6.349666030150754 0.0
6.382182728643216 0.0
6.4146994271356785 0.0
6.447216125628141 0.0
6.479732824120603 0.0
6.5122495226130654 0.0
6.544766221105528 0.0
6.57728291959799 0.0
6.609799618090452 0.0
6.642316316582915 0.0
6.674833015075377 0.0
6.707349713567839 0.0
6.739866412060302 0.0
6.772383110552764 0.0
6.804899809045226 0.0
6.8374165075376885 0.0
6.869933206030151 0.0
6.902449904522613 0.0
6.934966603015075 0.0
6.967483301507538 0.0
7.0 0.0
