0.529177 97.89951031541875
0.5616936984924623 81.75932733542157
0.5942103969849246 67.6406502652697
0.6267270954773869 55.32933475917196
0.6592437939698492 44.65335227654003
0.6917604924623115 35.456625236230366
0.7242771909547738 27.58848038637359
0.7567938894472361 20.902270885767166
0.7893105879396984 15.25787438028965
0.8218272864321609 10.524614388471946
0.8543439849246232 6.583031948206553
0.8868606834170855 3.3253129005170763
0.9193773819095478 0.6548506334200965
0.9518940804020101 -1.5144866398446766
0.9844107788944724 -3.2590338634548175
1.0169274773869346 -4.645867963092144
1.049444175879397 -5.7332881492012575
1.0819608743718594 -6.571355457681477
1.1144775728643217 -7.202563463211504
1.146994271356784 -7.662643808208259
1.1795109698492463 -7.981459921770636
1.2120276683417086 -8.183922306248974
1.244544366834171 -8.290862265077294
1.2770610653266332 -8.319815550775559
1.3095777638190955 -8.285684072939375
1.3420944623115578 -8.201259108656132
1.3746111608040201 -8.077603561068827
1.4071278592964824 -7.9243043748538184
1.4396445577889447 -7.749618589279066
1.472161256281407 -7.56054572586703
1.5046779547738693 -7.362863123985392
1.5371946532663316 -7.161158376996582
1.569711351758794 -6.958884808894254
1.6022280502512563 -6.758454115885968
1.6347447487437186 -6.561367793229692
1.6672614472361809 -6.368378525634569
1.6997781457286432 -6.1796661984034245
1.7322948442211055 -5.995011220571712
1.7648115427135678 -5.813949925570796
1.79732824120603 -5.635901626835221
1.8298449396984924 -5.4602628420634005
1.8623616381909547 -5.286469773885415
1.894878336683417 -5.1140342848765385
1.9273950351758793 -4.942560820149936
1.9599117336683418 -4.77175202207269
1.9924284321608041 -4.601409548572633
2.024945130653266 -4.431434458173783
2.0574618291457285 -4.261829105692925
2.089978527638191 -4.092700347232835
2.122495226130653 -3.9242623470485114
2.1550119246231154 -3.7568365731986546
2.1875286231155777 -3.590846639982999
2.22004532160804 -3.426806342344321
2.2525620201005023 -3.265300292657571
2.2850787185929646 -3.1069577562175255
2.317595417085427 -2.952421358436709
2.3501121155778892 -2.802313133133964
2.3826288140703515 -2.6572007994582805
2.4151455125628143 -2.517567170320376
2.4476622110552766 -2.3837852454915947
2.480178909547739 -2.2561009106384518
2.512695608040201 -2.1346243576460324
2.5452123065326635 -2.019330476172911
2.577729005025126 -1.910067646648372
2.610245703517588 -1.8065736754570025
2.6427624020100504 -1.7084971114041991
2.6752791005025127 -1.6154218973628645
2.707795798994975 -1.5268932437704166
2.7403124974874373 -1.4424427402459514
2.7728291959798996 -1.3616110103116057
2.805345894472362 -1.2839666143657382
2.8378625929648242 -1.2091203664807608
2.8703792914572865 -1.1367347020699299
2.902895989949749 -1.0665281731340883
2.935412688442211 -0.9982755220115678
2.9679293869346735 -0.931804070474584
3.0004460854271358 -0.8669873468300011
3.032962783919598 -0.8037369578916582
3.0654794824120604 -0.741993702563434
3.0979961809045227 -0.6817188333574222
3.130512879396985 -0.622886220068608
3.1630295778894473 -0.5654759769576572
3.1955462763819096 -0.5094699023694034
3.228062974874372 -0.45484886750347187
3.260579673366834 -0.40159209604672697
3.2930963718592965 -0.3496781118729473
3.325613070351759 -0.29908700714628367
3.358129768844221 -0.24980360276941838
3.3906464673366834 -0.20182103800073037
3.4231631658291457 -0.1551443334567466
3.455679864321608 -0.10979351597779896
3.4881965628140703 -0.0658059672113609
3.5207132613065326 -0.02323775125228167
3.553229959798995 0.017836219222260752
3.5857466582914572 0.05732321337660551
3.6182633567839195 0.09511484566348827
3.650780055276382 0.13109022401687298
3.683296753768844 0.16511986883011787
3.7158134522613064 0.19707014542137813
3.7483301507537687 0.22680793302203028
3.780846849246231 0.2542052567798123
3.8133635477386933 0.27914363362117456
3.8458802462311557 0.30151792445798264
3.878396944723618 0.32123953951457906
3.9109136432160803 0.33823890521790645
3.9434303417085426 0.3524671646381421
3.975947040201005 0.3638971435590861
4.008463738693467 0.37252366610584886
4.0409804371859295 0.3783633435227216
4.073497135678392 0.38145398434681965
4.106013834170854 0.3818537823224233
4.138530532663316 0.3796404297812046
4.171047231155779 0.3749102801198205
4.203563929648241 0.3677776459908273
4.236080628140703 0.35837427361963137
4.268597326633166 0.3468489829286341
4.301114025125628 0.33336741318959184
4.33363072361809 0.318111770308235
4.3661474221105525 0.30128044000593945
4.398664120603015 0.2830873159529119
4.431180819095477 0.26376069713404604
4.463697517587939 0.24354163664230555
4.496214216080402 0.22268167495553826
4.528730914572864 0.20143996230143557
4.561247613065326 0.18007986177343582
4.593764311557789 0.15886521888609195
4.626281010050251 0.13805657197406163
4.658797708542713 0.11790764492712924
4.6913144070351755 0.09866248855212234
4.723831105527638 0.08055359418159469
4.7563478040201 0.06380116313954431
4.7888645025125625 0.04861344370317511
4.821381201005025 0.035187603878853224
4.853897899497487 0.023709949538499586
4.886414597989949 0.014353374560073462
4.918931296482412 0.007268689500619985
4.951447994974874 0.0025648607859238837
4.983964693467336 0.00027114236962688665
5.016481391959799 0.0
5.048998090452261 0.0
5.081514788944723 0.0
5.1140314874371855 0.0
5.146548185929648 0.0
5.179064884422111 0.0
5.211581582914573 0.0
5.244098281407036 0.0
5.276614979899498 0.0
5.30913167839196 0.0
5.3416483768844225 0.0
5.374165075376885 0.0
5.406681773869347 0.0
5.439198472361809 0.0
5.471715170854272 0.0
5.504231869346734 0.0
5.536748567839196 0.0
5.569265266331659 0.0
5.601781964824121 0.0
5.634298663316583 0.0
5.6668153618090455 0.0
5.699332060301508 0.0
5.73184875879397 0.0
5.7643654572864325 0.0
5.796882155778895 0.0
5.829398854271357 0.0
5.861915552763819 0.0
5.894432251256282 0.0
5.926948949748744 0.0
5.959465648241206 0.0
5.991982346733669 0.0
6.024499045226131 0.0
6.057015743718593 0.0
6.0895324422110555 0.0
6.122049140703518 0.0
6.15456583919598 0.0
6.187082537688442 0.0
6.219599236180905 0.0
6.252115934673367 0.0
6.284632633165829 0.0
6.317149331658292 0.0
6.349666030150754 0.0
6.382182728643216 0.0
6.4146994271356785 0.0
6.447216125628141 0.0
6.479732824120603 0.0
6.5122495226130654 0.0
6.544766221105528 0.0
6.57728291959799 0.0
6.609799618090452 0.0
6.642316316582915 0.0
6.674833015075377 0.0
6.707349713567839 0.0
6.739866412060302 0.0
6.772383110552764 0.0
6.804899809045226 0.0
6.8374165075376885 0.0
6.869933206030151 0.0
6.902449904522613 0.0
6.934966603015075 0.0
6.967483301507538 0.0
7.0 0.0
