0.529177 32.201424041084465
0.5616936984924623 29.105888459602284
0.5942103969849246 23.815522329829037
0.6267270954773869 17.237223824524335
0.6592437939698492 10.192973020879435
0.6917604924623115 3.3940001332575775
0.7242771909547738 -2.5846955929337128
0.7567938894472361 -7.3237214613182005
0.7893105879396984 -10.568691553655299
0.8218272864321609 -12.227728407518953
0.8543439849246232 -12.35702690292419
0.8868606834170855 -11.136086527783846
0.9193773819095478 -8.835461012786254
0.9518940804020101 -5.780605371486672
0.9844107788944724 -2.3155868328558427
1.0169274773869346 1.2298873260351684
1.049444175879397 4.567378379140791
1.0819608743718594 7.468768943730538
1.1144775728643217 9.776714969677414
1.146994271356784 11.406749898354974
1.1795109698492463 12.342130328810526
1.2120276683417086 12.62311313052669
1.244544366834171 12.33268410641358
1.2770610653266332 11.58081918984135
1.3095777638190955 10.489181303184523
1.3420944623115578 9.177791747375522
1.3746111608040201 7.754730493834359
1.4071278592964824 6.3093869506628835
1.4396445577889447 4.9092713760946936
1.472161256281407 3.5999669451775844
1.5046779547738693 2.4074969554130803
1.5371946532663316 1.3422232690645615
1.569711351758794 0.40338078391323506
1.6022280502512563 -0.41653232711178134
1.6347447487437186 -1.128084340449277
1.6672614472361809 -1.7422865997268673
1.6997781457286432 -2.269096657570117
1.7322948442211055 -2.716920527860566
1.7648115427135678 -3.0928460280592844
1.79732824120603 -3.4032759420151706
1.8298449396984924 -3.6546398482532823
1.8623616381909547 -3.85393099562134
1.894878336683417 -4.0089163651100534
1.9273950351758793 -4.1279788605097565
1.9599117336683418 -4.219648091077033
1.9924284321608041 -4.29194447574082
2.024945130653266 -4.351692577036374
2.0574618291457285 -4.403953972834643
2.089978527638191 -4.451694581151969
2.122495226130653 -4.495747425167792
2.1550119246231154 -4.535072145254162
2.1875286231155777 -4.5672589120276825
2.22004532160804 -4.589185641723816
2.2525620201005023 -4.59771846834883
2.2850787185929646 -4.590347037961692
2.317595417085427 -4.565665509640894
2.3501121155778892 -4.523641786678127
2.3826288140703515 -4.465654829260529
2.4151455125628143 -4.394316316107506
2.4476622110552766 -4.31312290529786
2.480178909547739 -4.226005145892486
2.512695608040201 -4.136847036179461
2.5452123065326635 -4.049046639234803
2.577729005025126 -3.965175022445692
2.610245703517588 -3.886771156001487
2.6427624020100504 -3.8142878474009194
2.6752791005025127 -3.747181777291189
2.707795798994975 -3.6841221520771796
2.7403124974874373 -3.6232794449679204
2.7728291959798996 -3.5626491901475674
2.805345894472362 -3.500365857456927
2.8378625929648242 -3.4349676477540925
2.8703792914572865 -3.3655831716459943
2.902895989949749 -3.2920236186928378
2.935412688442211 -3.21477732850326
2.9679293869346735 -3.134915941816871
3.0004460854271358 -3.0539311863431067
3.032962783919598 -2.973527943768204
3.0654794824120604 -2.8954021531262697
3.0979961809045227 -2.8210314076422947
3.130512879396985 -2.751502274062659
3.1630295778894473 -2.6873921741644153
3.1955462763819096 -2.6287160557640163
3.228062974874372 -2.574940027147022
3.260579673366834 -2.525056550732188
3.2930963718592965 -2.477709449833128
3.325613070351759 -2.4313524240515108
3.358129768844221 -2.3844222969419206
3.3906464673366834 -2.335507892696114
3.4231631658291457 -2.2834970937019534
3.455679864321608 -2.2276879256169195
3.4881965628140703 -2.167853983150053
3.5207132613065326 -2.1042596135994245
3.553229959798995 -2.037625472552463
3.5857466582914572 -1.9690498560976266
3.6182633567839195 -1.899895178827137
3.650780055276382 -1.831651802689521
3.683296753768844 -1.7657929521883489
3.7158134522613064 -1.7036346322565805
3.7483301507537687 -1.6462133742643346
3.780846849246231 -1.594192455537268
3.8133635477386933 -1.5478042302129325
3.8458802462311557 -1.5068326867331052
3.878396944723618 -1.4706366420905397
3.9109136432160803 -1.4382104197793524
3.9434303417085426 -1.4082757269916328
3.975947040201005 -1.3793959835711576
4.008463738693467 -1.3501027272341162
4.0409804371859295 -1.3190230175659963
4.073497135678392 -1.2849969972739927
4.106013834170854 -1.2471758814845089
4.138530532663316 -1.2050925085568451
4.171047231155779 -1.1586990214200341
4.203563929648241 -1.1083690451268922
4.236080628140703 -1.0548646541446942
4.268597326633166 -0.9992712525217939
4.301114025125628 -0.9429060084657976
4.33363072361809 -0.887207509838845
4.3661474221105525 -0.8336156988680159
4.398664120603015 -0.7834518137478881
4.431180819095477 -0.7378079770332988
4.463697517587939 -0.6974552463598229
4.496214216080402 -0.6627774549815513
4.528730914572864 -0.6337361359474016
4.561247613065326 -0.6098693998465023
4.593764311557789 -0.5903250022875
4.626281010050251 -0.5739251871345914
4.658797708542713 -0.5592584186597378
4.6913144070351755 -0.5447910004731966
4.723831105527638 -0.5289899776125822
4.7563478040201 -0.5104477508557466
4.7888645025125625 -0.48799857726407936
4.821381201005025 -0.46081761705681856
4.853897899497487 -0.4284943919574289
4.886414597989949 -0.39107437157690583
4.918931296482412 -0.3490647817052377
4.951447994974874 -0.30340347123092215
4.983964693467336 -0.25539258995559067
5.016481391959799 -0.20660170551673218
5.048998090452261 -0.15874760382939712
5.081514788944723 -0.11356016153513337
5.1140314874371855 -0.07264515969654894
5.146548185929648 -0.03735557078834972
5.179064884422111 -0.008682590903845266
5.211581582914573 0.012823538439988624
5.244098281407036 0.02709504282211128
5.276614979899498 0.034545593636721605
5.30913167839196 0.03602555255747575
5.3416483768844225 0.03273635554978682
5.374165075376885 0.026111070492333965
5.406681773869347 0.017672036123258295
5.439198472361809 0.008879671047907323
5.471715170854272 0.0009886168299999554
5.504231869346734 -0.005072039084552671
5.536748567839196 -0.00877895119083405
5.569265266331659 -0.010042874777354882
5.601781964824121 -0.00917831483820919
5.634298663316583 -0.006814870619564317
5.6668153618090455 -0.003759455028557568
5.699332060301508 -0.0008280409729195526
5.73184875879397 0.0013254476561996853
5.7643654572864325 0.002348726258787792
5.796882155778895 0.0022625753008469474
5.829398854271357 0.0014326002074085409
5.861915552763819 0.00042605460293998476
5.894432251256282 -0.00022973430168349296
5.926948949748744 -0.0003180108487867983
5.959465648241206 -8.282166527351364e-5
5.991982346733669 5.6418575695715845e-6
6.024499045226131 0.0
6.057015743718593 0.0
6.0895324422110555 0.0
6.122049140703518 0.0
6.15456583919598 0.0
6.187082537688442 0.0
6.219599236180905 0.0
6.252115934673367 0.0
6.284632633165829 0.0
6.317149331658292 0.0
6.349666030150754 0.0
6.382182728643216 0.0
6.4146994271356785 0.0
6.447216125628141 0.0
6.479732824120603 0.0
6.5122495226130654 0.0
6.544766221105528 0.0
6.57728291959799 0.0
6.609799618090452 0.0
6.642316316582915 0.0
6.674833015075377 0.0
6.707349713567839 0.0
6.739866412060302 0.0
6.772383110552764 0.0
6.804899809045226 0.0
6.8374165075376885 0.0
6.869933206030151 0.0
6.902449904522613 0.0
6.934966603015075 0.0
6.967483301507538 0.0
7.0 0.0
