0.529177 -0.08201907800190611
0.5616936984924623 -0.024468686677550977
0.5942103969849246 0.055755592484217686
0.6267270954773869 0.03950655600698383
0.6592437939698492 -0.03226731537915839
0.6917604924623115 -0.04514160939100975
0.7242771909547738 0.011519111444385999
0.7567938894472361 0.044731469918360744
0.7893105879396984 0.007383896707494841
0.8218272864321609 -0.038947423680667725
0.8543439849246232 -0.024755328084211214
0.8868606834170855 0.026808958056392385
0.9193773819095478 0.039458381977340196
0.9518940804020101 -0.006383614466983545
0.9844107788944724 -0.04783308633085426
1.0169274773869346 -0.024380482040157858
1.049444175879397 0.04192197614753468
1.0819608743718594 0.06693540402039844
1.1144775728643217 -0.005705041985891057
1.146994271356784 -0.14768668603005608
1.1795109698492463 -0.27464330980870955
1.2120276683417086 -0.32050803227741653
1.244544366834171 -0.28395297512867046
1.2770610653266332 -0.21478723382904263
1.3095777638190955 -0.16662515803869837
1.3420944623115578 -0.16143817004365246
1.3746111608040201 -0.1877040911189738
1.4071278592964824 -0.22083950914515071
1.4396445577889447 -0.24238470853634908
1.472161256281407 -0.24521325528155558
1.5046779547738693 -0.2285313827982236
1.5371946532663316 -0.1930536053066021
1.569711351758794 -0.14171416113333635
1.6022280502512563 -0.0830918611492848
1.6347447487437186 -0.0316587835293376
1.6672614472361809 -0.002414075559840967
1.6997781457286432 -0.0029797818299925893
1.7322948442211055 -0.028746054839643875
1.7648115427135678 -0.06457039535308695
1.79732824120603 -0.0920602766265688
1.8298449396984924 -0.09807960735082588
1.8623616381909547 -0.07986706331388405
1.894878336683417 -0.04464629481725524
1.9273950351758793 -0.004848882253895681
1.9599117336683418 0.027928295915955914
1.9924284321608041 0.04716586948256918
2.024945130653266 0.05239757467393247
2.0574618291457285 0.04738118006497416
2.089978527638191 0.03712302190922401
2.122495226130653 0.02547413735766213
2.1550119246231154 0.014222826618436102
2.1875286231155777 0.003592946059654878
2.22004532160804 -0.006617148141344842
2.2525620201005023 -0.016116192148274422
2.2850787185929646 -0.023913783005241385
2.317595417085427 -0.02879225021200682
2.3501121155778892 -0.030043733009165408
2.3826288140703515 -0.027981415978786117
2.4151455125628143 -0.023927387425146662
2.4476622110552766 -0.0196928876072775
2.480178909547739 -0.016825200861376288
2.512695608040201 -0.015986506460023975
2.5452123065326635 -0.016739363367832993
2.577729005025126 -0.01781015533288155
2.610245703517588 -0.01769100539667079
2.6427624020100504 -0.015312369693958772
2.6752791005025127 -0.010513556165733462
2.707795798994975 -0.004141487632864482
2.7403124974874373 0.0022357695896175755
2.7728291959798996 0.006871092843141469
2.805345894472362 0.008427134992302854
2.8378625929648242 0.006407103172023199
2.8703792914572865 0.0012969041010819637
2.902895989949749 -0.0056029932434853436
2.935412688442211 -0.01257554324973853
2.9679293869346735 -0.01797185643846433
3.0004460854271358 -0.020630669628019405
3.032962783919598 -0.02012002660279677
3.0654794824120604 -0.016756642509847097
3.0979961809045227 -0.011429438237030354
3.130512879396985 -0.0053056278425742676
3.1630295778894473 0.0004819532475721644
3.1955462763819096 0.005079575687943816
3.228062974874372 0.008037770312682824
3.260579673366834 0.009308910211473176
3.2930963718592965 0.009146885608231514
3.325613070351759 0.007960103292475651
3.358129768844221 0.006171051856085796
3.3906464673366834 0.004121204957584723
3.4231631658291457 0.0020366353656413594
3.455679864321608 4.634037100004207e-5
3.4881965628140703 -0.0017706703855537853
3.5207132613065326 -0.0033381835285126726
3.553229959798995 -0.004557990740295281
3.5857466582914572 -0.005316792332678233
3.6182633567839195 -0.005519379573627248
3.650780055276382 -0.005131767349155325
3.683296753768844 -0.00421422629318613
3.7158134522613064 -0.0029282530546765884
3.7483301507537687 -0.0015113679223190957
3.780846849246231 -0.00022543579922285062
3.8133635477386933 0.0007062103711064083
3.8458802462311557 0.0011533836246258033
3.878396944723618 0.0011083765492116981
3.9109136432160803 0.0006810493688931274
3.9434303417085426 6.156598635698174e-5
3.975947040201005 -0.0005372811442612146
4.008463738693467 -0.000940217068318816
4.0409804371859295 -0.001054041207055434
4.073497135678392 -0.0008841720305099443
4.106013834170854 -0.0005201603672162491
4.138530532663316 -9.714775569591438e-5
4.171047231155779 0.0002524699523860363
4.203563929648241 0.00044068051704471145
4.236080628140703 0.00044571735639920007
4.268597326633166 0.0003087886945536411
4.301114025125628 0.00010951054866836785
4.33363072361809 -6.878914877006537e-5
4.3661474221105525 -0.00016990919090176249
4.398664120603015 -0.00018042750485847137
4.431180819095477 -0.00012582751833178918
4.463697517587939 -5.118522716429652e-5
4.496214216080402 3.196297996055364e-6
4.528730914572864 1.9415077247231238e-5
4.561247613065326 5.2506232464111235e-6
4.593764311557789 -1.667926886739224e-5
4.626281010050251 -2.6087736898716685e-5
4.658797708542713 -1.7568743032825296e-5
4.6913144070351755 -1.0114084716406069e-6
4.723831105527638 9.19756240591596e-6
4.7563478040201 7.020361465492897e-6
4.7888645025125625 -1.256070106592233e-6
4.821381201005025 -5.287145938837057e-6
4.853897899497487 -2.408807176834671e-6
4.886414597989949 9.686283419796382e-7
4.918931296482412 4.531253807726898e-7
4.951447994974874 -2.7431480020823074e-7
4.983964693467336 3.805979531534831e-8
5.016481391959799 0.0
5.048998090452261 0.0
5.081514788944723 0.0
5.1140314874371855 0.0
5.146548185929648 0.0
5.179064884422111 0.0
5.211581582914573 0.0
5.244098281407036 0.0
5.276614979899498 0.0
5.30913167839196 0.0
5.3416483768844225 0.0
5.374165075376885 0.0
5.406681773869347 0.0
5.439198472361809 0.0
5.471715170854272 0.0
5.504231869346734 0.0
5.536748567839196 0.0
5.569265266331659 0.0
5.601781964824121 0.0
5.634298663316583 0.0
5.6668153618090455 0.0
5.699332060301508 0.0
5.73184875879397 0.0
5.7643654572864325 0.0
5.796882155778895 0.0
5.829398854271357 0.0
5.861915552763819 0.0
5.894432251256282 0.0
5.926948949748744 0.0
5.959465648241206 0.0
5.991982346733669 0.0
6.024499045226131 0.0
6.057015743718593 0.0
6.0895324422110555 0.0
6.122049140703518 0.0
6.15456583919598 0.0
6.187082537688442 0.0
6.219599236180905 0.0
6.252115934673367 0.0
6.284632633165829 0.0
6.317149331658292 0.0
6.349666030150754 0.0
6.382182728643216 0.0
6.4146994271356785 0.0
6.447216125628141 0.0
6.479732824120603 0.0
6.5122495226130654 0.0
6.544766221105528 0.0
6.57728291959799 0.0
6.609799618090452 0.0
6.642316316582915 0.0
6.674833015075377 0.0
6.707349713567839 0.0
6.739866412060302 0.0
6.772383110552764 0.0
6.804899809045226 0.0
6.8374165075376885 0.0
6.869933206030151 0.0
6.902449904522613 0.0
6.934966603015075 0.0
6.967483301507538 0.0
7.0 0.0
