0.529177 -29.170249157516224
0.5616936984924623 -18.506979079987588
0.5942103969849246 -5.464102581134853
0.6267270954773869 5.684967241450636
0.6592437939698492 12.482453966092407
0.6917604924623115 14.43211731410247
0.7242771909547738 12.512681576688806
0.7567938894472361 8.396075643212157
0.7893105879396984 3.7138452068342076
0.8218272864321609 -0.4048099094680424
0.8543439849246232 -3.4652568970972197
0.8868606834170855 -5.4857801328435585
0.9193773819095478 -6.759389330644467
0.9518940804020101 -7.626258562570513
0.9844107788944724 -8.331160401598368
1.0169274773869346 -8.980317423353938
1.049444175879397 -9.57031492575976
1.0819608743718594 -10.04678531521904
1.1144775728643217 -10.35743592107633
1.146994271356784 -10.481237181618269
1.1795109698492463 -10.432452978428671
1.2120276683417086 -10.248472483753517
1.244544366834171 -9.97295182978064
1.2770610653266332 -9.64284655066075
1.3095777638190955 -9.282887300644404
1.3420944623115578 -8.906684581923798
1.3746111608040201 -8.521323906675946
1.4071278592964824 -8.132097109857114
1.4396445577889447 -7.745177371497732
1.472161256281407 -7.367642385005581
1.5046779547738693 -7.005544344554721
1.5371946532663316 -6.66135830312902
1.569711351758794 -6.332107420077648
1.6022280502512563 -6.008982407044471
1.6347447487437186 -5.678631604375028
1.6672614472361809 -5.325741855645674
1.6997781457286432 -4.936200932388715
1.7322948442211055 -4.500063714684927
1.7648115427135678 -4.013689331226431
1.79732824120603 -3.4806858152231825
1.8298449396984924 -2.9115979795469116
1.8623616381909547 -2.3225282640466958
1.894878336683417 -1.7330455589140001
1.9273950351758793 -1.1638011433375937
1.9599117336683418 -0.6342459455164544
1.9924284321608041 -0.16075573468356197
2.024945130653266 0.24464834043459405
2.0574618291457285 0.5749189731212141
2.089978527638191 0.8279815854793355
2.122495226130653 1.0062276623834805
2.1550119246231154 1.1156583774456976
2.1875286231155777 1.164844182188233
2.22004532160804 1.1638512998126203
2.2525620201005023 1.1232552716246005
2.2850787185929646 1.0533232983146377
2.317595417085427 0.9634082525800522
2.3501121155778892 0.8615631100747692
2.3826288140703515 0.7543582347563529
2.4151455125628143 0.6468666322938361
2.4476622110552766 0.5427736197095214
2.480178909547739 0.44456600953111547
2.512695608040201 0.35375999768467636
2.5452123065326635 0.27113446776854744
2.577729005025126 0.19694553176037743
2.610245703517588 0.13110731274235832
2.6427624020100504 0.07333215880248645
2.6752791005025127 0.02323000946483944
2.707795798994975 -0.019628751310676762
2.7403124974874373 -0.055679895702553495
2.7728291959798996 -0.08535326604214788
2.805345894472362 -0.10907406650926532
2.8378625929648242 -0.12727068181902723
2.8703792914572865 -0.14038374979759283
2.902895989949749 -0.1488729522354788
2.935412688442211 -0.15321963062103805
2.9679293869346735 -0.15392470942992986
3.0004460854271358 -0.1515024285237132
3.032962783919598 -0.14647102455143113
3.0654794824120604 -0.1393417872847067
3.0979961809045227 -0.13060791298465801
3.130512879396985 -0.12073436349282929
3.1630295778894473 -0.11014960101880433
3.1955462763819096 -0.0992396821385455
3.228062974874372 -0.08834482405268318
3.260579673366834 -0.0777582477438159
3.2930963718592965 -0.0677268837110887
3.325613070351759 -0.05845340646800423
3.358129768844221 -0.05009903940020877
3.3906464673366834 -0.04278662651557852
3.4231631658291457 -0.03660357990389684
3.455679864321608 -0.03160445631715447
3.4881965628140703 -0.027813068657053464
3.5207132613065326 -0.02522417698872914
3.553229959798995 -0.02380491268405649
3.5857466582914572 -0.023496158162515712
3.6182633567839195 -0.024214129375423
3.650780055276382 -0.025852390381487567
3.683296753768844 -0.02828447559096503
3.7158134522613064 -0.03136721550299626
3.7483301507537687 -0.03494476805178692
3.780846849246231 -0.038853262555448964
3.8133635477386933 -0.04292587845174012
3.8458802462311557 -0.046998116240160925
3.878396944723618 -0.05091298025303104
3.9109136432160803 -0.05452578560755228
3.9434303417085426 -0.057708325029011576
3.975947040201005 -0.0603521818981676
4.008463738693467 -0.062371047727992845
4.0409804371859295 -0.06370198699369212
4.073497135678392 -0.06430568021971794
4.106013834170854 -0.06416575753354437
4.138530532663316 -0.06328740028698121
4.171047231155779 -0.06169543019672119
4.203563929648241 -0.059432118603183426
4.236080628140703 -0.05655493081235363
4.268597326633166 -0.05313437349934702
4.301114025125628 -0.04925204185809662
4.33363072361809 -0.0449988760893234
4.3661474221105525 -0.0404735453887497
4.398664120603015 -0.03578079543831336
4.431180819095477 -0.031029537142785557
4.463697517587939 -0.026330434223837074
4.496214216080402 -0.021792777426242083
4.528730914572864 -0.0175205216677341
4.561247613065326 -0.013607511551413154
4.593764311557789 -0.01013212402614272
4.626281010050251 -0.007151797782682934
4.658797708542713 -0.0046981674045127875
4.6913144070351755 -0.0027737312758517874
4.723831105527638 -0.0013510931779592283
4.7563478040201 -0.00037574613861579564
4.7888645025125625 0.0002269904057925487
4.821381201005025 0.0005410399026004598
4.853897899497487 0.000646140350454516
4.886414597989949 0.0006054938015154221
4.918931296482412 0.00046109707983532644
4.951447994974874 0.0002475659412652931
4.983964693467336 4.091495515012866e-5
5.016481391959799 0.0
5.048998090452261 0.0
5.081514788944723 0.0
5.1140314874371855 0.0
5.146548185929648 0.0
5.179064884422111 0.0
5.211581582914573 0.0
5.244098281407036 0.0
5.276614979899498 0.0
5.30913167839196 0.0
5.3416483768844225 0.0
5.374165075376885 0.0
5.406681773869347 0.0
5.439198472361809 0.0
5.471715170854272 0.0
5.504231869346734 0.0
5.536748567839196 0.0
5.569265266331659 0.0
5.601781964824121 0.0
5.634298663316583 0.0
5.6668153618090455 0.0
5.699332060301508 0.0
5.73184875879397 0.0
5.7643654572864325 0.0
5.796882155778895 0.0
5.829398854271357 0.0
5.861915552763819 0.0
5.894432251256282 0.0
5.926948949748744 0.0
5.959465648241206 0.0
5.991982346733669 0.0
6.024499045226131 0.0
6.057015743718593 0.0
6.0895324422110555 0.0
6.122049140703518 0.0
6.15456583919598 0.0
6.187082537688442 0.0
6.219599236180905 0.0
6.252115934673367 0.0
6.284632633165829 0.0
6.317149331658292 0.0
6.349666030150754 0.0
6.382182728643216 0.0
6.4146994271356785 0.0
6.447216125628141 0.0
6.479732824120603 0.0
6.5122495226130654 0.0
6.544766221105528 0.0
6.57728291959799 0.0
6.609799618090452 0.0
6.642316316582915 0.0
6.674833015075377 0.0
6.707349713567839 0.0
6.739866412060302 0.0
6.772383110552764 0.0
6.804899809045226 0.0
6.8374165075376885 0.0
6.869933206030151 0.0
6.902449904522613 0.0
6.934966603015075 0.0
6.967483301507538 0.0
7.0 0.0
