0.529177 -78.71996126582053
0.5616936984924623 -62.88020231895098
0.5942103969849246 -43.25994657168849
0.6267270954773869 -22.745455911270255
0.6592437939698492 -3.7893694369213335
0.6917604924623115 11.718374221951308
0.7242771909547738 22.54880434185361
0.7567938894472361 28.178234976578096
0.7893105879396984 28.765244702937707
0.8218272864321609 25.058151131222985
0.8543439849246232 18.242182148344
0.8868606834170855 9.74541297520409
0.9193773819095478 1.0293043855617725
0.9518940804020101 -6.607823285434279
0.9844107788944724 -12.188263173822634
1.0169274773869346 -15.1537589528416
1.049444175879397 -15.39577461258159
1.0819608743718594 -13.218263367529289
1.1144775728643217 -9.244355543254642
1.146994271356784 -4.286284979081756
1.1795109698492463 0.7979542641951411
1.2120276683417086 5.237791241646846
1.244544366834171 8.453649001421581
1.2770610653266332 10.118313672865042
1.3095777638190955 10.171779755582975
1.3420944623115578 8.793316409461113
1.3746111608040201 6.340964040307881
1.4071278592964824 3.2725849115686287
1.4396445577889447 0.06359316154703265
1.472161256281407 -2.8652023283284507
1.5046779547738693 -5.199912658556059
1.5371946532663316 -6.761078617786552
1.569711351758794 -7.50624599945877
1.6022280502512563 -7.511527012546139
1.6347447487437186 -6.9387668226427195
1.6672614472361809 -5.996052814633003
1.6997781457286432 -4.898935530245581
1.7322948442211055 -3.838213028268001
1.7648115427135678 -2.9579412253933697
1.79732824120603 -2.3449733241050126
1.8298449396984924 -2.029233520006528
1.8623616381909547 -1.992392866173759
1.894878336683417 -2.1817793012633047
1.9273950351758793 -2.52621066312895
1.9599117336683418 -2.950864292870392
1.9924284321608041 -3.3890958292085998
2.024945130653266 -3.7900788585757255
2.0574618291457285 -4.122062919741438
2.089978527638191 -4.371795656585164
2.122495226130653 -4.541143547512547
2.1550119246231154 -4.642154140443381
2.1875286231155777 -4.691761380592652
2.22004532160804 -4.707108637408965
2.2525620201005023 -4.702131019766966
2.2850787185929646 -4.685677879890136
2.317595417085427 -4.661132726501819
2.3501121155778892 -4.627244865985631
2.3826288140703515 -4.579745717968763
2.4151455125628143 -4.513282730462379
2.4476622110552766 -4.423248958197291
2.480178909547739 -4.307190725945475
2.512695608040201 -4.165609981304442
2.5452123065326635 -4.00211443517037
2.577729005025126 -3.822985550545127
2.610245703517588 -3.6363177395451203
2.6427624020100504 -3.4509257514473575
2.6752791005025127 -3.2752223905099527
2.707795798994975 -3.116242070687804
2.7403124974874373 -2.9789372903760523
2.7728291959798996 -2.865816058456403
2.805345894472362 -2.7769291161985166
2.8378625929648242 -2.7101649598716904
2.8703792914572865 -2.6617738727964024
2.902895989949749 -2.6270221105314704
2.935412688442211 -2.6008739561239054
2.9679293869346735 -2.578610254722662
3.0004460854271358 -2.5563134371459455
3.032962783919598 -2.5311764259968186
3.0654794824120604 -2.5016216653784795
3.0979961809045227 -2.4672428842786758
3.130512879396985 -2.4286031227675267
3.1630295778894473 -2.3869362152327085
3.1955462763819096 -2.343804718095271
3.228062974874372 -2.300765631191098
3.260579673366834 -2.2590874615416396
3.2930963718592965 -2.2195500279449334
3.325613070351759 -2.1823439611871436
3.358129768844221 -2.147072144140111
3.3906464673366834 -2.112842128597549
3.4231631658291457 -2.0784282153454114
3.455679864321608 -2.042475240359636
3.4881965628140703 -2.003713497062563
3.5207132613065326 -1.9611554803504987
3.553229959798995 -1.9142496976455732
3.5857466582914572 -1.8629738010513393
3.6182633567839195 -1.8078577353389846
3.650780055276382 -1.7499364130471804
3.683296753768844 -1.6906396384802065
3.7158134522613064 -1.6316337881871732
3.7483301507537687 -1.5746345235802437
3.780846849246231 -1.5212122275843285
3.8133635477386933 -1.4726118508242507
3.8458802462311557 -1.4296065961079876
3.878396944723618 -1.3924007383448043
3.9109136432160803 -1.3605913943556516
3.9434303417085426 -1.3331928351035458
3.975947040201005 -1.3087206074742426
4.008463738693467 -1.2853269056122372
4.0409804371859295 -1.2609738204828318
4.073497135678392 -1.233627695015457
4.106013834170854 -1.2014560678544512
4.138530532663316 -1.1630086895984277
4.171047231155779 -1.1173657747003745
4.203563929648241 -1.0642398027630406
4.236080628140703 -1.004021483242468
4.268597326633166 -0.9377655429143488
4.301114025125628 -0.8671173362727131
4.33363072361809 -0.7941864568456367
4.3661474221105525 -0.7213781130121788
4.398664120603015 -0.6511966559392022
4.431180819095477 -0.5860380275607895
4.463697517587939 -0.5279888559052779
4.496214216080402 -0.4786494020354439
4.528730914572864 -0.43899561302532675
4.561247613065326 -0.40929232435701124
4.593764311557789 -0.38906544482415484
4.626281010050251 -0.3771360844239098
4.658797708542713 -0.37171443748775346
4.6913144070351755 -0.3705462176931178
4.723831105527638 -0.37109995830178377
4.7563478040201 -0.3707799023541156
4.7888645025125625 -0.36714681271223526
4.821381201005025 -0.3581280435282679
4.853897899497487 -0.342198743363042
4.886414597989949 -0.3185181032949913
4.918931296482412 -0.28700800241495017
4.951447994974874 -0.24836600883645588
4.983964693467336 -0.204010137824298
5.016481391959799 -0.15595864127317327
5.048998090452261 -0.10665394144598395
5.081514788944723 -0.05874513881099119
5.1140314874371855 -0.014847841650407645
5.146548185929648 0.022697048165355227
5.179064884422111 0.052042853414604906
5.211581582914573 0.0720131142916216
5.244098281407036 0.08221524160762783
5.276614979899498 0.08307805739423202
5.30913167839196 0.07580625328773749
5.3416483768844225 0.06225291190276039
5.374165075376885 0.044720030931785004
5.406681773869347 0.02570567482689512
5.439198472361809 0.0076240443013375625
5.471715170854272 -0.007469575912182336
5.504231869346734 -0.018114325052010827
5.536748567839196 -0.023606194930835045
5.569265266331659 -0.024059475466856384
5.601781964824121 -0.02034977377843461
5.634298663316583 -0.013936296769315959
5.6668153618090455 -0.006580087907423149
5.699332060301508 3.861132427118719e-6
5.73184875879397 0.004501914514548844
5.7643654572864325 0.006289371678576572
5.796882155778895 0.005568498856519
5.829398854271357 0.0032853563461685553
5.861915552763819 0.0007898438216216164
5.894432251256282 -0.0007233474989334354
5.926948949748744 -0.0008309823606396094
5.959465648241206 -0.00020120628869335633
5.991982346733669 1.4911174730514176e-5
6.024499045226131 0.0
6.057015743718593 0.0
6.0895324422110555 0.0
6.122049140703518 0.0
6.15456583919598 0.0
6.187082537688442 0.0
6.219599236180905 0.0
6.252115934673367 0.0
6.284632633165829 0.0
6.317149331658292 0.0
6.349666030150754 0.0
6.382182728643216 0.0
6.4146994271356785 0.0
6.447216125628141 0.0
6.479732824120603 0.0
6.5122495226130654 0.0
6.544766221105528 0.0
6.57728291959799 0.0
6.609799618090452 0.0
6.642316316582915 0.0
6.674833015075377 0.0
6.707349713567839 0.0
6.739866412060302 0.0
6.772383110552764 0.0
6.804899809045226 0.0
6.8374165075376885 0.0
6.869933206030151 0.0
6.902449904522613 0.0
6.934966603015075 0.0
6.967483301507538 0.0
7.0 0.0
