0.529177 0.008596045209287695
0.5616936984924623 -0.0014959146633373166
0.5942103969849246 -0.006983543130104408
0.6267270954773869 -0.0006567633254235261
0.6592437939698492 0.005414169223740828
0.6917604924623115 0.0019177781051098464
0.7242771909547738 -0.004006148553003186
0.7567938894472361 -0.0026925401425614837
0.7893105879396984 0.002711261124147768
0.8218272864321609 0.0031616069397841784
0.8543439849246232 -0.001451520394596173
0.8868606834170855 -0.0033731191550714357
0.9193773819095478 0.00016716272403982657
0.9518940804020101 0.0032959278119051305
0.9844107788944724 0.0011659308945013436
1.0169274773869346 -0.0028579914125543837
1.049444175879397 -0.0025516551303326196
1.0819608743718594 0.0020049081804813795
1.1144775728643217 0.004257673812503526
1.146994271356784 -0.0004823481077096403
1.1795109698492463 -0.00927839053366597
1.2120276683417086 -0.014946060369027236
1.244544366834171 -0.01377311768015943
1.2770610653266332 -0.008811637304006581
1.3095777638190955 -0.006082150146994536
1.3420944623115578 -0.00857056505054743
1.3746111608040201 -0.01400540784459281
1.4071278592964824 -0.017637890926778255
1.4396445577889447 -0.016561054877627157
1.472161256281407 -0.011647297240699572
1.5046779547738693 -0.006140237156103012
1.5371946532663316 -0.0028398652237910937
1.569711351758794 -0.0023490073621701413
1.6022280502512563 -0.003337157805503921
1.6347447487437186 -0.004030327946622947
1.6672614472361809 -0.0035215128967251985
1.6997781457286432 -0.0020763873117175535
1.7322948442211055 -0.0005644908205226784
1.7648115427135678 0.0003133739249960854
1.79732824120603 0.000426040329443822
1.8298449396984924 0.00010768728350285528
1.8623616381909547 -0.00021056693037735386
1.894878336683417 -0.00030434825174552316
1.9273950351758793 -0.0002200101060338966
1.9599117336683418 -0.00013682536712167348
1.9924284321608041 -0.00018274356563097172
2.024945130653266 -0.0003402257198672487
2.0574618291457285 -0.00048030305606516777
2.089978527638191 -0.0004707093498836912
2.122495226130653 -0.0002713669374543315
2.1550119246231154 4.098149463516165e-5
2.1875286231155777 0.0003218522589349959
2.22004532160804 0.00044143810185914845
2.2525620201005023 0.00034958889659719716
2.2850787185929646 9.200193352398855e-5
2.317595417085427 -0.00022235625522171176
2.3501121155778892 -0.0004782978183470732
2.3826288140703515 -0.0006047488681701907
2.4151455125628143 -0.0005967231822410213
2.4476622110552766 -0.0005046996997748465
2.480178909547739 -0.00040252606856938655
2.512695608040201 -0.00035188686626952403
2.5452123065326635 -0.00037889592624651414
2.577729005025126 -0.0004698822053796903
2.610245703517588 -0.0005840033311983461
2.6427624020100504 -0.0006740802247122701
2.6752791005025127 -0.0007057457210635221
2.707795798994975 -0.0006679295898948112
2.7403124974874373 -0.000572647672356652
2.7728291959798996 -0.00044659121869017326
2.805345894472362 -0.00031948429682415735
2.8378625929648242 -0.00021416821806496955
2.8703792914572865 -0.00014151231874848236
2.902895989949749 -0.00010070639984860463
2.935412688442211 -8.338463476320612e-5
2.9679293869346735 -7.90357952382692e-5
3.0004460854271358 -7.935876334386194e-5
3.032962783919598 -8.024745523016463e-5
3.0654794824120604 -8.134804085102587e-5
3.0979961809045227 -8.409452306068488e-5
3.130512879396985 -8.950481156944079e-5
3.1630295778894473 -9.680396175326678e-5
3.1955462763819096 -0.00010335109243442275
3.228062974874372 -0.00010569003507043817
3.260579673366834 -0.00010108808976383443
3.2930963718592965 -8.880959734369753e-5
3.325613070351759 -7.0575483164248e-5
3.358129768844221 -5.0053434733854374e-5
3.3906464673366834 -3.162601069561788e-5
3.4231631658291457 -1.894225459864174e-5
3.455679864321608 -1.3795801578453393e-5
3.4881965628140703 -1.5704211079992092e-5
3.5207132613065326 -2.227748422001241e-5
3.553229959798995 -3.017612453959373e-5
3.5857466582914572 -3.627328084121473e-5
3.6182633567839195 -3.860533837496405e-5
3.650780055276382 -3.6813649046507635e-5
3.683296753768844 -3.1988905618618446e-5
3.7158134522613064 -2.6046235859666922e-5
3.7483301507537687 -2.090722341563378e-5
3.780846849246231 -1.7800500870635005e-5
3.8133635477386933 -1.69147474480269e-5
3.8458802462311557 -1.7485705711806077e-5
3.878396944723618 -1.8233244531984383e-5
3.9109136432160803 -1.7945610807146295e-5
3.9434303417085426 -1.597413444187623e-5
3.975947040201005 -1.2457692207590298e-5
4.008463738693467 -8.214497825065337e-6
4.0409804371859295 -4.371019656446151e-6
4.073497135678392 -1.8938484345198958e-6
4.106013834170854 -1.216289660987968e-6
4.138530532663316 -2.1014834601373877e-6
4.171047231155779 -3.7811530546605354e-6
4.203563929648241 -5.296241056385043e-6
4.236080628140703 -5.887955751404661e-6
4.268597326633166 -5.275348030409077e-6
4.301114025125628 -3.7118044815542817e-6
4.33363072361809 -1.8126955296793312e-6
4.3661474221105525 -2.4634920237076585e-7
4.398664120603015 5.63442995371588e-7
4.431180819095477 5.88318357586104e-7
4.463697517587939 1.4111998325461172e-7
4.496214216080402 -3.380901034688577e-7
4.528730914572864 -5.30799866282905e-7
4.561247613065326 -3.8578446037718095e-7
4.593764311557789 -8.813327667667181e-8
4.626281010050251 1.1349214901201776e-7
4.658797708542713 9.662636557550286e-8
4.6913144070351755 -6.302190058704582e-8
4.723831105527638 -1.8528061218603398e-7
4.7563478040201 -1.600930659151345e-7
4.7888645025125625 -4.197460157229216e-8
4.821381201005025 3.130497816528077e-8
4.853897899497487 9.163613867713138e-9
4.886414597989949 -2.4961138933576876e-8
4.918931296482412 -7.398739398922771e-9
4.951447994974874 5.020581284043146e-9
4.983964693467336 -7.555627234978601e-10
5.016481391959799 0.0
5.048998090452261 0.0
5.081514788944723 0.0
5.1140314874371855 0.0
5.146548185929648 0.0
5.179064884422111 0.0
5.211581582914573 0.0
5.244098281407036 0.0
5.276614979899498 0.0
5.30913167839196 0.0
5.3416483768844225 0.0
5.374165075376885 0.0
5.406681773869347 0.0
5.439198472361809 0.0
5.471715170854272 0.0
5.504231869346734 0.0
5.536748567839196 0.0
5.569265266331659 0.0
5.601781964824121 0.0
5.634298663316583 0.0
5.6668153618090455 0.0
5.699332060301508 0.0
5.73184875879397 0.0
5.7643654572864325 0.0
5.796882155778895 0.0
5.829398854271357 0.0
5.861915552763819 0.0
5.894432251256282 0.0
5.926948949748744 0.0
5.959465648241206 0.0
5.991982346733669 0.0
6.024499045226131 0.0
6.057015743718593 0.0
6.0895324422110555 0.0
6.122049140703518 0.0
6.15456583919598 0.0
6.187082537688442 0.0
6.219599236180905 0.0
6.252115934673367 0.0
6.284632633165829 0.0
6.317149331658292 0.0
6.349666030150754 0.0
6.382182728643216 0.0
6.4146994271356785 0.0
6.447216125628141 0.0
6.479732824120603 0.0
6.5122495226130654 0.0
6.544766221105528 0.0
6.57728291959799 0.0
6.609799618090452 0.0
6.642316316582915 0.0
6.674833015075377 0.0
6.707349713567839 0.0
6.739866412060302 0.0
6.772383110552764 0.0
6.804899809045226 0.0
6.8374165075376885 0.0
6.869933206030151 0.0
6.902449904522613 0.0
6.934966603015075 0.0
6.967483301507538 0.0
7.0 0.0
