0.529177 97.87760840281442
0.5616936984924623 81.73914558676933
0.5942103969849246 67.6216234915056
0.6267270954773869 55.3163816709602
0.6592437939698492 44.655516968756444
0.6917604924623115 35.46750420456988
0.7242771909547738 27.5940653724046
0.7567938894472361 20.900613639547828
0.7893105879396984 15.259111821258784
0.8218272864321609 10.533849994614172
0.8543439849246232 6.591966756657769
0.8868606834170855 3.323039022372427
0.9193773819095478 0.6419969755327202
0.9518940804020101 -1.5262856991305398
0.9844107788944724 -3.260479000283965
1.0169274773869346 -4.6397006525260736
1.049444175879397 -5.73020436878528
1.0819608743718594 -6.578219045855235
1.1144775728643217 -7.215981491264699
1.146994271356784 -7.673410979748269
1.1795109698492463 -7.98396429058721
1.2120276683417086 -8.181207856909339
1.244544366834171 -8.291911932590608
1.2770610653266332 -8.33308622229714
1.3095777638190955 -8.314971531072956
1.3420944623115578 -8.246330708259563
1.3746111608040201 -8.137423886089948
1.4071278592964824 -7.999227979604086
1.4396445577889447 -7.8408890964877855
1.472161256281407 -7.668201849522234
1.5046779547738693 -7.484246570114351
1.5371946532663316 -7.291254584444459
1.569711351758794 -7.092039273162641
1.6022280502512563 -6.8900875810683715
1.6347447487437186 -6.688639445640945
1.6672614472361809 -6.48973964011617
1.6997781457286432 -6.2940167052557285
1.7322948442211055 -6.101240777676139
1.7648115427135678 -5.911155384216045
1.79732824120603 -5.724004610938323
1.8298449396984924 -5.540504187997328
1.8623616381909547 -5.361414383855333
1.894878336683417 -5.187084284676246
1.9273950351758793 -5.017272130688241
1.9599117336683418 -4.851314742200316
1.9924284321608041 -4.688498447399468
2.024945130653266 -4.528397448557882
2.0574618291457285 -4.37100819436057
2.089978527638191 -4.216649655826359
2.122495226130653 -4.0657256376595114
2.1550119246231154 -3.918494857301539
2.1875286231155777 -3.774960660809313
2.22004532160804 -3.634911151160452
2.2525620201005023 -3.498062125741626
2.2850787185929646 -3.364215784826115
2.317595417085427 -3.233357020452331
2.3501121155778892 -3.105651498806367
2.3826288140703515 -2.9813596851285524
2.4151455125628143 -2.860715273172673
2.4476622110552766 -2.74382396829202
2.480178909547739 -2.6306216497433184
2.512695608040201 -2.520901323840235
2.5452123065326635 -2.414390118304368
2.577729005025126 -2.310841381813077
2.610245703517588 -2.2101065150390014
2.6427624020100504 -2.1121636603256206
2.6752791005025127 -2.0170989367960033
2.707795798994975 -1.9250529205630187
2.7403124974874373 -1.8361549930285719
2.7728291959798996 -1.7504689577900763
2.805345894472362 -1.6679663186347966
2.8378625929648242 -1.5885324283405566
2.8703792914572865 -1.5119996052033002
2.902895989949749 -1.4381936995872593
2.935412688442211 -1.366978209484671
2.9679293869346735 -1.2982827518540034
3.0004460854271358 -1.2321088919914018
3.032962783919598 -1.1685136940790244
3.0654794824120604 -1.1075776323173727
3.0979961809045227 -1.0493671238910451
3.130512879396985 -0.9939023225076085
3.1630295778894473 -0.9411383129595379
3.1955462763819096 -0.8909635323866496
3.228062974874372 -0.8432144696516843
3.260579673366834 -0.7977017222475524
3.2930963718592965 -0.7542401915237633
3.325613070351759 -0.7126759064050816
3.358129768844221 -0.6729034902034527
3.3906464673366834 -0.6348710350183637
3.4231631658291457 -0.5985723365894842
3.455679864321608 -0.5640292942314886
3.4881965628140703 -0.5312692031732809
3.5207132613065326 -0.5003023522983199
3.553229959798995 -0.47110478907893594
3.5857466582914572 -0.4436095879869413
3.6182633567839195 -0.4177078906708971
3.650780055276382 -0.3932588635889829
3.683296753768844 -0.37010597859466543
3.7158134522613064 -0.348095970025895
3.7483301507537687 -0.3270965904985701
3.780846849246231 -0.3070098333394071
3.8133635477386933 -0.28777842475648185
3.8458802462311557 -0.2693848359807589
3.878396944723618 -0.2518435208953633
3.9109136432160803 -0.2351882773567695
3.9434303417085426 -0.21945736814171823
3.975947040201005 -0.20467923140029143
4.008463738693467 -0.19086127879677406
4.0409804371859295 -0.17798353151067658
4.073497135678392 -0.1659978508992026
4.106013834170854 -0.1548324779386121
4.138530532663316 -0.14440068845681253
4.171047231155779 -0.13461174326846503
4.203563929648241 -0.1253820462944759
4.236080628140703 -0.11664453390045537
4.268597326633166 -0.10835475554051754
4.301114025125628 -0.10049277044652172
4.33363072361809 -0.09306075001495628
4.3661474221105525 -0.0860769076679162
4.398664120603015 -0.0795669604175373
4.431180819095477 -0.07355467545630745
4.463697517587939 -0.06805313057049034
4.496214216080402 -0.0630581248396993
4.528730914572864 -0.058544763214001705
4.561247613065326 -0.054467683387144916
4.593764311557789 -0.05076479088194219
4.626281010050251 -0.047363814593722964
4.658797708542713 -0.0441905729978771
4.6913144070351755 -0.04117760886697397
4.723831105527638 -0.038271833905128005
4.7563478040201 -0.035440016790403206
4.7888645025125625 -0.03267131071112317
4.821381201005025 -0.029976488271529433
4.853897899497487 -0.027384058113000265
4.886414597989949 -0.024933902454904455
4.918931296482412 -0.022669430962423576
4.951447994974874 -0.02062944521958343
4.983964693467336 -0.018840925464189695
5.016481391959799 -0.01731378987676635
5.048998090452261 -0.01603836488465049
5.081514788944723 -0.014985891560854725
5.1140314874371855 -0.014111940312204752
5.146548185929648 -0.013362179771661431
5.179064884422111 -0.012679607000791293
5.211581582914573 -0.012012142026037509
5.244098281407036 -0.01131944777910121
5.276614979899498 -0.01057796076906925
5.30913167839196 -0.009783388856021702
5.3416483768844225 -0.008950310356169666
5.374165075376885 -0.008108938607335858
5.406681773869347 -0.007299536156551767
5.439198472361809 -0.006565312456018546
5.471715170854272 -0.005944867793857611
5.504231869346734 -0.005465320480709579
5.536748567839196 -0.005137162126288786
5.569265266331659 -0.004951638836757866
5.601781964824121 -0.004881088298020586
5.634298663316583 -0.004882225831863707
5.6668153618090455 -0.00490192941595069
5.699332060301508 -0.004884689445646018
5.73184875879397 -0.004780621891768533
5.7643654572864325 -0.004552836207892597
5.796882155778895 -0.004183022421955229
5.829398854271357 -0.0036743698138934633
5.861915552763819 -0.0030513205525153353
5.894432251256282 -0.0023561408049204147
5.926948949748744 -0.0016427883453502545
5.959465648241206 -0.0009689925693692203
5.991982346733669 -0.0003877682524375814
6.024499045226131 6.029679076391403e-5
6.057015743718593 0.0003527364276578737
6.0895324422110555 0.0004879467242631108
6.122049140703518 0.0004845136689937135
6.15456583919598 0.00037724661586935326
6.187082537688442 0.00021061740005734464
6.219599236180905 3.078698034642002e-5
6.252115934673367 -0.00012231192567924154
6.284632633165829 -0.00022134574544452335
6.317149331658292 -0.0002551831132109328
6.349666030150754 -0.00022904130133838407
6.382182728643216 -0.0001611986899661133
6.4146994271356785 -7.705220792786349e-5
6.447216125628141 -1.935618797688221e-6
6.479732824120603 4.553184891165074e-5
6.5122495226130654 5.785271173408546e-5
6.544766221105528 3.9613884212030825e-5
6.57728291959799 4.713565942893183e-6
6.609799618090452 -2.9321689169137244e-5
6.642316316582915 -4.807920186067349e-5
6.674833015075377 -4.5640981170436135e-5
6.707349713567839 -2.639477810362223e-5
6.739866412060302 -2.222957618869259e-6
6.772383110552764 1.4041776523754379e-5
6.804899809045226 1.5880055059369624e-5
6.8374165075376885 6.812806930156512e-6
6.869933206030151 -2.7097542556475673e-6
6.902449904522613 -4.480222003167e-6
6.934966603015075 -5.853205493622227e-7
6.967483301507538 6.519757107525948e-7
7.0 0.0
