0.529177 -0.03489736556815615
0.5616936984924623 -0.025940798183796687
0.5942103969849246 0.01938814269806244
0.6267270954773869 0.029804302972877394
0.6592437939698492 -0.006176784253511869
0.6917604924623115 -0.02933949751388809
0.7242771909547738 -0.005184995853994678
0.7567938894472361 0.025836515933121973
0.7893105879396984 0.015188990736305641
0.8218272864321609 -0.0193183914126962
0.8543439849246232 -0.02374671141711815
0.8868606834170855 0.009120626923106556
0.9193773819095478 0.029785578835060278
0.9518940804020101 0.0056577148748715445
0.9844107788944724 -0.030761194158458238
1.0169274773869346 -0.025734724147866928
1.049444175879397 0.02166177624951615
1.0819608743718594 0.05244106774546253
1.1144775728643217 0.014362047351653473
1.146994271356784 -0.07882752624925615
1.1795109698492463 -0.16013923883809866
1.2120276683417086 -0.17415359711617384
1.244544366834171 -0.1245345365109074
1.2770610653266332 -0.06336102753482464
1.3095777638190955 -0.04213229023991971
1.3420944623115578 -0.07288216532765546
1.3746111608040201 -0.12760685146372452
1.4071278592964824 -0.16657071343030339
1.4396445577889447 -0.16713470074148518
1.472161256281407 -0.13323651072965959
1.5046779547738693 -0.08559391618172185
1.5371946532663316 -0.04537819881232963
1.569711351758794 -0.023413358485470326
1.6022280502512563 -0.0187996013812608
1.6347447487437186 -0.02378839793914267
1.6672614472361809 -0.029759893577534058
1.6997781457286432 -0.03105552317379079
1.7322948442211055 -0.02608282370312054
1.7648115427135678 -0.016566292678305672
1.79732824120603 -0.005972107240154401
1.8298449396984924 0.0022049926906220207
1.8623616381909547 0.005834936742303398
1.894878336683417 0.004851121702074579
1.9273950351758793 0.0010436683450620876
1.9599117336683418 -0.002925976833353161
1.9924284321608041 -0.004805805559783494
2.024945130653266 -0.003712312538596052
2.0574618291457285 -0.00034387374967081996
2.089978527638191 0.003569592948508671
2.122495226130653 0.006220048030968428
2.1550119246231154 0.006567118775592462
2.1875286231155777 0.004692542295572366
2.22004532160804 0.0015764955210215703
2.2525620201005023 -0.001501112632524837
2.2850787185929646 -0.003589625553672704
2.317595417085427 -0.0044294121798316155
2.3501121155778892 -0.004426606854167403
2.3826288140703515 -0.004320746446978774
2.4151455125628143 -0.004751009950950902
2.4476622110552766 -0.005936372924622901
2.480178909547739 -0.007597168635300022
2.512695608040201 -0.009117982978352757
2.5452123065326635 -0.00984725418339849
2.577729005025126 -0.00938723519436735
2.610245703517588 -0.007754388584885419
2.6427624020100504 -0.0053610328358217885
2.6752791005025127 -0.002847347873171202
2.707795798994975 -0.0008463971808509996
2.7403124974874373 0.00022245368694484569
2.7728291959798996 0.0002616383093254626
2.805345894472362 -0.0005183354681435048
2.8378625929648242 -0.001710808118730256
2.8703792914572865 -0.0028692923820585747
2.902895989949749 -0.0036486101117247927
2.935412688442211 -0.0038872143435924045
2.9679293869346735 -0.003615029053037233
3.0004460854271358 -0.0029991145141252673
3.032962783919598 -0.0022578587959856122
3.0654794824120604 -0.0015788013385531485
3.0979961809045227 -0.0010668449315858197
3.130512879396985 -0.0007338210821785651
3.1630295778894473 -0.0005239313615561514
3.1955462763819096 -0.0003581956895004623
3.228062974874372 -0.00017761933139581743
3.260579673366834 3.0956754301314504e-5
3.2930963718592965 0.0002332543666057063
3.325613070351759 0.00036713410247557476
3.358129768844221 0.00037294901341056175
3.3906464673366834 0.00022170820869860108
3.4231631658291457 -6.956324443763151e-5
3.455679864321608 -0.0004401138701268792
3.4881965628140703 -0.0008034929866198581
3.5207132613065326 -0.0010740697137521238
3.553229959798995 -0.0011925061122610714
3.5857466582914572 -0.0011418060427104137
3.6182633567839195 -0.0009493984053960958
3.650780055276382 -0.0006756722600016474
3.683296753768844 -0.0003937188998293095
3.7158134522613064 -0.00016740352833721772
3.7483301507537687 -3.472008870630816e-5
3.780846849246231 -9.89108343674161e-7
3.8133635477386933 -4.283930155679627e-5
3.8458802462311557 -0.00012036577305707397
3.878396944723618 -0.00019252916939649367
3.9109136432160803 -0.00023039346200448563
3.9434303417085426 -0.00022416779449940805
3.975947040201005 -0.00018258800560033706
4.008463738693467 -0.00012596616255677873
4.0409804371859295 -7.627662637332833e-5
4.073497135678392 -4.829319800592202e-5
4.106013834170854 -4.493382414239022e-5
4.138530532663316 -5.803674321214203e-5
4.171047231155779 -7.357530125773337e-5
4.203563929648241 -7.8670003915704e-5
4.236080628140703 -6.727486839963603e-5
4.268597326633166 -4.222885593208048e-5
4.301114025125628 -1.3086568174003332e-5
4.33363072361809 8.970728629265068e-6
4.3661474221105525 1.660156112848199e-5
4.398664120603015 9.548401123993244e-6
4.431180819095477 -5.788344481061358e-6
4.463697517587939 -2.0057422659647273e-5
4.496214216080402 -2.5907443273354147e-5
4.528730914572864 -2.152196003635254e-5
4.561247613065326 -1.0867154173865856e-5
4.593764311557789 -6.447923510677356e-7
4.626281010050251 4.095585381946876e-6
4.658797708542713 2.8585100722011703e-6
4.6913144070351755 -7.830732897673442e-7
4.723831105527638 -2.5969461603381205e-6
4.7563478040201 -1.2571141496664495e-6
4.7888645025125625 1.0361061981711828e-6
4.821381201005025 1.4953866411815397e-6
4.853897899497487 1.2916905234305887e-7
4.886414597989949 -6.633731004512811e-7
4.918931296482412 -6.625867854381795e-8
4.951447994974874 1.355992935714312e-7
4.983964693467336 -2.184486902478966e-8
5.016481391959799 0.0
5.048998090452261 0.0
5.081514788944723 0.0
5.1140314874371855 0.0
5.146548185929648 0.0
5.179064884422111 0.0
5.211581582914573 0.0
5.244098281407036 0.0
5.276614979899498 0.0
5.30913167839196 0.0
5.3416483768844225 0.0
5.374165075376885 0.0
5.406681773869347 0.0
5.439198472361809 0.0
5.471715170854272 0.0
5.504231869346734 0.0
5.536748567839196 0.0
5.569265266331659 0.0
5.601781964824121 0.0
5.634298663316583 0.0
5.6668153618090455 0.0
5.699332060301508 0.0
5.73184875879397 0.0
5.7643654572864325 0.0
5.796882155778895 0.0
5.829398854271357 0.0
5.861915552763819 0.0
5.894432251256282 0.0
5.926948949748744 0.0
5.959465648241206 0.0
5.991982346733669 0.0
6.024499045226131 0.0
6.057015743718593 0.0
6.0895324422110555 0.0
6.122049140703518 0.0
6.15456583919598 0.0
6.187082537688442 0.0
6.219599236180905 0.0
6.252115934673367 0.0
6.284632633165829 0.0
6.317149331658292 0.0
6.349666030150754 0.0
6.382182728643216 0.0
6.4146994271356785 0.0
6.447216125628141 0.0
6.479732824120603 0.0
6.5122495226130654 0.0
6.544766221105528 0.0
6.57728291959799 0.0
6.609799618090452 0.0
6.642316316582915 0.0
6.674833015075377 0.0
6.707349713567839 0.0
6.739866412060302 0.0
6.772383110552764 0.0
6.804899809045226 0.0
6.8374165075376885 0.0
6.869933206030151 0.0
6.902449904522613 0.0
6.934966603015075 0.0
6.967483301507538 0.0
7.0 0.0
