0.529177 0.016229540380891194
0.5616936984924623 -0.003562591338436505
0.5942103969849246 -0.015993612401757673
0.6267270954773869 -0.008291945305131776
0.6592437939698492 0.008174664989269331
0.6917604924623115 0.013350634018649998
0.7242771909547738 0.002075434481753291
0.7567938894472361 -0.011218878969657453
0.7893105879396984 -0.010468118894550571
0.8218272864321609 0.0032554193878695514
0.8543439849246232 0.013439641509307876
0.8868606834170855 0.007481416031396293
0.9193773819095478 -0.008551526240125895
0.9518940804020101 -0.0160904881391275
0.9844107788944724 -0.004452293424378695
1.0169274773869346 0.016150764911685656
1.049444175879397 0.02267717576700079
1.0819608743718594 0.0009732889815268209
1.1144775728643217 -0.039266261141278846
1.146994271356784 -0.07014093125224008
1.1795109698492463 -0.06718556530762498
1.2120276683417086 -0.02916237607422545
1.244544366834171 0.019486192460931306
1.2770610653266332 0.04481629521330888
1.3095777638190955 0.02584710132202872
1.3420944623115578 -0.03222532850782045
1.3746111608040201 -0.10175674406178814
1.4071278592964824 -0.14930847910932243
1.4396445577889447 -0.15392514173032623
1.472161256281407 -0.11655507579797586
1.5046779547738693 -0.05689250821950509
1.5371946532663316 -0.0014131905157341862
1.569711351758794 0.029762290459984797
1.6022280502512563 0.030546009907084226
1.6347447487437186 0.00861586802528791
1.6672614472361809 -0.020903540528593112
1.6997781457286432 -0.043544882871685786
1.7322948442211055 -0.05135925033550848
1.7648115427135678 -0.044535581039326644
1.79732824120603 -0.029165884318615554
1.8298449396984924 -0.013111897530734495
1.8623616381909547 -0.0022189910528709333
1.894878336683417 0.0016243206272861244
1.9273950351758793 0.0002524858900869731
1.9599117336683418 -0.002531229253293077
1.9924284321608041 -0.0031273805674345567
2.024945130653266 0.00025567670928694497
2.0574618291457285 0.007081412474008175
2.089978527638191 0.015016633366428778
2.122495226130653 0.021090119696964393
2.1550119246231154 0.022918048788085343
2.1875286231155777 0.01953721338162495
2.22004532160804 0.011625786039473951
2.2525620201005023 0.0011481889667379619
2.2850787185929646 -0.009356317985407259
2.317595417085427 -0.01755381879951301
2.3501121155778892 -0.02191662738806599
2.3826288140703515 -0.022003616974245688
2.4151455125628143 -0.018402828273792693
2.4476622110552766 -0.012418931420199897
2.480178909547739 -0.005640492585825996
2.512695608040201 0.00047587311303232127
2.5452123065326635 0.004903190835705118
2.577729005025126 0.007176514288119051
2.610245703517588 0.007365978419215935
2.6427624020100504 0.0059347692968003685
2.6752791005025127 0.003543634512254812
2.707795798994975 0.0008610594975948516
2.7403124974874373 -0.0015782396300210166
2.7728291959798996 -0.003446468714969342
2.805345894472362 -0.004629032267075672
2.8378625929648242 -0.005180857233142433
2.8703792914572865 -0.005256944176608158
2.902895989949749 -0.0050408582083605324
2.935412688442211 -0.004688880628464176
2.9679293869346735 -0.004298949592680401
3.0004460854271358 -0.003905065156004639
3.032962783919598 -0.0034914797428200472
3.0654794824120604 -0.0030176717980339163
3.0979961809045227 -0.0024447797684388206
3.130512879396985 -0.0017561381579866975
3.1630295778894473 -0.0009677554975269231
3.1955462763819096 -0.00012795237262253067
3.228062974874372 0.0006918784385447907
3.260579673366834 0.0014117747262503144
3.2930963718592965 0.0019588868225355327
3.325613070351759 0.002280778423994434
3.358129768844221 0.0023539436829196347
3.3906464673366834 0.002186530897859029
3.4231631658291457 0.001815548431636671
3.455679864321608 0.001299778107693328
3.4881965628140703 0.0007101381228835635
3.5207132613065326 0.00011933776971773113
3.553229959798995 -0.00040755764513278336
3.5857466582914572 -0.0008204558972693121
3.6182633567839195 -0.0010887646854484956
3.650780055276382 -0.001202902101795189
3.683296753768844 -0.0011729835625828855
3.7158134522613064 -0.001025184943387103
3.7483301507537687 -0.0007964860554352526
3.780846849246231 -0.0005286078804829231
3.8133635477386933 -0.000261979039862581
3.8458802462311557 -3.0506197106205946e-5
3.878396944723618 0.00014221789245993932
3.9109136432160803 0.0002448498477178873
3.9434303417085426 0.00027822829230217394
3.975947040201005 0.00025345735605242226
4.008463738693467 0.0001885794489453474
4.0409804371859295 0.00010449545402479998
4.073497135678392 2.089957905582196e-5
4.106013834170854 -4.7035073805545835e-5
4.138530532663316 -9.065877844705028e-5
4.171047231155779 -0.0001082634486238021
4.203563929648241 -0.00010399192365184717
4.236080628140703 -8.564104939523531e-5
4.268597326633166 -6.199185406785546e-5
4.301114025125628 -4.037358127106927e-5
4.33363072361809 -2.5060971381662966e-5
4.3661474221105525 -1.68388056636104e-5
4.398664120603015 -1.3712788017983257e-5
4.431180819095477 -1.2401277160734026e-5
4.463697517587939 -1.001389591692714e-5
4.496214216080402 -5.290149431402824e-6
4.528730914572864 1.0425223422316776e-6
4.561247613065326 6.8762422529289324e-6
4.593764311557789 9.975427929020952e-6
4.626281010050251 9.258687327928783e-6
4.658797708542713 5.4523044923371344e-6
4.6913144070351755 7.343381867030985e-7
4.723831105527638 -2.490074678007659e-6
4.7563478040201 -3.000747426540329e-6
4.7888645025125625 -1.442209168089903e-6
4.821381201005025 3.1173601655609673e-7
4.853897899497487 7.790493441461877e-7
4.886414597989949 1.4184644214765285e-7
4.918931296482412 -2.7519388368091313e-7
4.951447994974874 -3.091167855018284e-8
4.983964693467336 1.3530211617762689e-8
5.016481391959799 0.0
5.048998090452261 0.0
5.081514788944723 0.0
5.1140314874371855 0.0
5.146548185929648 0.0
5.179064884422111 0.0
5.211581582914573 0.0
5.244098281407036 0.0
5.276614979899498 0.0
5.30913167839196 0.0
5.3416483768844225 0.0
5.374165075376885 0.0
5.406681773869347 0.0
5.439198472361809 0.0
5.471715170854272 0.0
5.504231869346734 0.0
5.536748567839196 0.0
5.569265266331659 0.0
5.601781964824121 0.0
5.634298663316583 0.0
5.6668153618090455 0.0
5.699332060301508 0.0
5.73184875879397 0.0
5.7643654572864325 0.0
5.796882155778895 0.0
5.829398854271357 0.0
5.861915552763819 0.0
5.894432251256282 0.0
5.926948949748744 0.0
5.959465648241206 0.0
5.991982346733669 0.0
6.024499045226131 0.0
6.057015743718593 0.0
6.0895324422110555 0.0
6.122049140703518 0.0
6.15456583919598 0.0
6.187082537688442 0.0
6.219599236180905 0.0
6.252115934673367 0.0
6.284632633165829 0.0
6.317149331658292 0.0
6.349666030150754 0.0
6.382182728643216 0.0
6.4146994271356785 0.0
6.447216125628141 0.0
6.479732824120603 0.0
6.5122495226130654 0.0
6.544766221105528 0.0
6.57728291959799 0.0
6.609799618090452 0.0
6.642316316582915 0.0
6.674833015075377 0.0
6.707349713567839 0.0
6.739866412060302 0.0
6.772383110552764 0.0
6.804899809045226 0.0
6.8374165075376885 0.0
6.869933206030151 0.0
6.902449904522613 0.0
6.934966603015075 0.0
6.967483301507538 0.0
7.0 0.0
