-9.5332338366191731
5.6547078105655082
3.4381590824430579
-3.1251693145266954
1.6205862922322505
-2.8960223800752347
-0.0021157850945890
-0.0130376177515457
-1.1524213855872341
2.0371099421308365
-0.6257437080470519
1.8908774483628001
0.7717296449665842
0.3772427274443462
1.8620461033752940
-0.8887250362600904
1.9644324273540099
-1.1961845315324540
1.2896798349644483
-0.8091587113160993
0.5334689851216684
-0.3266932262796343
0.1101153876723758
-0.0680298793479474
-0.0000000000007696
0.0000000000019633
-0.0000000000017000
-0.0000000000001874
0.0000000000012750
-0.0000000000003285
0.0000000000033211
-0.0000000000006394
-0.0000000000009371
0.0000000000033265
-0.0000000000028188
-0.0000000000031537
0.0000000000054258
-0.0000000000012788
-0.0000000000010423
0.0000000000034200
0.0000000000047790
0.0000000000032197
-0.0000000000010932
-0.0000000000078704
0.0000000000069805
-0.0000000000068428
0.0000000000008611
0.0000000000053184
-0.0000000000065114
0.0000000000001755
0.0000000000004910
-0.0000000000047236
0.0000000000078338
0.0000000000035052
-0.0000000000104076
0.0000000000048387
0.0000000000028933
-0.0000000000044737
0.0000000000042037
0.0000000000183692
-0.0000000000087973
0.0000000000108036
0.0000000000016526
-0.0000000000131028
0.0000000000110011
-0.0000000000100432
-0.0000000000042161
0.0000000000082956
-0.0000000000153478
-0.0000000000068230
0.0000000000084310
-0.0000000000063976
-0.0000000000333773
0.0000000000341536
-0.0000000000217965
-0.0000000000059516
0.0000000000214422
-0.0000000000302388
0.0000000000086717
0.0000000000172766
-0.0000000000248221
0.0000000000073015
0.0000000000384627
-0.0000000000341556
0.0000000000210800
0.0000000000114018
-0.0000000000226615
0.0000000000298394
-0.0000000000112781
-0.0000000000402440
0.0000000000337562
-0.0000000000229231
-0.0000000000042100
0.0000000000318456
-0.0000000000000938
0.0000000000011337
0.0000000000014223
-0.0000000000016891
0.0000000000032043
-0.0000000000034253
-0.0000000000051550
0.0000000000062396
-0.0000000000037767
-0.0000000000044845
0.0000000000034490
-0.0000000000001224
0.0000000000062078
0.0000000000021723
-0.0000000000064532
-0.0000000000017378
-0.0000000000159068
0.0000000000101435
0.0000000000004729
-0.0000000000105611
0.0000000000115704
-0.0000000000063053
-0.0000000000065844
0.0000000000163942
-0.0000000000119174
-0.0000000000085721
0.0000000000155775
0.0000000000002290
0.0000000000087470
0.0000000000029192
0.0000000000195546
-0.0000000000110097
-0.0000000000091375
0.0000000000098622
-0.0000000000178211
0.0000000000120583
0.0000000000164188
-0.0000000000246565
0.0000000000094032
0.0000000000289477
-0.0000000000128212
-0.0000000000808718
0.0000000000316934
0.0000000000054669
-0.0000000000389636
0.0000000000441187
-0.0000000000139298
-0.0000000000440608
0.0000000000444638
0.0000000000730070
-0.0000000000388836
-0.0000000000110999
0.0000000000433694
-0.0000000000452452
-0.0000000000720186
0.0000000000368530
0.0000000000029543
0.0000000000014364
0.0000000000044948
-0.0000000000075137
0.0000000000017231
0.0000000000074483
-0.0000000000094069
-0.0000000000062477
0.0000000000094059
-0.0000000000094963
-0.0000000000013571
0.0000000000006880
0.0000000000037969
0.0000000000047636
-0.0000000000054726
-0.0000000000113305
-0.0000000000038915
0.0000000000188712
-0.0000000000146261
0.0000000000047863
0.0000000000246979
-0.0000000000246881
-0.0000000000127684
0.0000000000219092
-0.0000000000165717
0.0000000000032251
0.0000000000044214
-0.0000000000008713
0.0000000000048850
-0.0000000000208627
0.0000000000198024
-0.0000000000066652
-0.0000000000246580
0.0000000000380956
0.0000000000143186
-0.0000000000344262
-0.0000000000341663
-0.0000000000101237
0.0000000000399767
-0.0000000000435324
0.0000000000017502
0.0000000000552999
0.0000000000438074
0.0000000000106080
-0.0000000000417781
0.0000000000071648
-0.0000000000075775
0.0000000000069270
0.0000000000055487
-0.0000000000138402
0.0000000000060961
0.0000000000024167
-0.0000000000140933
0.0000000000123737
0.0000000000042586
-0.0000000000076867
0.0000000000053937
0.0000000000035828
0.0000000000114431
-0.0000000000119809
0.0000000000071864
0.0000000000131107
-0.0000000000216304
0.0000000000037809
0.0000000000079818
-0.0000000000158479
0.0000000000110105
0.0000000000086920
-0.0000000000150322
0.0000000000105484
-0.0000000000098766
-0.0000000000117033
0.0000000000263546
-0.0000000000115662
-0.0000000000055993
0.0000000000146922
-0.0000000000149268
0.0000000000008808
0.0000000000108080
-0.0000000000336472
0.0000000000090054
0.0000000000052095
-0.0000000000081681
0.0000000000021985
0.0000000000002157
-0.0000000000089422
0.0000000000051879
-0.0000000000013202
-0.0000000000019575
0.0000000000118413
-0.0000000000007883
0.0000000000058694
0.0000000000140739
-0.0000000000166946
0.0000000000016309
0.0000000000071660
-0.0000000000145745
0.0000000000060596
0.0000000000072241
-0.0000000000144751
-0.0000000000154309
0.0000000000200402
0.0000000000039703
-0.0000000000023876
-0.0000000000242407
0.0000000000379663
-0.0000000000088277
0.0000000000026360
0.0000000000096686
-0.0000000000106600
-0.0000000000018615
0.0000000000069596
-0.0000000000099153
0.0000000000047113
0.0000000000004554
-0.0000000000314092
-0.0000000000003811
0.0000000000176654
-0.0000000000298359
0.0000000000007424
0.0000000000183963
0.0000000000395748
-0.0000000000090748
-0.0000000000200805
0.0000000000099076
-0.0000000000177605
0.0000000000105356
0.0000000000064571
-0.0000000000199465
0.0000000000131747
0.0000000000014565
0.0000000000217613
-0.0000000000243158
0.0000000000193150
0.0000000000141666
-0.0000000000255655
0.0000000000113318
0.0000000000036353
-0.0000000000160672
0.0000000000152321
-0.0000000000099509
0.0000000000108005
0.0000000000046860
-0.0000000000130114
0.0000000000179193
0.0000000000012930
-0.0000000000003536
-0.0000000000019996
0.0000000000013381
-0.0000000000007219
-0.0000000000002896
0.0000000000007304
-0.0000000000000181
-0.0000000000003566
-0.0000000000010338
0.0000000000013523
0.0000000000028054
-0.0000000000014126
0.0000000000003377
0.0000000000027651
-0.0000000000009831
-0.0000000000031740
0.0000000000030502
-0.0000000000017283
0.0000000000000465
0.0000000000016391
-0.0000000000010337
-0.0000000000000328
-0.0000000000000286
0.0000000000013512
0.0000000000038357
-0.0000000000014273
0.0000000000072215
-0.0000000000044638
0.0000000000035501
-0.0000000000002009
-0.0000000000031828
0.0000000000028179
-0.0000000000023443
-0.0000000000026138
-0.0000000000121817
0.0000000000091148
-0.0000000000053238
-0.0000000000019720
0.0000000000053045
0.0000000000124180
-0.0000000000084037
-0.0000000000014164
0.0000000000007190
-0.0000000000000916
0.0000000000002050
0.0000000000013627
-0.0000000000017626
-0.0000000000003234
0.0000000000008280
-0.0000000000023607
0.0000000000002421
0.0000000000005602
-0.0000000000016786
-0.0000000000054016
0.0000000000032583
-0.0000000000001146
-0.0000000000040395
0.0000000000032336
-0.0000000000036288
-0.0000000000017373
0.0000000000047251
-0.0000000000051583
0.0000000000076050
-0.0000000000035675
-0.0000000000013439
0.0000000000037911
-0.0000000000043780
0.0000000000032540
-0.0000000000213433
0.0000000000106832
0.0000000000000765
-0.0000000000014060
-0.0000000000000985
0.0000000000009565
-0.0000000000029845
0.0000000000023863
0.0000000000019831
-0.0000000000037571
0.0000000000003122
0.0000000000030706
-0.0000000000017607
-0.0000000000044163
0.0000000000007510
0.0000000000036514
-0.0000000000043849
0.0000000000031121
0.0000000000072510
-0.0000000000070839
0.0000000000056218
-0.0000000000017888
-0.0000000000052123
0.0000000000089972
-0.0000000000150586
0.0000000000005165
-0.0000000000020444
0.0000000000027433
0.0000000000005149
-0.0000000000040195
0.0000000000024211
0.0000000000011609
-0.0000000000028541
0.0000000000017232
-0.0000000000037452
0.0000000000044709
0.0000000000015121
-0.0000000000062829
-0.0000000000003013
0.0000000000048003
0.0000000000034979
0.0000000000015880
-0.0000000000031219
0.0000000000019219
-0.0000000000000753
-0.0000000000021106
0.0000000000023586
0.0000000000035683
-0.0000000000040468
-0.0000000000047860
0.0000000000023373
0.0000000000015761
-0.0000000000035667
-0.0000000000104718
0.0000000000015173
-0.0000000000047495
0.0000000000074926
0.0000000000047401
-0.0000000000063270
-0.0000000000018349
0.0000000000034849
-0.0000000000006770
-0.0000000000008856
0.0000000000021942
-0.0000000000059183
-0.0000000000016074
0.0000000000042094
0.0000000000006978
-0.0000000000006155
-0.0000000000003847
-0.0000000000031090
-0.0000000000017283
0.0000000000036857
-0.0000000000016784
-0.0000000000088927
-0.0000000000060860
0.0000000000109170
0.0000000000031332
-0.0000000000060138
0.0000000000020841
-0.0000000000013244
-0.0000000000024495
0.0000000000050333
0.0000000000039179
-0.0000000000006967
0.0000000000002836
0.0000000000131400
0.0000000000099977
-0.0000000000136241
-0.0000000000047622
-0.0000000000019366
0.0000000000058228
-0.0000000000118388
-0.0000000000017607
0.0000000000027794
-0.0000000000008598
-0.0000000000044778
0.0000000000045102
-0.0000000000028524
-0.0000000000024720
0.0000000000059182
-0.0000000000032495
0.0000000000060931
0.0000000000028446
-0.0000000000067489
-0.0000000000008129
-0.0000000000000148
-0.0000000000021592
0.0000000000055721
0.0000000000030569
-0.0000000000074319
-0.0000000000040558
0.0000000000047656
-0.0000000000027962
0.0000000000056494
-0.0000000000040529
-0.0000000000119260
-0.0000000000061898
0.0000000000094622
0.0000000000017695
0.0000000000024127
0.0000000000046464
-0.0000000000076805
0.0000000000014036
0.0000000000103824
0.0000000000013112
-0.0000000000026162
0.0000000000009011
0.0000000000032876
-0.0000000000059042
0.0000000000037268
0.0000000000060017
-0.0000000000070756
0.0000000000049218
0.0000000000003976
-0.0000000000007423
0.0000000000038092
-0.0000000000072028
-0.0000000000058955
0.0000000000093324
0.0000000000040950
0.0000000000071291
-0.0000000000065844
-0.0000000000082056
-0.0000000000004391
-0.0000000000068467
0.0000000000090822
0.0000000000004195
-0.0000000000029778
0.0000000000040100
0.0000000000015382
-0.0000000000064853
-0.0000000000006075
-0.0000000000048948
0.0000000000049409
0.0000000000048732
0.0000000000009528
-0.0000000000067545
0.0000000000065654
0.0000000000017517
0.0000000000040449
-0.0000000000047256
0.0000000000037255
-0.0000000000048917
-0.0000000000086918
-0.0000000000197410
0.0000000000183177
-0.0000000000066751
0.0000000000120693
-0.0000000000197007
0.0000000000036307
-0.0000000000057823
0.0000000000001695
-0.0000000000032158
-0.0000000000035819
0.0000000000047649
0.0000000000039385
-0.0000000000024664
0.0000000000013113
0.0000000000212294
0.0000000000115351
-0.0000000000159789
-0.0000000000068287
-0.0000000000010143
0.0000000000049350
-0.0000000000108598
0.0000000000052198
-0.0000000000052229
-0.0000000000005141
0.0000000000039054
-0.0000000000060666
0.0000000000075444
0.0000000000128687
-0.0000000000150820
-0.0000000000071372
0.0000000000121483
0.0000000000005291
0.0000000000011920
0.0000000000051375
-0.0000000000077593
0.0000000000057361
-0.0000000000135123
-0.0000000000039968
0.0000000000072339
-0.0000000000019532
-0.0000000000007148
0.0000000000031059
-0.0000000000055802
0.0000000000053086
0.0000000000109144
0.0000000000023278
0.0000000000056396
-0.0000000000020633
-0.0000000000049123
0.0000000000080386
0.0000000000102503
-0.0000000000121889
-0.0000000000016015
-0.0000000000064646
0.0000000000104135
-0.0000000000123626
-0.0000000000007152
-0.0000000000052140
0.0000000000084339
0.0000000000000384
0.0000000000051537
-0.0000000000011545
0.0000000000063988
0.0000000000053084
0.0000000000147845
-0.0000000000181116
-0.0000000000095688
-0.0000000000014275
0.0000000000076902
-0.0000000000143227
-0.0000000000153836
0.0000000000106064
0.0000000000025477
-0.0000000000133805
0.0000000000100491
0.0000000000019699
0.0000000000104520
0.0000000000019210
0.0000000000095337
0.0000000000005289
-0.0000000000111331
-0.0000000000106385
-0.0000000000142698
0.0000000000036682
-0.0000000000004909
0.0000000000007641
0.0000000000020897
-0.0000000000044108
0.0000000000013352
0.0000000000022669
-0.0000000000052016
0.0000000000028657
0.0000000000039294
-0.0000000000041695
0.0000000000113208
-0.0000000000038820
0.0000000000014372
0.0000000000046665
-0.0000000000068583
0.0000000000035607
0.0000000000042462
-0.0000000000096034
-0.0000000000128629
0.0000000000054354
-0.0000000000002110
-0.0000000000055780
0.0000000000129365
0.0000000000351538
-0.0000000000183786
0.0000000000015923
0.0000000000003770
-0.0000000000031775
0.0000000000040406
-0.0000000000016851
-0.0000000000040421
0.0000000000043162
-0.0000000000010519
-0.0000000000040873
0.0000000000079559
0.0000000000017745
-0.0000000000072548
0.0000000000091831
-0.0000000000028057
-0.0000000000118612
-0.0000000000082044
-0.0000000000029989
0.0000000000113599
-0.0000000000041563
0.0000000000039054
-0.0000000000013773
-0.0000000000021192
0.0000000000056991
-0.0000000000041728
-0.0000000000018609
-0.0000000000076773
0.0000000000073649
-0.0000000000021094
-0.0000000000043421
0.0000000000045048
-0.0000000000024681
-0.0000000000015043
0.0000000000053417
-0.0000000000026661
-0.0000000000005543
-0.0000000000017969
-0.0000000000051774
0.0000000000057292
-0.0000000000022981
-0.0000000000023413
-0.0000000000028290
-0.0000000000157733
-0.0000000000072615
0.0000000000154861
0.0000000000023072
-0.0000000000057725
0.0000000000049219
-0.0000000000126181
-0.0000000000127900
0.0000000000215593
0.0000000000066528
0.0000000000059750
-0.0000000000148348
0.0000000000207928
0.0000000000086352
-0.0000000000143272
-0.0000000000009906
-0.0000000000039586
0.0000000000135612
-0.0000000000155773
0.0000000000041474
-0.0000000000003329
-0.0000000000062751
0.0000000000082639
-0.0000000000011008
-0.0000000000104235
-0.0000000000071334
0.0000000000004660
-0.0000000000029772
-0.0000000000076159
0.0000000000123639
0.0000000000093118
-0.0000000000029296
-0.0000000000096256
-0.0000000000024409
0.0000000000110628
-0.0000000000056205
0.0000000000081705
-0.0000000000027952
-0.0000000000032070
0.0000000000061536
0.0000000000082554
-0.0000000000041951
-0.0000000000034331
-0.0000000000018899
-0.0000000000048047
-0.0000000000036256
0.0000000000328008
0.0000000000103045
-0.0000000000135462
-0.0000000000005527
-0.0000000000128798
0.0000000000138658
-0.0000000000154884
-0.0000000000050205
-0.0000000000014317
0.0000000000071266
-0.0000000000145648
-0.0000000000000842
0.0000000000149882
-0.0000000000035027
0.0000000000097774
0.0000000000055124
0.0000000000108627
-0.0000000000243644
-0.0000000000004317
-0.0000000000031336
0.0000000000060089
-0.0000000000037687
-0.0000000000018389
0.0000000000082627
-0.0000000000081518
0.0000000000023211
-0.0000000000031565
-0.0000000000052118
0.0000000000113065
-0.0000000000056856
-0.0000000000009896
0.0000000000009064
0.0000000000062445
0.0000000000084815
-0.0000000000034819
0.0000000000008000
0.0000000000043034
-0.0000000000061085
0.0000000000021850
0.0000000000128441
-0.0000000000059739
0.0000000000007923
0.0000000000021092
0.0000000000035013
-0.0000000000042024
0.0000000000008093
-0.0000000000005726
-0.0000000000029503
0.0000000000003560
0.0000000000030260
-0.0000000000085697
0.0000000000104817
0.0000000000130275
-0.0000000000092462
-0.0000000000002543
0.0000000000079423
0.0000000000086566
-0.0000000000064526
-0.0000000000003083
-0.0000000000054840
0.0000000000003474
0.0000000000006183
0.0000000000109680
-0.0000000000096833
0.0000000000036148
0.0000000000040880
-0.0000000000045144
0.0000000000024338
-0.0000000000109803
0.0000000000011890
0.0000000000010548
-0.0000000000014880
0.0000000000010244
-0.0000000000009146
0.0000000000037998
-0.0000000000018056
-0.0000000000010095
