0.529177 0.0341206134852996
0.5616936984924623 -0.02454499746198735
0.5942103969849246 -0.032566073281543595
0.6267270954773869 0.013351101113585173
0.6592437939698492 0.030117444584277564
0.6917604924623115 -0.005405966802243256
0.7242771909547738 -0.027795042029140404
0.7567938894472361 -0.0011801353191458475
0.7893105879396984 0.025594589596721562
0.8218272864321609 0.007602310850813865
0.8543439849246232 -0.022992619891510913
0.8868606834170855 -0.014638119714334152
0.9193773819095478 0.018999284775247816
0.9518940804020101 0.02272223983885624
0.9844107788944724 -0.011995904816046732
1.0169274773869346 -0.03189781125331592
1.049444175879397 -0.0005588274152614758
1.0819608743718594 0.043036709562329634
1.1144775728643217 0.025419582428526155
1.146994271356784 -0.0754220351565209
1.1795109698492463 -0.20326642171858111
1.2120276683417086 -0.2802083191695033
1.244544366834171 -0.277114333374584
1.2770610653266332 -0.22691997518040807
1.3095777638190955 -0.18080754260074627
1.3420944623115578 -0.16123927353663703
1.3746111608040201 -0.15441649495363663
1.4071278592964824 -0.13712630632227274
1.4396445577889447 -0.1037172779652451
1.472161256281407 -0.06895645706157438
1.5046779547738693 -0.05081952684292901
1.5371946532663316 -0.053594446914189575
1.569711351758794 -0.06585436670337685
1.6022280502512563 -0.07160836640184698
1.6347447487437186 -0.06273760403900042
1.6672614472361809 -0.04293454002481667
1.6997781457286432 -0.022375023280176265
1.7322948442211055 -0.009337647338668376
1.7648115427135678 -0.005417050290247971
1.79732824120603 -0.006568363081328243
1.8298449396984924 -0.007570409641232345
1.8623616381909547 -0.005887549710962503
1.894878336683417 -0.002494681414759725
1.9273950351758793 2.790846031075489e-5
1.9599117336683418 7.605327471083001e-5
1.9924284321608041 -0.0016873586240535587
2.024945130653266 -0.0029605251123143717
2.0574618291457285 -0.0015776365105466539
2.089978527638191 0.0029237263412937864
2.122495226130653 0.008919014464993325
2.1550119246231154 0.013595395677270972
2.1875286231155777 0.01447583821010312
2.22004532160804 0.010670601288836679
2.2525620201005023 0.0032443130210140225
2.2850787185929646 -0.005367214344971671
2.317595417085427 -0.01248424112475277
2.3501121155778892 -0.016264825432074304
2.3826288140703515 -0.016279256157929467
2.4151455125628143 -0.013425350834950223
2.4476622110552766 -0.009343919145237578
2.480178909547739 -0.005669176016397159
2.512695608040201 -0.0034449205402893313
2.5452123065326635 -0.0028977569345443044
2.577729005025126 -0.0035734283986812443
2.610245703517588 -0.004697810421930626
2.6427624020100504 -0.0055685330449932735
2.6752791005025127 -0.0058171597225396
2.707795798994975 -0.005470369540603315
2.7403124974874373 -0.00483403559820772
2.7728291959798996 -0.004287894173444329
2.805345894472362 -0.004093645321063377
2.8378625929648242 -0.004291406825188915
2.8703792914572865 -0.004708946682626447
2.902895989949749 -0.005059161456301808
2.935412688442211 -0.005071834222405869
2.9679293869346735 -0.004602536104584942
3.0004460854271358 -0.003680301254007645
3.032962783919598 -0.002485087242746431
3.0654794824120604 -0.0012733045725781267
3.0979961809045227 -0.00028551372622587223
3.130512879396985 0.00032868592506929417
3.1630295778894473 0.000545086008457929
3.1955462763819096 0.0004528707613644656
3.228062974874372 0.0002072043544671942
3.260579673366834 -3.232400337083163e-5
3.2930963718592965 -0.00015470451035071164
3.325613070351759 -0.00012566141089109806
3.358129768844221 1.4558837449385464e-5
3.3906464673366834 0.0001783842159852611
3.4231631658291457 0.00027029051352656097
3.455679864321608 0.00022345376203247724
3.4881965628140703 2.1869896102089115e-5
3.5207132613065326 -0.00029740743320871843
3.553229959798995 -0.0006600165660302082
3.5857466582914572 -0.0009805510771343506
3.6182633567839195 -0.0011894904671976292
3.650780055276382 -0.001252081753193579
3.683296753768844 -0.0011742249180883846
3.7158134522613064 -0.0009952472387340094
3.7483301507537687 -0.0007716519550626799
3.780846849246231 -0.0005582356037621139
3.8133635477386933 -0.00039289986381163544
3.8458802462311557 -0.00028937888572500015
3.878396944723618 -0.00023891521840369023
3.9109136432160803 -0.00021883098276020974
3.9434303417085426 -0.0002039611595137103
3.975947040201005 -0.00017656237287155818
4.008463738693467 -0.00013150033618103407
4.0409804371859295 -7.565776496676335e-5
4.073497135678392 -2.2737367203262693e-5
4.106013834170854 1.3837819494710857e-5
4.138530532663316 2.68746018150523e-5
4.171047231155779 1.799283597847534e-5
4.203563929648241 -3.783483521146991e-6
4.236080628140703 -2.6378626330370025e-5
4.268597326633166 -3.981715258305485e-5
4.301114025125628 -3.990900017925014e-5
4.33363072361809 -2.9036304795226897e-5
4.3661474221105525 -1.3997888061112462e-5
4.398664120603015 -2.182055823141127e-6
4.431180819095477 1.998966126848245e-6
4.463697517587939 -1.2486064520089712e-6
4.496214216080402 -7.984477235822851e-6
4.528730914572864 -1.3231046409600822e-5
4.561247613065326 -1.3861730224107305e-5
4.593764311557789 -1.0051922572529293e-5
4.626281010050251 -4.581900270750339e-6
4.658797708542713 -6.232152145457803e-7
4.6913144070351755 4.0612741258883034e-7
4.723831105527638 -5.677313197338663e-7
4.7563478040201 -1.5353577396126639e-6
4.7888645025125625 -1.3212630278758297e-6
4.821381201005025 -3.9050223676895257e-7
4.853897899497487 1.4591233821192873e-7
4.886414597989949 3.6646895296144066e-8
4.918931296482412 -8.344221669176477e-8
4.951447994974874 -1.6461854102090001e-9
4.983964693467336 6.015170583850704e-10
5.016481391959799 0.0
5.048998090452261 0.0
5.081514788944723 0.0
5.1140314874371855 0.0
5.146548185929648 0.0
5.179064884422111 0.0
5.211581582914573 0.0
5.244098281407036 0.0
5.276614979899498 0.0
5.30913167839196 0.0
5.3416483768844225 0.0
5.374165075376885 0.0
5.406681773869347 0.0
5.439198472361809 0.0
5.471715170854272 0.0
5.504231869346734 0.0
5.536748567839196 0.0
5.569265266331659 0.0
5.601781964824121 0.0
5.634298663316583 0.0
5.6668153618090455 0.0
5.699332060301508 0.0
5.73184875879397 0.0
5.7643654572864325 0.0
5.796882155778895 0.0
5.829398854271357 0.0
5.861915552763819 0.0
5.894432251256282 0.0
5.926948949748744 0.0
5.959465648241206 0.0
5.991982346733669 0.0
6.024499045226131 0.0
6.057015743718593 0.0
6.0895324422110555 0.0
6.122049140703518 0.0
6.15456583919598 0.0
6.187082537688442 0.0
6.219599236180905 0.0
6.252115934673367 0.0
6.284632633165829 0.0
6.317149331658292 0.0
6.349666030150754 0.0
6.382182728643216 0.0
6.4146994271356785 0.0
6.447216125628141 0.0
6.479732824120603 0.0
6.5122495226130654 0.0
6.544766221105528 0.0
6.57728291959799 0.0
6.609799618090452 0.0
6.642316316582915 0.0
6.674833015075377 0.0
6.707349713567839 0.0
6.739866412060302 0.0
6.772383110552764 0.0
6.804899809045226 0.0
6.8374165075376885 0.0
6.869933206030151 0.0
6.902449904522613 0.0
6.934966603015075 0.0
6.967483301507538 0.0
7.0 0.0
