0.529177 97.88904360044427
0.5616936984924623 81.72193844778121
0.5942103969849246 67.62026231435806
0.6267270954773869 55.30384658749966
0.6592437939698492 44.61619075154999
0.6917604924623115 35.4205846476093
0.7242771909547738 27.565344353604303
0.7567938894472361 20.889755940946827
0.7893105879396984 15.242247301015027
0.8218272864321609 10.492277555416251
0.8543439849246232 6.530323010009397
0.8868606834170855 3.259853464299738
0.9193773819095478 0.5885865716035141
0.9518940804020101 -1.5755032248615066
0.9844107788944724 -3.322059721177709
1.0169274773869346 -4.732304571720931
1.049444175879397 -5.872757091893277
1.0819608743718594 -6.7917640181627235
1.1144775728643217 -7.520102765586557
1.146994271356784 -8.075094753147539
1.1795109698492463 -8.46654504631698
1.2120276683417086 -8.702611959737851
1.244544366834171 -8.794185312967272
1.2770610653266332 -8.757121401743802
1.3095777638190955 -8.612396274866569
1.3420944623115578 -8.384700209630068
1.3746111608040201 -8.100169009740455
1.4071278592964824 -7.783900334851751
1.4396445577889447 -7.457740130770958
1.472161256281407 -7.1386351190198525
1.5046779547738693 -6.837685146630918
1.5371946532663316 -6.5599113428107785
1.569711351758794 -6.304677523536327
1.6022280502512563 -6.0666505918864
1.6347447487437186 -5.837150686775033
1.6672614472361809 -5.60571955179978
1.6997781457286432 -5.3617270686511915
1.7322948442211055 -5.095843879326139
1.7648115427135678 -4.801233769020769
1.79732824120603 -4.4743609801492426
1.8298449396984924 -4.115359508882079
1.8623616381909547 -3.72796619512917
1.894878336683417 -3.319069205967992
1.9273950351758793 -2.8979618236074884
1.9599117336683418 -2.4754142523096903
1.9924284321608041 -2.0626823187940317
2.024945130653266 -1.6705629750625235
2.0574618291457285 -1.308585894095586
2.089978527638191 -0.9844026991439705
2.122495226130653 -0.7034051648733453
2.1550119246231154 -0.4685751888385994
2.1875286231155777 -0.2805455401951349
2.22004532160804 -0.13783320325643444
2.2525620201005023 -0.037197195599731
2.2850787185929646 0.02593031148813907
2.317595417085427 0.056988006063591
2.3501121155778892 0.06184601435177228
2.3826288140703515 0.04641486595431843
2.4151455125628143 0.01632401364497582
2.4476622110552766 -0.023319300743480653
2.480178909547739 -0.06808916593365666
2.512695608040201 -0.11432369300507617
2.5452123065326635 -0.15914197871296665
2.577729005025126 -0.200409019665301
2.610245703517588 -0.23666332553318625
2.6427624020100504 -0.26702149376052375
2.6752791005025127 -0.2910723890328768
2.707795798994975 -0.30877124461301264
2.7403124974874373 -0.32034135770106786
2.7728291959798996 -0.3261884085289921
2.805345894472362 -0.3268300331494629
2.8378625929648242 -0.32284127950953234
2.8703792914572865 -0.31481505493570694
2.902895989949749 -0.30333564519895617
2.935412688442211 -0.2889628158016535
2.9679293869346735 -0.27222382630486663
3.0004460854271358 -0.2536108110782038
3.032962783919598 -0.23358131181282715
3.0654794824120604 -0.2125601999462674
3.0979961809045227 -0.19094172386689934
3.130512879396985 -0.1690908952886616
3.1630295778894473 -0.14734384799061218
3.1955462763819096 -0.12600713390844476
3.228062974874372 -0.10535615549281374
3.260579673366834 -0.08563307106027196
3.2930963718592965 -0.06704456266260195
3.325613070351759 -0.04975984086377139
3.358129768844221 -0.033909197688672066
3.3906464673366834 -0.019583328029170843
3.4231631658291457 -0.006833539231195118
3.455679864321608 0.004327126619386945
3.4881965628140703 0.013921912223338495
3.5207132613065326 0.022007617341785135
3.553229959798995 0.028671266291098618
3.5857466582914572 0.03402632110976356
3.6182633567839195 0.03820857932970512
3.650780055276382 0.041371870182445036
3.683296753768844 0.0436836311399702
3.7158134522613064 0.045320414647846974
3.7483301507537687 0.04646334865810786
3.780846849246231 0.04729355860496298
3.8133635477386933 0.04798755548654299
3.8458802462311557 0.04871260544962297
3.878396944723618 0.049622119498508255
3.9109136432160803 0.0508511347167655
3.9434303417085426 0.05251199637018544
3.975947040201005 0.05469038822241146
4.008463738693467 0.057441890760912884
4.0409804371859295 0.06078926842445753
4.073497135678392 0.06472069273564784
4.106013834170854 0.06918909513757399
4.138530532663316 0.07411280962924138
4.171047231155779 0.079377611290397
4.203563929648241 0.08484018486643663
4.236080628140703 0.09033297224948456
4.268597326633166 0.09567025535847051
4.301114025125628 0.10065523959156053
4.33363072361809 0.1050878217929494
4.3661474221105525 0.10877266506042815
4.398664120603015 0.11152716989136024
4.431180819095477 0.11318893503738536
4.463697517587939 0.11362234766033907
4.496214216080402 0.11272403330218594
4.528730914572864 0.11042702969058382
4.561247613065326 0.10670371686359204
4.593764311557789 0.10156772518047319
4.626281010050251 0.09507523042907451
4.658797708542713 0.08732620060936824
4.6913144070351755 0.07846624153614812
4.723831105527638 0.06868964710446335
4.7563478040201 0.058244032606125984
4.7888645025125625 0.04743644177665374
4.821381201005025 0.036639983968598244
4.853897899497487 0.02629877816724502
4.886414597989949 0.016927144092107937
4.918931296482412 0.009096463426658374
4.951447994974874 0.003399800078170756
4.983964693467336 0.00038006918151722857
5.016481391959799 0.0
5.048998090452261 0.0
5.081514788944723 0.0
5.1140314874371855 0.0
5.146548185929648 0.0
5.179064884422111 0.0
5.211581582914573 0.0
5.244098281407036 0.0
5.276614979899498 0.0
5.30913167839196 0.0
5.3416483768844225 0.0
5.374165075376885 0.0
5.406681773869347 0.0
5.439198472361809 0.0
5.471715170854272 0.0
5.504231869346734 0.0
5.536748567839196 0.0
5.569265266331659 0.0
5.601781964824121 0.0
5.634298663316583 0.0
5.6668153618090455 0.0
5.699332060301508 0.0
5.73184875879397 0.0
5.7643654572864325 0.0
5.796882155778895 0.0
5.829398854271357 0.0
5.861915552763819 0.0
5.894432251256282 0.0
5.926948949748744 0.0
5.959465648241206 0.0
5.991982346733669 0.0
6.024499045226131 0.0
6.057015743718593 0.0
6.0895324422110555 0.0
6.122049140703518 0.0
6.15456583919598 0.0
6.187082537688442 0.0
6.219599236180905 0.0
6.252115934673367 0.0
6.284632633165829 0.0
6.317149331658292 0.0
6.349666030150754 0.0
6.382182728643216 0.0
6.4146994271356785 0.0
6.447216125628141 0.0
6.479732824120603 0.0
6.5122495226130654 0.0
6.544766221105528 0.0
6.57728291959799 0.0
6.609799618090452 0.0
6.642316316582915 0.0
6.674833015075377 0.0
6.707349713567839 0.0
6.739866412060302 0.0
6.772383110552764 0.0
6.804899809045226 0.0
6.8374165075376885 0.0
6.869933206030151 0.0
6.902449904522613 0.0
6.934966603015075 0.0
6.967483301507538 0.0
7.0 0.0
