0.529177 1.3900293836679225
0.5616936984924623 0.4366235266802505
0.5942103969849246 -0.9556051204816072
0.6267270954773869 -0.7363054240387896
0.6592437939698492 0.5240288271700138
0.6917604924623115 0.8607233482851484
0.7242771909547738 -0.10080367338468932
0.7567938894472361 -0.8395984795070035
0.7893105879396984 -0.3141520757074545
0.8218272864321609 0.6512000659615751
0.8543439849246232 0.6866373557661518
0.8868606834170855 -0.24564222076514852
0.9193773819095478 -0.9065697171409397
0.9518940804020101 -0.408971255928293
0.9844107788944724 0.7394618017925154
1.0169274773869346 1.2256357209085422
1.049444175879397 0.21811325575953333
1.0819608743718594 -2.0351198556725194
1.1144775728643217 -4.626145799622407
1.146994271356784 -6.746395822429804
1.1795109698492463 -8.082880969624455
1.2120276683417086 -8.730118462231758
1.244544366834171 -8.916486184363862
1.2770610653266332 -8.824872325538706
1.3095777638190955 -8.563327130589244
1.3420944623115578 -8.200663870964433
1.3746111608040201 -7.790776536840951
1.4071278592964824 -7.373120717043321
1.4396445577889447 -6.968927760096051
1.472161256281407 -6.5848467710645195
1.5046779547738693 -6.220095022095109
1.5371946532663316 -5.870378275618407
1.569711351758794 -5.528126242991391
1.6022280502512563 -5.182812667756252
1.6347447487437186 -4.8235413087891175
1.6672614472361809 -4.442564267247803
1.6997781457286432 -4.037260795234033
1.7322948442211055 -3.6097116655807895
1.7648115427135678 -3.164990526802285
1.79732824120603 -2.709764008399816
1.8298449396984924 -2.251833427232498
1.8623616381909547 -1.8001408287261143
1.894878336683417 -1.364471427706519
1.9273950351758793 -0.954584486567569
1.9599117336683418 -0.5791308433707627
1.9924284321608041 -0.2449061836117039
2.024945130653266 0.04330654498414788
2.0574618291457285 0.28248998708022555
2.089978527638191 0.4711376464416617
2.122495226130653 0.6092630294656374
2.1550119246231154 0.698636723104471
2.1875286231155777 0.7429780640165404
2.22004532160804 0.7478154092908085
2.2525620201005023 0.7199194145691763
2.2850787185929646 0.6664605887333437
2.317595417085427 0.5941895816724809
2.3501121155778892 0.5089140967159551
2.3826288140703515 0.41538584712964166
2.4151455125628143 0.317517120209061
2.4476622110552766 0.21872096482746883
2.480178909547739 0.12216087745201776
2.512695608040201 0.030788077347210674
2.5452123065326635 -0.052824253630603835
2.577729005025126 -0.1267375009071543
2.610245703517588 -0.18984947447808054
2.6427624020100504 -0.2419347631886808
2.6752791005025127 -0.2834973392744473
2.707795798994975 -0.3154896465592856
2.7403124974874373 -0.33899892762366335
2.7728291959798996 -0.3550009122104143
2.805345894472362 -0.36424177649684
2.8378625929648242 -0.36725383283749125
2.8703792914572865 -0.3644630633011161
2.902895989949749 -0.35632372814637847
2.935412688442211 -0.343420557581112
2.9679293869346735 -0.3265047280733029
3.0004460854271358 -0.3064620907042013
3.032962783919598 -0.28423753226127246
3.0654794824120604 -0.26074988007434285
3.0979961809045227 -0.23682669032541526
3.130512879396985 -0.2131729643689937
3.1630295778894473 -0.19037054295063172
3.1955462763819096 -0.1688930262703252
3.228062974874372 -0.14911844323347623
3.260579673366834 -0.13132804170231793
3.2930963718592965 -0.11569051125098895
3.325613070351759 -0.10224128682159517
3.358129768844221 -0.09087179388791355
3.3906464673366834 -0.0813415790913723
3.4231631658291457 -0.07331824571843981
3.455679864321608 -0.06643936494572245
3.4881965628140703 -0.060381354326409564
3.5207132613065326 -0.05491625769138864
3.553229959798995 -0.0499399889271217
3.5857466582914572 -0.04546403024534129
3.6182633567839195 -0.04157388800223316
3.650780055276382 -0.03836794854720438
3.683296753768844 -0.035896290646348916
3.7158134522613064 -0.03411859695762587
3.7483301507537687 -0.03289379275446436
3.780846849246231 -0.03200364437691405
3.8133635477386933 -0.031201702278849552
3.8458802462311557 -0.03027117139032498
3.878396944723618 -0.02907297150204613
3.9109136432160803 -0.027569030665517857
3.9434303417085426 -0.025814375302672943
3.975947040201005 -0.02392197744643454
4.008463738693467 -0.022013167876536954
4.0409804371859295 -0.020170849988176087
4.073497135678392 -0.018411354071417918
4.106013834170854 -0.016684077772481487
4.138530532663316 -0.01489833633240778
4.171047231155779 -0.012967372420860102
4.203563929648241 -0.010853455084202324
4.236080628140703 -0.008597494266439298
4.268597326633166 -0.006321823468283583
4.301114025125628 -0.004204013625951575
4.33363072361809 -0.0024296326136550306
4.3661474221105525 -0.0011392723834546814
4.398664120603015 -0.0003873191080856486
4.431180819095477 -0.00012605455214043104
4.463697517587939 -0.00022011400409382986
4.496214216080402 -0.00048614585909945163
4.528730914572864 -0.0007443540882263733
4.561247613065326 -0.00086528492670368
4.593764311557789 -0.0007976730799441611
4.626281010050251 -0.0005701174308683221
4.658797708542713 -0.00026801087631156406
4.6913144070351755 5.450895343983575e-6
4.723831105527638 0.00017099405471299178
4.7563478040201 0.0002034598244904373
4.7888645025125625 0.0001382003641197116
4.821381201005025 4.763522582607038e-5
4.853897899497487 -4.899241957900813e-6
4.886414597989949 -7.075291705405107e-6
4.918931296482412 4.363486084457691e-6
4.951447994974874 1.099744963539706e-6
4.983964693467336 -3.896292355420883e-7
5.016481391959799 0.0
5.048998090452261 0.0
5.081514788944723 0.0
5.1140314874371855 0.0
5.146548185929648 0.0
5.179064884422111 0.0
5.211581582914573 0.0
5.244098281407036 0.0
5.276614979899498 0.0
5.30913167839196 0.0
5.3416483768844225 0.0
5.374165075376885 0.0
5.406681773869347 0.0
5.439198472361809 0.0
5.471715170854272 0.0
5.504231869346734 0.0
5.536748567839196 0.0
5.569265266331659 0.0
5.601781964824121 0.0
5.634298663316583 0.0
5.6668153618090455 0.0
5.699332060301508 0.0
5.73184875879397 0.0
5.7643654572864325 0.0
5.796882155778895 0.0
5.829398854271357 0.0
5.861915552763819 0.0
5.894432251256282 0.0
5.926948949748744 0.0
5.959465648241206 0.0
5.991982346733669 0.0
6.024499045226131 0.0
6.057015743718593 0.0
6.0895324422110555 0.0
6.122049140703518 0.0
6.15456583919598 0.0
6.187082537688442 0.0
6.219599236180905 0.0
6.252115934673367 0.0
6.284632633165829 0.0
6.317149331658292 0.0
6.349666030150754 0.0
6.382182728643216 0.0
6.4146994271356785 0.0
6.447216125628141 0.0
6.479732824120603 0.0
6.5122495226130654 0.0
6.544766221105528 0.0
6.57728291959799 0.0
6.609799618090452 0.0
6.642316316582915 0.0
6.674833015075377 0.0
6.707349713567839 0.0
6.739866412060302 0.0
6.772383110552764 0.0
6.804899809045226 0.0
6.8374165075376885 0.0
6.869933206030151 0.0
6.902449904522613 0.0
6.934966603015075 0.0
6.967483301507538 0.0
7.0 0.0
