0.529177 -0.0007225456233186378
0.5616936984924623 -0.00021127012496435782
0.5942103969849246 0.0004946315062852591
0.6267270954773869 0.00034099979228585653
0.6592437939698492 -0.0002917386565286506
0.6917604924623115 -0.0003884994004579312
0.7242771909547738 0.00011430402383894034
0.7567938894472361 0.0003833250574984959
0.7893105879396984 4.4135813027423865e-5
0.8218272864321609 -0.0003326057560002482
0.8543439849246232 -0.0001843653662945144
0.8868606834170855 0.00023134011553338496
0.9193773819095478 0.00029452454867850975
0.9518940804020101 -7.101596065695048e-5
0.9844107788944724 -0.0003434738358123468
1.0169274773869346 -0.000148907460470582
1.049444175879397 0.0002726180674699208
1.0819608743718594 0.0004057387919260691
1.1144775728643217 3.951236254806645e-5
1.146994271356784 -0.0006345220368189075
1.1795109698492463 -0.00138790056888638
1.2120276683417086 -0.0022252825964415024
1.244544366834171 -0.003244898844400268
1.2770610653266332 -0.0043373411231186765
1.3095777638190955 -0.0051357496658397395
1.3420944623115578 -0.00529481333177273
1.3746111608040201 -0.004801006544425945
1.4071278592964824 -0.004002149174993974
1.4396445577889447 -0.0033398909551465294
1.472161256281407 -0.0030357971772900783
1.5046779547738693 -0.002984929874514819
1.5371946532663316 -0.0029025906699189363
1.569711351758794 -0.002568271464440386
1.6022280502512563 -0.0019729546203279824
1.6347447487437186 -0.0012895043852836352
1.6672614472361809 -0.0007281310625444348
1.6997781457286432 -0.00040094273464319485
1.7322948442211055 -0.0002810220488527193
1.7648115427135678 -0.00025714219606243205
1.79732824120603 -0.0002240448885117985
1.8298449396984924 -0.00014270331132593128
1.8623616381909547 -4.200467049031431e-5
1.894878336683417 2.2876344985434116e-5
1.9273950351758793 1.8180834103986854e-5
1.9599117336683418 -4.540685694109925e-5
1.9924284321608041 -0.00012248924838331732
2.024945130653266 -0.0001624703900233726
2.0574618291457285 -0.0001378480157541162
2.089978527638191 -5.595514124934198e-5
2.122495226130653 4.87541629468069e-5
2.1550119246231154 0.00013407207319460213
2.1875286231155777 0.000169298634716597
2.22004532160804 0.00014553545327089523
2.2525620201005023 7.45527911476529e-5
2.2850787185929646 -2.0386921050885576e-5
2.317595417085427 -0.00011568399355610381
2.3501121155778892 -0.00019529037808752037
2.3826288140703515 -0.0002530309818666865
2.4151455125628143 -0.00029017750421189703
2.4476622110552766 -0.0003109425585421377
2.480178909547739 -0.000318677056100114
2.512695608040201 -0.00031437985410320834
2.5452123065326635 -0.0002975509027010048
2.577729005025126 -0.0002682523378894075
2.610245703517588 -0.00022889935547709683
2.6427624020100504 -0.0001847308412266102
2.6752791005025127 -0.0001427370302167219
2.707795798994975 -0.0001095968606250608
2.7403124974874373 -8.957713987456373e-5
2.7728291959798996 -8.327304857402851e-5
2.805345894472362 -8.764130831195871e-5
2.8378625929648242 -9.722783107690702e-5
2.8703792914572865 -0.00010605603665680974
2.902895989949749 -0.00010946665435085379
2.935412688442211 -0.00010530642043704574
2.9679293869346735 -9.416644599014035e-5
3.0004460854271358 -7.873137639080596e-5
3.032962783919598 -6.258365823441636e-5
3.0654794824120604 -4.893020667395831e-5
3.0979961809045227 -3.966789347487065e-5
3.130512879396985 -3.5026443867991475e-5
3.1630295778894473 -3.38027537054586e-5
3.1955462763819096 -3.4010135891549e-5
3.228062974874372 -3.3664700538338366e-5
3.260579673366834 -3.143551685980128e-5
3.2930963718592965 -2.6975335629231267e-5
3.325613070351759 -2.0880936347111856e-5
3.358129768844221 -1.4357616123561456e-5
3.3906464673366834 -8.742799593619566e-6
3.4231631658291457 -5.0618448881323275e-6
3.455679864321608 -3.749923109808151e-6
3.4881965628140703 -4.599371379754302e-6
3.5207132613065326 -6.911391437824932e-6
3.553229959798995 -9.770565043254464e-6
3.5857466582914572 -1.2335949861608242e-5
3.6182633567839195 -1.4055405472390703e-5
3.650780055276382 -1.4750107482086605e-5
3.683296753768844 -1.4566781658231776e-5
3.7158134522613064 -1.3838289817158511e-5
3.7483301507537687 -1.2916137507090752e-5
3.780846849246231 -1.2036887767408189e-5
3.8133635477386933 -1.1262494638231146e-5
3.8458802462311557 -1.0502414170332486e-5
3.878396944723618 -9.595176038601494e-6
3.9109136432160803 -8.40886792730089e-6
3.9434303417085426 -6.918454630522319e-6
3.975947040201005 -5.231583088516345e-6
4.008463738693467 -3.5570064369494503e-6
4.0409804371859295 -2.1321068857105274e-6
4.073497135678392 -1.1401901360841293e-6
4.106013834170854 -6.498029279100592e-7
4.138530532663316 -5.977112778055016e-7
4.171047231155779 -8.191748861463566e-7
4.203563929648241 -1.1110043374173983e-6
4.236080628140703 -1.3014860655857774e-6
4.268597326633166 -1.3006154517825053e-6
4.301114025125628 -1.1138734521409788e-6
4.33363072361809 -8.186145805666456e-7
4.3661474221105525 -5.172723831492476e-7
4.398664120603015 -2.8975335908398847e-7
4.431180819095477 -1.6533704183530062e-7
4.463697517587939 -1.2340524335741065e-7
4.496214216080402 -1.1773414598792442e-7
4.528730914572864 -1.0803694294736488e-7
4.561247613065326 -8.049994448811049e-8
4.593764311557789 -4.724182645077235e-8
4.626281010050251 -2.8404087970557157e-8
4.658797708542713 -3.172470997014898e-8
4.6913144070351755 -4.5456772568286397e-8
4.723831105527638 -4.97190058013075e-8
4.7563478040201 -3.564207418094156e-8
4.7888645025125625 -1.3606495485873893e-8
4.821381201005025 -1.0098801794811152e-9
4.853897899497487 -1.9827552932838444e-9
4.886414597989949 -4.507171524892328e-9
4.918931296482412 -1.07564801510307e-9
4.951447994974874 6.446612133004237e-10
4.983964693467336 -1.0339817890780978e-10
5.016481391959799 0.0
5.048998090452261 0.0
5.081514788944723 0.0
5.1140314874371855 0.0
5.146548185929648 0.0
5.179064884422111 0.0
5.211581582914573 0.0
5.244098281407036 0.0
5.276614979899498 0.0
5.30913167839196 0.0
5.3416483768844225 0.0
5.374165075376885 0.0
5.406681773869347 0.0
5.439198472361809 0.0
5.471715170854272 0.0
5.504231869346734 0.0
5.536748567839196 0.0
5.569265266331659 0.0
5.601781964824121 0.0
5.634298663316583 0.0
5.6668153618090455 0.0
5.699332060301508 0.0
5.73184875879397 0.0
5.7643654572864325 0.0
5.796882155778895 0.0
5.829398854271357 0.0
5.861915552763819 0.0
5.894432251256282 0.0
5.926948949748744 0.0
5.959465648241206 0.0
5.991982346733669 0.0
6.024499045226131 0.0
6.057015743718593 0.0
6.0895324422110555 0.0
6.122049140703518 0.0
6.15456583919598 0.0
6.187082537688442 0.0
6.219599236180905 0.0
6.252115934673367 0.0
6.284632633165829 0.0
6.317149331658292 0.0
6.349666030150754 0.0
6.382182728643216 0.0
6.4146994271356785 0.0
6.447216125628141 0.0
6.479732824120603 0.0
6.5122495226130654 0.0
6.544766221105528 0.0
6.57728291959799 0.0
6.609799618090452 0.0
6.642316316582915 0.0
6.674833015075377 0.0
6.707349713567839 0.0
6.739866412060302 0.0
6.772383110552764 0.0
6.804899809045226 0.0
6.8374165075376885 0.0
6.869933206030151 0.0
6.902449904522613 0.0
6.934966603015075 0.0
6.967483301507538 0.0
7.0 0.0
