0.529177 97.89960956839121
0.5616936984924623 81.75943748548701
0.5942103969849246 67.64070544116595
0.6267270954773869 55.329391769683866
0.6592437939698492 44.65346313654413
0.6917604924623115 35.45679590053027
0.7242771909547738 27.58868112963455
0.7567938894472361 20.902466766480302
0.7893105879396984 15.258052231780027
0.8218272864321609 10.524793407883408
0.8543439849246232 6.583255835889815
0.8868606834170855 3.3256301619012447
0.9193773819095478 0.6552939732197274
0.9518940804020101 -1.513911780022113
0.9844107788944724 -3.258346629670257
1.0169274773869346 -4.645096926417068
1.049444175879397 -5.732450537284478
1.0819608743718594 -6.570439424316078
1.1144775728643217 -7.201520040092873
1.146994271356784 -7.661390782802698
1.1795109698492463 -7.979895249074559
1.2120276683417086 -8.181941688931943
1.244544366834171 -8.28837510384676
1.2770610653266332 -8.3167552646687
1.3095777638190955 -8.282011684999816
1.3420944623115578 -8.196961652784523
1.3746111608040201 -8.07269031943207
1.4071278592964824 -7.918803886590979
1.4396445577889447 -7.743578098549847
1.472161256281407 -7.554032961958399
1.5046779547738693 -7.355968782961497
1.5371946532663316 -7.153996938573357
1.569711351758794 -6.951591552969774
1.6022280502512563 -6.751177233391843
1.6347447487437186 -6.554255919148659
1.6672614472361809 -6.361565392986051
1.6997781457286432 -6.173255033190969
1.7322948442211055 -5.989061752641703
1.7648115427135678 -5.80847046153832
1.79732824120603 -5.630847670907485
1.8298449396984924 -5.455542515613786
1.8623616381909547 -5.281955060017708
1.894878336683417 -5.109576155836294
1.9273950351758793 -4.9380057549562935
1.9599117336683418 -4.766957348256483
1.9924284321608041 -4.5962554079230244
2.024945130653266 -4.425830891174769
2.0574618291457285 -4.255717621159192
2.089978527638191 -4.086050232898856
2.122495226130653 -3.9170627438119254
2.1550119246231154 -3.749085879490565
2.1875286231155777 -3.5825410802653437
2.22004532160804 -3.417929519531185
2.2525620201005023 -3.2558152831203984
2.2850787185929646 -3.0968028613903016
2.317595417085427 -2.9415100775157725
2.3501121155778892 -2.7905383479577495
2.3826288140703515 -2.6444426380157324
2.4151455125628143 -2.503703596210869
2.4476622110552766 -2.368704143695652
2.480178909547739 -2.2397123207182403
2.512695608040201 -2.116871540103034
2.5452123065326635 -2.0001986663512525
2.577729005025126 -1.8895896222099395
2.610245703517588 -1.7848316006678147
2.6427624020100504 -1.6856204852959422
2.6752791005025127 -1.5915817867686997
2.707795798994975 -1.5022932953368695
2.7403124974874373 -1.4173077144350827
2.7728291959798996 -1.3361737503015547
2.805345894472362 -1.2584544473869528
2.8378625929648242 -1.1837419360646777
2.8703792914572865 -1.111668155087159
2.902895989949749 -1.0419114884305145
2.935412688442211 -0.9741995841943094
2.9679293869346735 -0.908308880693653
3.0004460854271358 -0.844061539915117
3.032962783919598 -0.7813205782240971
3.0654794824120604 -0.7199839935286718
3.0979961809045227 -0.65997862805051
3.130512879396985 -0.6012543916837672
3.1630295778894473 -0.5437793201616046
3.1955462763819096 -0.4875357729067673
3.228062974874372 -0.43251790446288396
3.260579673366834 -0.37873038547223814
3.2930963718592965 -0.32618821584969737
3.325613070351759 -0.27491737211795453
3.358129768844221 -0.22495596712190036
3.3906464673366834 -0.17635557432964788
3.4231631658291457 -0.1291823783418522
3.455679864321608 -0.0835178532325358
3.4881965628140703 -0.03945873425254831
3.5207132613065326 0.0028838715590495667
3.553229959798995 0.04338630239277563
3.5857466582914572 0.08191506499849766
3.6182633567839195 0.11833036238505201
3.650780055276382 0.15249025648182624
3.683296753768844 0.1842552464402729
3.7158134522613064 0.2134930135778177
3.7483301507537687 0.24008307546250762
3.780846849246231 0.2639211035760809
3.8133635477386933 0.28492268915903196
3.8458802462311557 0.30302638679773963
3.878396944723618 0.31819592071963143
3.9109136432160803 0.33042149974187396
3.9434303417085426 0.33972024831109593
3.975947040201005 0.3461358182169647
4.008463738693467 0.3497372940026935
4.0409804371859295 0.3506175412973107
4.073497135678392 0.34889116874535375
4.106013834170854 0.3446922795972682
4.138530532663316 0.3381721783291596
4.171047231155779 0.32949717213767826
4.203563929648241 0.3188465693009448
4.236080628140703 0.30641092977214157
4.268597326633166 0.2923905724065321
4.301114025125628 0.27699429293153344
4.33363072361809 0.260438202413809
4.3661474221105525 0.24294456269507236
4.398664120603015 0.22474047765564364
4.431180819095477 0.2060563008398617
4.463697517587939 0.18712364314035312
4.496214216080402 0.1681729092193791
4.528730914572864 0.1494303561625543
4.561247613065326 0.1311147478210728
4.593764311557789 0.11343376559500484
4.626281010050251 0.09658041977962739
4.658797708542713 0.08072977002296966
4.6913144070351755 0.06603628989915933
4.723831105527638 0.052632175849794294
4.7563478040201 0.040626777220268195
4.7888645025125625 0.03010707982355143
4.821381201005025 0.021138773987559034
4.853897899497487 0.013766838595358877
4.886414597989949 0.008013730149855292
4.918931296482412 0.0038721312501479588
4.951447994974874 0.0012877330454443836
4.983964693467336 0.00012564466112507944
5.016481391959799 0.0
5.048998090452261 0.0
5.081514788944723 0.0
5.1140314874371855 0.0
5.146548185929648 0.0
5.179064884422111 0.0
5.211581582914573 0.0
5.244098281407036 0.0
5.276614979899498 0.0
5.30913167839196 0.0
5.3416483768844225 0.0
5.374165075376885 0.0
5.406681773869347 0.0
5.439198472361809 0.0
5.471715170854272 0.0
5.504231869346734 0.0
5.536748567839196 0.0
5.569265266331659 0.0
5.601781964824121 0.0
5.634298663316583 0.0
5.6668153618090455 0.0
5.699332060301508 0.0
5.73184875879397 0.0
5.7643654572864325 0.0
5.796882155778895 0.0
5.829398854271357 0.0
5.861915552763819 0.0
5.894432251256282 0.0
5.926948949748744 0.0
5.959465648241206 0.0
5.991982346733669 0.0
6.024499045226131 0.0
6.057015743718593 0.0
6.0895324422110555 0.0
6.122049140703518 0.0
6.15456583919598 0.0
6.187082537688442 0.0
6.219599236180905 0.0
6.252115934673367 0.0
6.284632633165829 0.0
6.317149331658292 0.0
6.349666030150754 0.0
6.382182728643216 0.0
6.4146994271356785 0.0
6.447216125628141 0.0
6.479732824120603 0.0
6.5122495226130654 0.0
6.544766221105528 0.0
6.57728291959799 0.0
6.609799618090452 0.0
6.642316316582915 0.0
6.674833015075377 0.0
6.707349713567839 0.0
6.739866412060302 0.0
6.772383110552764 0.0
6.804899809045226 0.0
6.8374165075376885 0.0
6.869933206030151 0.0
6.902449904522613 0.0
6.934966603015075 0.0
6.967483301507538 0.0
7.0 0.0
