0.529177 1.1930691377481253
0.5616936984924623 1.0766332850586764
0.5942103969849246 -0.44197910921150196
0.6267270954773869 -1.0579406160854887
0.6592437939698492 -0.12288715974398201
0.6917604924623115 0.8264922774640127
0.7242771909547738 0.5072295090798207
0.7567938894472361 -0.46457879970762406
0.7893105879396984 -0.705126480957631
0.8218272864321609 0.02126013593448306
0.8543439849246232 0.6783561581353865
0.8868606834170855 0.43220502123091364
0.9193773819095478 -0.3669034456871145
0.9518940804020101 -0.7424613941655025
0.9844107788944724 -0.2529731814781826
1.0169274773869346 0.6034798884876409
1.049444175879397 0.9657533841627242
1.0819608743718594 0.37376425310890227
1.1144775728643217 -0.9953448542381125
1.146994271356784 -2.629258089589996
1.1795109698492463 -4.086779793982259
1.2120276683417086 -5.176394726966578
1.244544366834171 -5.898518078316329
1.2770610653266332 -6.318227956113901
1.3095777638190955 -6.493445298256063
1.3420944623115578 -6.469423449284136
1.3746111608040201 -6.293362782400266
1.4071278592964824 -6.016809308882273
1.4396445577889447 -5.686278208561021
1.472161256281407 -5.3353918232960496
1.5046779547738693 -4.984621660598464
1.5371946532663316 -4.645132795534437
1.569711351758794 -4.321663043427577
1.6022280502512563 -4.013431512692307
1.6347447487437186 -3.7151259273370556
1.6672614472361809 -3.4193535560556825
1.6997781457286432 -3.1196183761335305
1.7322948442211055 -2.811916387945132
1.7648115427135678 -2.494225026867298
1.79732824120603 -2.1650402591071156
1.8298449396984924 -1.8228702477737215
1.8623616381909547 -1.4676817798314232
1.894878336683417 -1.1035972960493723
1.9273950351758793 -0.7409995920139636
1.9599117336683418 -0.3963677294062222
1.9924284321608041 -0.08940966992440735
2.024945130653266 0.16149297908225435
2.0574618291457285 0.3437024357772316
2.089978527638191 0.4529513574457269
2.122495226130653 0.49344069330470575
2.1550119246231154 0.4757620929455584
2.1875286231155777 0.4137349029099937
2.22004532160804 0.32138521685664045
2.2525620201005023 0.2109173253770109
2.2850787185929646 0.091925730401897
2.317595417085427 -0.028422314301167262
2.3501121155778892 -0.1447512861500968
2.3826288140703515 -0.2528654238691388
2.4151455125628143 -0.349416834525357
2.4476622110552766 -0.4318632921003882
2.480178909547739 -0.4985677546143279
2.512695608040201 -0.5488642081481885
2.5452123065326635 -0.5829873253535993
2.577729005025126 -0.6018700049597214
2.610245703517588 -0.6068900532086445
2.6427624020100504 -0.5996630155638627
2.6752791005025127 -0.5819379587737785
2.707795798994975 -0.5555882491070179
2.7403124974874373 -0.5226371995617001
2.7728291959798996 -0.48524359256663274
2.805345894472362 -0.44559794686784926
2.8378625929648242 -0.40573110701228643
2.8703792914572865 -0.36728693056369366
2.902895989949749 -0.3313378209381881
2.935412688442211 -0.29831470190060827
2.9679293869346735 -0.26808576802778816
3.0004460854271358 -0.24016674576967034
3.032962783919598 -0.21399973777215564
3.0654794824120604 -0.18921472642466597
3.0979961809045227 -0.16579485256079352
3.130512879396985 -0.14409987928462442
3.1630295778894473 -0.124749177104718
3.1955462763819096 -0.10840977171221766
3.228062974874372 -0.09556222523940505
3.260579673366834 -0.08631974642901241
3.2930963718592965 -0.08035483543937971
3.325613070351759 -0.07695132835249296
3.358129768844221 -0.07516042666168232
3.3906464673366834 -0.07400953491685414
3.4231631658291457 -0.07270085225314915
3.455679864321608 -0.07074481784553655
3.4881965628140703 -0.06799751825178646
3.5207132613065326 -0.06460236193703395
3.553229959798995 -0.06086460069832356
3.5857466582914572 -0.05710427593368195
3.6182633567839195 -0.053534691318304795
3.650780055276382 -0.050200454722755694
3.683296753768844 -0.04698679060584254
3.7158134522613064 -0.04368793743253718
3.7483301507537687 -0.040104623136187456
3.780846849246231 -0.03613399085901392
3.8133635477386933 -0.031821156203136525
3.8458802462311557 -0.02735700293089849
3.878396944723618 -0.02302614414782056
3.9109136432160803 -0.019125551028537302
3.9434303417085426 -0.01588282131564256
3.975947040201005 -0.01340104938475406
4.008463738693467 -0.011646058674159576
4.0409804371859295 -0.010475776628709355
4.073497135678392 -0.00969671645816561
4.106013834170854 -0.009124248064608764
4.138530532663316 -0.008624458396241153
4.171047231155779 -0.008125203768372558
4.203563929648241 -0.007598334497060932
4.236080628140703 -0.0070279875747019105
4.268597326633166 -0.006385633124978085
4.301114025125628 -0.005628297491512058
4.33363072361809 -0.00472339191469473
4.3661474221105525 -0.0036873698525710097
4.398664120603015 -0.0026138746888477726
4.431180819095477 -0.0016670764923105708
4.463697517587939 -0.0010300492772330472
4.496214216080402 -0.0008220625329045106
4.528730914572864 -0.001021840014004738
4.561247613065326 -0.0014426351530119064
4.593764311557789 -0.0017894234372874962
4.626281010050251 -0.0017892325471393633
4.658797708542713 -0.001337902295688309
4.6913144070351755 -0.0005776963026278281
4.723831105527638 0.00016214126520708305
4.7563478040201 0.0005565282028214824
4.7888645025125625 0.0005013266711557662
4.821381201005025 0.0001905173202203514
4.853897899497487 -4.855868013464715e-5
4.886414597989949 -5.908830144107924e-5
4.918931296482412 1.7360532012844487e-5
4.951447994974874 1.0249876254420087e-5
4.983964693467336 -1.8915226860372059e-6
5.016481391959799 0.0
5.048998090452261 0.0
5.081514788944723 0.0
5.1140314874371855 0.0
5.146548185929648 0.0
5.179064884422111 0.0
5.211581582914573 0.0
5.244098281407036 0.0
5.276614979899498 0.0
5.30913167839196 0.0
5.3416483768844225 0.0
5.374165075376885 0.0
5.406681773869347 0.0
5.439198472361809 0.0
5.471715170854272 0.0
5.504231869346734 0.0
5.536748567839196 0.0
5.569265266331659 0.0
5.601781964824121 0.0
5.634298663316583 0.0
5.6668153618090455 0.0
5.699332060301508 0.0
5.73184875879397 0.0
5.7643654572864325 0.0
5.796882155778895 0.0
5.829398854271357 0.0
5.861915552763819 0.0
5.894432251256282 0.0
5.926948949748744 0.0
5.959465648241206 0.0
5.991982346733669 0.0
6.024499045226131 0.0
6.057015743718593 0.0
6.0895324422110555 0.0
6.122049140703518 0.0
6.15456583919598 0.0
6.187082537688442 0.0
6.219599236180905 0.0
6.252115934673367 0.0
6.284632633165829 0.0
6.317149331658292 0.0
6.349666030150754 0.0
6.382182728643216 0.0
6.4146994271356785 0.0
6.447216125628141 0.0
6.479732824120603 0.0
6.5122495226130654 0.0
6.544766221105528 0.0
6.57728291959799 0.0
6.609799618090452 0.0
6.642316316582915 0.0
6.674833015075377 0.0
6.707349713567839 0.0
6.739866412060302 0.0
6.772383110552764 0.0
6.804899809045226 0.0
6.8374165075376885 0.0
6.869933206030151 0.0
6.902449904522613 0.0
6.934966603015075 0.0
6.967483301507538 0.0
7.0 0.0
