0.529177 -34.27594236781988
0.5616936984924623 -21.539303921701503
0.5942103969849246 -8.850717811443246
0.6267270954773869 2.1246687268267124
0.6592437939698492 10.23476353017395
0.6917604924623115 14.897255852607486
0.7242771909547738 16.094955876054883
0.7567938894472361 14.304625772587315
0.7893105879396984 10.367221351647459
0.8218272864321609 5.318748399746255
0.8543439849246232 0.20839163551136153
0.8868606834170855 -4.067229976610179
0.9193773819095478 -6.888266749203467
0.9518940804020101 -7.97715511138631
0.9844107788944724 -7.3995840211227915
1.0169274773869346 -5.5069298860071285
1.049444175879397 -2.8362164015579765
1.0819608743718594 0.010080543557705823
1.1144775728643217 2.480578039367174
1.146994271356784 4.167287851958463
1.1795109698492463 4.859918194262718
1.2120276683417086 4.557147052864821
1.244544366834171 3.4385037401807494
1.2770610653266332 1.8073758407208516
1.3095777638190955 0.019610935036325827
1.3420944623115578 -1.5871850759540393
1.3746111608040201 -2.750895230446986
1.4071278592964824 -3.3203465251681337
1.4396445577889447 -3.265946816691212
1.472161256281407 -2.667506337751547
1.5046779547738693 -1.6850675846890226
1.5371946532663316 -0.5206545704440941
1.569711351758794 0.6208857454603276
1.6022280502512563 1.5650590705099603
1.6347447487437186 2.1903238659288036
1.6672614472361809 2.438216633940101
1.6997781457286432 2.311617839102837
1.7322948442211055 1.8636858260706504
1.7648115427135678 1.1810711869638908
1.79732824120603 0.36525851876103843
1.8298449396984924 -0.48459606737560534
1.8623616381909547 -1.2849175407682196
1.894878336683417 -1.975799550433294
1.9273950351758793 -2.523789014579961
1.9599117336683418 -2.9201214768927457
1.9924284321608041 -3.1757258987381647
2.024945130653266 -3.3145345620650914
2.0574618291457285 -3.3665470070936863
2.089978527638191 -3.36179226465174
2.122495226130653 -3.325913567261523
2.1550119246231154 -3.277661640688166
2.1875286231155777 -3.2282034759755334
2.22004532160804 -3.1818815358965367
2.2525620201005023 -3.1379124289160245
2.2850787185929646 -3.0924875575674378
2.317595417085427 -3.040806491904732
2.3501121155778892 -2.9787027321181085
2.3826288140703515 -2.903675449790171
2.4151455125628143 -2.815288682069877
2.4476622110552766 -2.7150187069746607
2.480178909547739 -2.6057083510077064
2.512695608040201 -2.4908207202752237
2.5452123065326635 -2.3736789681097434
2.577729005025126 -2.2568430202627496
2.610245703517588 -2.1417208856328216
2.6427624020100504 -2.0284534762431576
2.6752791005025127 -1.916058074848479
2.707795798994975 -1.8027740730922233
2.7403124974874373 -1.6865293134742387
2.7728291959798996 -1.5654370410320553
2.805345894472362 -1.4382402187711705
2.8378625929648242 -1.304638105473714
2.8703792914572865 -1.1654549571157986
2.902895989949749 -1.0226378345578269
2.935412688442211 -0.8790956890607049
2.9679293869346735 -0.7384120637416345
3.0004460854271358 -0.6044770135104045
3.032962783919598 -0.4810895483351487
3.0654794824120604 -0.3715804557687079
3.0979961809045227 -0.27849798986062524
3.130512879396985 -0.20338737411111651
3.1630295778894473 -0.14668131951657415
3.1955462763819096 -0.10770471235082368
3.228062974874372 -0.08478391990138334
3.260579673366834 -0.07544102803512942
3.2930963718592965 -0.07664651809682255
3.325613070351759 -0.08510069011936139
3.358129768844221 -0.09751439359388314
3.3906464673366834 -0.11086284409611835
3.4231631658291457 -0.12259175743383821
3.455679864321608 -0.13076187522165128
3.4881965628140703 -0.13412532342226768
3.5207132613065326 -0.13213434798672097
3.553229959798995 -0.12488915851099591
3.5857466582914572 -0.11303641184349544
3.6182633567839195 -0.0976330115863675
3.650780055276382 -0.07999130880671146
3.683296753768844 -0.061521559040556895
3.7158134522613064 -0.043585852848991635
3.7483301507537687 -0.027375021112675313
3.780846849246231 -0.013816603288432816
3.8133635477386933 -0.003518249699482112
3.8458802462311557 0.0032527245493838564
3.878396944723618 0.006556192827702034
3.9109136432160803 0.006737695042829728
3.9434303417085426 0.0043656435827870155
3.975947040201005 0.00015540244567091577
4.008463738693467 -0.005111405018396908
4.0409804371859295 -0.010664545960025862
4.073497135678392 -0.015813130976312095
4.106013834170854 -0.01999882220661675
4.138530532663316 -0.022831114951259224
4.171047231155779 -0.024103449206450023
4.203563929648241 -0.02379074479904375
4.236080628140703 -0.022030544874724
4.268597326633166 -0.019091188343736576
4.301114025125628 -0.015331243925174931
4.33363072361809 -0.01115480032058258
4.3661474221105525 -0.006967131968849571
4.398664120603015 -0.0031347956046374748
4.431180819095477 4.65650391561212e-5
4.463697517587939 0.002374426356254844
4.496214216080402 0.0037504364336200524
4.528730914572864 0.004180266680123168
4.561247613065326 0.0037632553776347777
4.593764311557789 0.002673701677849749
4.626281010050251 0.0011363032299414044
4.658797708542713 -0.000601405847191927
4.6913144070351755 -0.002296681477673701
4.723831105527638 -0.003736521239261492
4.7563478040201 -0.0047576387514709495
4.7888645025125625 -0.005259784993540961
4.821381201005025 -0.005211491212321562
4.853897899497487 -0.0046481094977934845
4.886414597989949 -0.0036628042726079
4.918931296482412 -0.002391830561464303
4.951447994974874 -0.0009959622020687675
4.983964693467336 0.0003597402865125332
5.016481391959799 0.0015255342459568055
5.048998090452261 0.002383820239629131
5.081514788944723 0.002861393219063757
5.1140314874371855 0.0029358656702243024
5.146548185929648 0.0026356821981607936
5.179064884422111 0.0020338831782282796
5.211581582914573 0.0012365030834189383
5.244098281407036 0.0003671291342470795
5.276614979899498 -0.00045037483505439013
5.30913167839196 -0.0011087171296821907
5.3416483768844225 -0.0015313448548113229
5.374165075376885 -0.0016819637385196984
5.406681773869347 -0.0015680078759032767
5.439198472361809 -0.0012374453945085406
5.471715170854272 -0.0007692472518101567
5.504231869346734 -0.00025883299531415105
5.536748567839196 0.00019929125301132444
5.569265266331659 0.000528816615769756
5.601781964824121 0.0006856576619611587
5.634298663316583 0.0006657544945483096
5.6668153618090455 0.0005044921890657861
5.699332060301508 0.0002670022913662251
5.73184875879397 3.0568260626751e-5
5.7643654572864325 -0.0001373734776279889
5.796882155778895 -0.0001999665764742531
5.829398854271357 -0.00016327931007253937
5.861915552763819 -7.333059147640597e-5
5.894432251256282 6.0360689531080425e-6
5.926948949748744 3.060275412281044e-5
5.959465648241206 1.0370144082116894e-5
5.991982346733669 -5.942638381384313e-7
6.024499045226131 0.0
6.057015743718593 0.0
6.0895324422110555 0.0
6.122049140703518 0.0
6.15456583919598 0.0
6.187082537688442 0.0
6.219599236180905 0.0
6.252115934673367 0.0
6.284632633165829 0.0
6.317149331658292 0.0
6.349666030150754 0.0
6.382182728643216 0.0
6.4146994271356785 0.0
6.447216125628141 0.0
6.479732824120603 0.0
6.5122495226130654 0.0
6.544766221105528 0.0
6.57728291959799 0.0
6.609799618090452 0.0
6.642316316582915 0.0
6.674833015075377 0.0
6.707349713567839 0.0
6.739866412060302 0.0
6.772383110552764 0.0
6.804899809045226 0.0
6.8374165075376885 0.0
6.869933206030151 0.0
6.902449904522613 0.0
6.934966603015075 0.0
6.967483301507538 0.0
7.0 0.0
