0.529177 0.22064268369587126
0.5616936984924623 -0.3434235835356958
0.5942103969849246 -0.3880578296087833
0.6267270954773869 0.031085794750140394
0.6592437939698492 0.3372761550990617
0.6917604924623115 0.19027205139155967
0.7242771909547738 -0.1637021659659581
0.7567938894472361 -0.27616070585975194
0.7893105879396984 -0.04577917190277958
0.8218272864321609 0.21874554438983296
0.8543439849246232 0.20710616050348563
0.8868606834170855 -0.04627240050888304
0.9193773819095478 -0.24204644144862186
0.9518940804020101 -0.16433493541597954
0.9844107788944724 0.10404240403300946
1.0169274773869346 0.2856724996592561
1.049444175879397 0.1735466213887662
1.0819608743718594 -0.21068734212553863
1.1144775728643217 -0.6722714395847333
1.146994271356784 -1.01313689599084
1.1795109698492463 -1.1558541560235085
1.2120276683417086 -1.1484803013746614
1.244544366834171 -1.0895701454542746
1.2770610653266332 -1.0537386002322933
1.3095777638190955 -1.0647329627797717
1.3420944623115578 -1.1104017915312738
1.3746111608040201 -1.1687974057336419
1.4071278592964824 -1.2228569071316997
1.4396445577889447 -1.2612872218439293
1.472161256281407 -1.2749228678869144
1.5046779547738693 -1.2562319109954956
1.5371946532663316 -1.2023151834026748
1.569711351758794 -1.1172661730546452
1.6022280502512563 -1.0108051271254226
1.6347447487437186 -0.8938577269954067
1.6672614472361809 -0.7742444469240581
1.6997781457286432 -0.6551889576873009
1.7322948442211055 -0.5369903997709002
1.7648115427135678 -0.42006795331923286
1.79732824120603 -0.3070734396706598
1.8298449396984924 -0.20282975155663507
1.8623616381909547 -0.11245535615489644
1.894878336683417 -0.03908483777041738
1.9273950351758793 0.01739136692469856
1.9599117336683418 0.05993822040704799
1.9924284321608041 0.09269371087509626
2.024945130653266 0.11896377923295631
2.0574618291457285 0.13988001230927694
2.089978527638191 0.15424350573158563
2.122495226130653 0.15946188768936054
2.1550119246231154 0.15302997151144382
2.1875286231155777 0.1338726080680317
2.22004532160804 0.10304376307669827
2.2525620201005023 0.06361618262502589
2.2850787185929646 0.019927243279539653
2.317595417085427 -0.02345729523352702
2.3501121155778892 -0.06267998129123953
2.3826288140703515 -0.09516694202341114
2.4151455125628143 -0.11976064460651514
2.4476622110552766 -0.1364908725943792
2.480178909547739 -0.14615594888226724
2.512695608040201 -0.14989456510130594
2.5452123065326635 -0.14887404163130213
2.577729005025126 -0.14413994962814058
2.610245703517588 -0.13660034847782754
2.6427624020100504 -0.12707797103996654
2.6752791005025127 -0.1163608147601849
2.707795798994975 -0.10520664117944989
2.7403124974874373 -0.09429325549808709
2.7728291959798996 -0.0841376881713245
2.805345894472362 -0.07502282937861082
2.8378625929648242 -0.06696698755303032
2.8703792914572865 -0.059754661785916596
2.902895989949749 -0.0530240133426787
2.935412688442211 -0.046386988442293386
2.9679293869346735 -0.03954809848107743
3.0004460854271358 -0.03238968294249389
3.032962783919598 -0.025003143790343074
3.0654794824120604 -0.0176624165829935
3.0979961809045227 -0.010752188691412812
3.130512879396985 -0.004674365261678304
3.1630295778894473 0.00024053331907225584
3.1955462763819096 0.0037949448462200053
3.228062974874372 0.0059468229800927475
3.260579673366834 0.006793319667224296
3.2930963718592965 0.006526253957417794
3.325613070351759 0.005376223259872859
3.358129768844221 0.003562888882242987
3.3906464673366834 0.0012645940544189216
3.4231631658291457 -0.0013871483303091736
3.455679864321608 -0.004291134153675102
3.4881965628140703 -0.007347431482912725
3.5207132613065326 -0.01042859844915256
3.553229959798995 -0.013363098104719029
3.5857466582914572 -0.015938471448748714
3.6182633567839195 -0.01792535051856703
3.650780055276382 -0.019116750633429547
3.683296753768844 -0.01937214601099413
3.7158134522613064 -0.01865392844672442
3.7483301507537687 -0.017045432528618676
3.780846849246231 -0.014744297631693826
3.8133635477386933 -0.012031260596643278
3.8458802462311557 -0.009220838052101499
3.878396944723618 -0.0066050849918610766
3.9109136432160803 -0.00440347317044143
3.9434303417085426 -0.002730439350045799
3.975947040201005 -0.001587698283969985
4.008463738693467 -0.0008821533199352416
4.0409804371859295 -0.0004637949541574926
4.073497135678392 -0.00017303807135249372
4.106013834170854 0.00011518139177724152
4.138530532663316 0.0004619673148340553
4.171047231155779 0.0008567567235218121
4.203563929648241 0.0012321524052936184
4.236080628140703 0.0014956249024749013
4.268597326633166 0.0015675671052122198
4.301114025125628 0.001413422133396125
4.33363072361809 0.0010595583936492403
4.3661474221105525 0.0005877951165871309
4.398664120603015 0.00011051094003278195
4.431180819095477 -0.0002650719275720803
4.463697517587939 -0.0004708046924406517
4.496214216080402 -0.0004973311741309772
4.528730914572864 -0.0003920330588016441
4.561247613065326 -0.00023576033851213651
4.593764311557789 -0.0001075863007145017
4.626281010050251 -5.253626233070463e-5
4.658797708542713 -6.695915590171353e-5
4.6913144070351755 -0.00010887770184808687
4.723831105527638 -0.00012832136627594082
4.7563478040201 -0.00010068348996128407
4.7888645025125625 -4.179274515081488e-5
4.821381201005025 7.640906858341623e-6
4.853897899497487 1.9012252835182153e-5
4.886414597989949 2.7084097382612526e-6
4.918931296482412 -7.205928909570503e-6
4.951447994974874 -8.951204222285014e-7
4.983964693467336 3.2021682727645384e-7
5.016481391959799 0.0
5.048998090452261 0.0
5.081514788944723 0.0
5.1140314874371855 0.0
5.146548185929648 0.0
5.179064884422111 0.0
5.211581582914573 0.0
5.244098281407036 0.0
5.276614979899498 0.0
5.30913167839196 0.0
5.3416483768844225 0.0
5.374165075376885 0.0
5.406681773869347 0.0
5.439198472361809 0.0
5.471715170854272 0.0
5.504231869346734 0.0
5.536748567839196 0.0
5.569265266331659 0.0
5.601781964824121 0.0
5.634298663316583 0.0
5.6668153618090455 0.0
5.699332060301508 0.0
5.73184875879397 0.0
5.7643654572864325 0.0
5.796882155778895 0.0
5.829398854271357 0.0
5.861915552763819 0.0
5.894432251256282 0.0
5.926948949748744 0.0
5.959465648241206 0.0
5.991982346733669 0.0
6.024499045226131 0.0
6.057015743718593 0.0
6.0895324422110555 0.0
6.122049140703518 0.0
6.15456583919598 0.0
6.187082537688442 0.0
6.219599236180905 0.0
6.252115934673367 0.0
6.284632633165829 0.0
6.317149331658292 0.0
6.349666030150754 0.0
6.382182728643216 0.0
6.4146994271356785 0.0
6.447216125628141 0.0
6.479732824120603 0.0
6.5122495226130654 0.0
6.544766221105528 0.0
6.57728291959799 0.0
6.609799618090452 0.0
6.642316316582915 0.0
6.674833015075377 0.0
6.707349713567839 0.0
6.739866412060302 0.0
6.772383110552764 0.0
6.804899809045226 0.0
6.8374165075376885 0.0
6.869933206030151 0.0
6.902449904522613 0.0
6.934966603015075 0.0
6.967483301507538 0.0
7.0 0.0
