0.529177 -0.582810355121012
0.5616936984924623 0.36455188747197553
0.5942103969849246 0.672434009506901
0.6267270954773869 0.1591935217726359
0.6592437939698492 -0.417556878063408
0.6917604924623115 -0.4014344560306995
0.7242771909547738 0.06507053135902652
0.7567938894472361 0.3725215350089002
0.7893105879396984 0.21083733334603494
0.8218272864321609 -0.15964935822694315
0.8543439849246232 -0.30549127248252717
0.8868606834170855 -0.10709789584979035
0.9193773819095478 0.18686187838835622
0.9518940804020101 0.2785779014179752
0.9844107788944724 0.10067782354076371
1.0169274773869346 -0.1948322394411548
1.049444175879397 -0.4353621480703964
1.0819608743718594 -0.5718894148078562
1.1144775728643217 -0.6603163464607178
1.146994271356784 -0.7578063266045092
1.1795109698492463 -0.8598487004817912
1.2120276683417086 -0.921126910834289
1.244544366834171 -0.9124794790188275
1.2770610653266332 -0.8504795069879947
1.3095777638190955 -0.7811471156825291
1.3420944623115578 -0.7440761464233674
1.3746111608040201 -0.7504846506404306
1.4071278592964824 -0.7864953490716289
1.4396445577889447 -0.8301146965491739
1.472161256281407 -0.8649817441631171
1.5046779547738693 -0.8833677701595661
1.5371946532663316 -0.8821174164925196
1.569711351758794 -0.8589643795667712
1.6022280502512563 -0.8129552877873607
1.6347447487437186 -0.7472609915182602
1.6672614472361809 -0.670406981212011
1.6997781457286432 -0.5937489885849345
1.7322948442211055 -0.5263915748990939
1.7648115427135678 -0.4707822189591866
1.79732824120603 -0.42171299359841896
1.8298449396984924 -0.3692366304580901
1.8623616381909547 -0.3037713157102644
1.894878336683417 -0.2207382447817281
1.9273950351758793 -0.1226904923624943
1.9599117336683418 -0.01838949113181343
1.9924284321608041 0.08028494913287432
2.024945130653266 0.1620060032141737
2.0574618291457285 0.21882479656909481
2.089978527638191 0.24742463793148772
2.122495226130653 0.2488642693722909
2.1550119246231154 0.2273780707117794
2.1875286231155777 0.1889128123982573
2.22004532160804 0.13988791491101438
2.2525620201005023 0.08636254628453344
2.2850787185929646 0.03355265975824295
2.317595417085427 -0.014452021978797802
2.3501121155778892 -0.05488164249265992
2.3826288140703515 -0.08640326509379292
2.4151455125628143 -0.1090983894719102
2.4476622110552766 -0.12423058939958764
2.480178909547739 -0.13379274195312973
2.512695608040201 -0.1399130333458629
2.5452123065326635 -0.14426982702042324
2.577729005025126 -0.14768174436096615
2.610245703517588 -0.1499920314810197
2.6427624020100504 -0.15027387780025947
2.6752791005025127 -0.14728101682106853
2.707795798994975 -0.1399923695608436
2.7403124974874373 -0.12807530064799266
2.7728291959798996 -0.11212445451883468
2.805345894472362 -0.09360827560954021
2.8378625929648242 -0.07454689599603626
2.8703792914572865 -0.05702405322580262
2.902895989949749 -0.04267952914989337
2.935412688442211 -0.032327244684950074
2.9679293869346735 -0.025801608053200198
3.0004460854271358 -0.02206629291305262
3.032962783919598 -0.019546338929444573
3.0654794824120604 -0.016586634553561908
3.0979961809045227 -0.01191165769540703
3.130512879396985 -0.004967806961701626
3.1630295778894473 0.003933746991094722
3.1955462763819096 0.013700824319187177
3.228062974874372 0.022739794074539077
3.260579673366834 0.029353777798689862
3.2930963718592965 0.0321580606176326
3.325613070351759 0.030413126630662646
3.358129768844221 0.024201174436825568
3.3906464673366834 0.014413053958605815
3.4231631658291457 0.002558384655799273
3.455679864321608 -0.009548880863690101
3.4881965628140703 -0.0201526079163159
3.5207132613065326 -0.027882284746340247
3.553229959798995 -0.03197817229886368
3.5857466582914572 -0.03237354424527439
3.6182633567839195 -0.029628600722332976
3.650780055276382 -0.024743832310093694
3.683296753768844 -0.01890479403965628
3.7158134522613064 -0.013220687739760706
3.7483301507537687 -0.008514593555958072
3.780846849246231 -0.005205883692212865
3.8133635477386933 -0.003300271304169655
3.8458802462311557 -0.0024764866210489345
3.878396944723618 -0.0022369893399059038
3.9109136432160803 -0.0020781253529662536
3.9434303417085426 -0.0016348764535791815
3.975947040201005 -0.0007660863045089172
4.008463738693467 0.0004355613395432556
4.0409804371859295 0.0017035069331541308
4.073497135678392 0.0027036918985459124
4.106013834170854 0.0031529244128591927
4.138530532663316 0.0029137699007719675
4.171047231155779 0.002039230582795426
4.203563929648241 0.000756330963668006
4.236080628140703 -0.0006038250210735896
4.268597326633166 -0.0017061504764797064
4.301114025125628 -0.0023098314965182
4.33363072361809 -0.0023339060450666693
4.3661474221105525 -0.0018700697415283685
4.398664120603015 -0.0011398534946920336
4.431180819095477 -0.00041179600020768703
4.463697517587939 9.207148906398288e-5
4.496214216080402 0.0002671463805086205
4.528730914572864 0.00014917553517079796
4.561247613065326 -0.00011837757267585403
4.593764311557789 -0.00035807640637131044
4.626281010050251 -0.0004411709491591864
4.658797708542713 -0.00034165494918170225
4.6913144070351755 -0.00013578165055605496
4.723831105527638 5.279146677139579e-5
4.7563478040201 0.00013188324180646305
4.7888645025125625 9.542198591816486e-5
4.821381201005025 1.5273659073500312e-5
4.853897899497487 -2.7226892939324898e-5
4.886414597989949 -1.432813814972178e-5
4.918931296482412 6.2144662820173835e-6
4.951447994974874 2.119669716194039e-6
4.983964693467336 -4.4066115378882387e-7
5.016481391959799 0.0
5.048998090452261 0.0
5.081514788944723 0.0
5.1140314874371855 0.0
5.146548185929648 0.0
5.179064884422111 0.0
5.211581582914573 0.0
5.244098281407036 0.0
5.276614979899498 0.0
5.30913167839196 0.0
5.3416483768844225 0.0
5.374165075376885 0.0
5.406681773869347 0.0
5.439198472361809 0.0
5.471715170854272 0.0
5.504231869346734 0.0
5.536748567839196 0.0
5.569265266331659 0.0
5.601781964824121 0.0
5.634298663316583 0.0
5.6668153618090455 0.0
5.699332060301508 0.0
5.73184875879397 0.0
5.7643654572864325 0.0
5.796882155778895 0.0
5.829398854271357 0.0
5.861915552763819 0.0
5.894432251256282 0.0
5.926948949748744 0.0
5.959465648241206 0.0
5.991982346733669 0.0
6.024499045226131 0.0
6.057015743718593 0.0
6.0895324422110555 0.0
6.122049140703518 0.0
6.15456583919598 0.0
6.187082537688442 0.0
6.219599236180905 0.0
6.252115934673367 0.0
6.284632633165829 0.0
6.317149331658292 0.0
6.349666030150754 0.0
6.382182728643216 0.0
6.4146994271356785 0.0
6.447216125628141 0.0
6.479732824120603 0.0
6.5122495226130654 0.0
6.544766221105528 0.0
6.57728291959799 0.0
6.609799618090452 0.0
6.642316316582915 0.0
6.674833015075377 0.0
6.707349713567839 0.0
6.739866412060302 0.0
6.772383110552764 0.0
6.804899809045226 0.0
6.8374165075376885 0.0
6.869933206030151 0.0
6.902449904522613 0.0
6.934966603015075 0.0
6.967483301507538 0.0
7.0 0.0
