0.529177 0.010693490347136958
0.5616936984924623 -0.002469378404271083
0.5942103969849246 -0.01038964326835412
0.6267270954773869 -0.0049997133579040565
0.6592437939698492 0.005450186268603829
0.6917604924623115 0.00803521911984717
0.7242771909547738 0.000682296825971207
0.7567938894472361 -0.006753254025568367
0.7893105879396984 -0.005394641448560833
0.8218272864321609 0.0023829813623024165
0.8543439849246232 0.006872552034792534
0.8868606834170855 0.002971953391295301
0.9193773819095478 -0.00437358986084746
0.9518940804020101 -0.006572591942301642
0.9844107788944724 -0.0011995208397479473
1.0169274773869346 0.005780528138529917
1.049444175879397 0.006826870600662005
1.0819608743718594 0.0005676884883314415
1.1144775728643217 -0.007426437773290218
1.146994271356784 -0.010759527355446608
1.1795109698492463 -0.008577552208237194
1.2120276683417086 -0.0062848921129443625
1.244544366834171 -0.01061074710662524
1.2770610653266332 -0.02384746934535542
1.3095777638190955 -0.04198111112106062
1.3420944623115578 -0.057593287633380896
1.3746111608040201 -0.064713253610023
1.4071278592964824 -0.061995421145411456
1.4396445577889447 -0.052535778557455615
1.472161256281407 -0.04123047045277417
1.5046779547738693 -0.031882434343742716
1.5371946532663316 -0.025792693493826846
1.569711351758794 -0.02216556663921665
1.6022280502512563 -0.019485658902112846
1.6347447487437186 -0.016735128979064484
1.6672614472361809 -0.013800899197349281
1.6997781457286432 -0.011129676020914303
1.7322948442211055 -0.009125373062829567
1.7648115427135678 -0.0077778596570396985
1.79732824120603 -0.006710265412266381
1.8298449396984924 -0.005506538559927776
1.8623616381909547 -0.004031864617047631
1.894878336683417 -0.00252397952164074
1.9273950351758793 -0.0014186861994289757
1.9599117336683418 -0.0010426181596017159
1.9924284321608041 -0.0013690278622675578
2.024945130653266 -0.0019763457410135743
2.0574618291457285 -0.00222696294480329
2.089978527638191 -0.0015691145556502306
2.122495226130653 0.00018776598744807416
2.1550119246231154 0.0027502087494895022
2.1875286231155777 0.005419637456895998
2.22004532160804 0.007334030194556362
2.2525620201005023 0.007771724087149323
2.2850787185929646 0.0064021195399845965
2.317595417085427 0.0033983381940174695
2.3501121155778892 -0.000616295750376139
2.3826288140703515 -0.004757282230457349
2.4151455125628143 -0.008132548347305146
2.4476622110552766 -0.010078217782620413
2.480178909547739 -0.01031019172262404
2.512695608040201 -0.00895892865685255
2.5452123065326635 -0.006492810190366072
2.577729005025126 -0.0035656830251582505
2.610245703517588 -0.0008392544895059473
2.6427624020100504 0.001170458282274467
2.6752791005025127 0.0021879129051285418
2.707795798994975 0.0022003981854936683
2.7403124974874373 0.0014150091870988035
2.7728291959798996 0.00017228034988647778
2.805345894472362 -0.0011549434176458817
2.8378625929648242 -0.00225068922952687
2.8703792914572865 -0.002914477323315623
2.902895989949749 -0.003081781801768102
2.935412688442211 -0.0028093453101973864
2.9679293869346735 -0.0022360608904818946
3.0004460854271358 -0.0015336636011511473
3.032962783919598 -0.0008608653981241332
3.0654794824120604 -0.0003308449313408346
3.0979961809045227 3.277514792898728e-6
3.130512879396985 0.00014559886557208301
3.1630295778894473 0.00014181971664584125
3.1955462763819096 5.747995862748212e-5
3.228062974874372 -4.3321707948962285e-5
3.260579673366834 -0.00011366653086497536
3.2930963718592965 -0.00013140990569127098
3.325613070351759 -9.858979086629915e-5
3.358129768844221 -3.463900043243484e-5
3.3906464673366834 3.34894631350835e-5
3.4231631658291457 8.105302617877896e-5
3.455679864321608 9.25809196701266e-5
3.4881965628140703 6.493859666534263e-5
3.5207132613065326 6.366067168528389e-6
3.553229959798995 -6.748117010602073e-5
3.5857466582914572 -0.0001388632973089443
3.6182633567839195 -0.00019296627266385258
3.650780055276382 -0.00022128337195681524
3.683296753768844 -0.00022272421080060667
3.7158134522613064 -0.0002025315008609141
3.7483301507537687 -0.00016967217436558713
3.780846849246231 -0.00013368455438467208
3.8133635477386933 -0.00010196267788842306
3.8458802462311557 -7.818677420345921e-5
3.878396944723618 -6.217520905238416e-5
3.9109136432160803 -5.097762652894744e-5
3.9434303417085426 -4.0681378493445663e-5
3.975947040201005 -2.8250452032807516e-5
4.008463738693467 -1.2782726457771787e-5
4.0409804371859295 4.1814027440523205e-6
4.073497135678392 1.9325539483361354e-5
4.106013834170854 2.8900402639919776e-5
4.138530532663316 3.0233822940317623e-5
4.171047231155779 2.2861216848468757e-5
4.203563929648241 8.87417735384588e-6
4.236080628140703 -7.639723037300428e-6
4.268597326633166 -2.1876155244626716e-5
4.301114025125628 -2.9868918488773488e-5
4.33363072361809 -2.977298998985134e-5
4.3661474221105525 -2.2413951683120104e-5
4.398664120603015 -1.0895960770085367e-5
4.431180819095477 5.985820621390303e-7
4.463697517587939 8.375373909075279e-6
4.496214216080402 1.0560035491380404e-5
4.528730914572864 7.663576752747758e-6
4.561247613065326 2.1426581611194706e-6
4.593764311557789 -2.861517145902326e-6
4.626281010050251 -5.036828099491686e-6
4.658797708542713 -3.9354811747216445e-6
4.6913144070351755 -9.840874781730236e-7
4.723831105527638 1.567718641126703e-6
4.7563478040201 2.1660542870449717e-6
4.7888645025125625 9.517174817119667e-7
4.821381201005025 -5.455000859910797e-7
4.853897899497487 -9.011856718643685e-7
4.886414597989949 -2.015530071730609e-7
4.918931296482412 2.692008251869993e-7
4.951447994974874 3.566839268387412e-8
4.983964693467336 -1.4077784271648852e-8
5.016481391959799 0.0
5.048998090452261 0.0
5.081514788944723 0.0
5.1140314874371855 0.0
5.146548185929648 0.0
5.179064884422111 0.0
5.211581582914573 0.0
5.244098281407036 0.0
5.276614979899498 0.0
5.30913167839196 0.0
5.3416483768844225 0.0
5.374165075376885 0.0
5.406681773869347 0.0
5.439198472361809 0.0
5.471715170854272 0.0
5.504231869346734 0.0
5.536748567839196 0.0
5.569265266331659 0.0
5.601781964824121 0.0
5.634298663316583 0.0
5.6668153618090455 0.0
5.699332060301508 0.0
5.73184875879397 0.0
5.7643654572864325 0.0
5.796882155778895 0.0
5.829398854271357 0.0
5.861915552763819 0.0
5.894432251256282 0.0
5.926948949748744 0.0
5.959465648241206 0.0
5.991982346733669 0.0
6.024499045226131 0.0
6.057015743718593 0.0
6.0895324422110555 0.0
6.122049140703518 0.0
6.15456583919598 0.0
6.187082537688442 0.0
6.219599236180905 0.0
6.252115934673367 0.0
6.284632633165829 0.0
6.317149331658292 0.0
6.349666030150754 0.0
6.382182728643216 0.0
6.4146994271356785 0.0
6.447216125628141 0.0
6.479732824120603 0.0
6.5122495226130654 0.0
6.544766221105528 0.0
6.57728291959799 0.0
6.609799618090452 0.0
6.642316316582915 0.0
6.674833015075377 0.0
6.707349713567839 0.0
6.739866412060302 0.0
6.772383110552764 0.0
6.804899809045226 0.0
6.8374165075376885 0.0
6.869933206030151 0.0
6.902449904522613 0.0
6.934966603015075 0.0
6.967483301507538 0.0
7.0 0.0
