1 0.274635 395.81 1434.45
2 0.201918 273.30 1479.08
3 0.175945 237.73 1431.47
4 0.170764 232.38 1415.25
5 0.162101 222.60 1389.19
6 0.158511 208.40 1403.88
7 0.152206 205.33 1372.89
8 0.141188 197.33 1323.34
9 0.127388 188.59 1254.13
10 0.124921 183.73 1249.43
11 0.121265 179.58 1234.52
12 0.115134 177.43 1196.92
13 0.108997 173.60 1162.17
14 0.102710 166.45 1133.27
15 0.100589 165.79 1118.89
16 0.096631 164.19 1092.43
17 0.091282 161.72 1056.38
18 0.089655 160.31 1046.80
19 0.086652 157.66 1028.99
20 0.082427 150.96 1010.66
21 0.078376 150.42 977.39
22 0.077209 153.98 957.80
23 0.075014 151.01 946.15
24 0.064872 138.25 885.59
25 0.062477 130.39 882.46
26 0.061270 128.99 874.23
27 0.059286 125.42 863.52
28 0.057616 125.35 847.11
29 0.055427 117.98 842.79
30 0.053895 111.34 842.37
31 0.052547 110.79 829.89
32 0.050526 106.56 818.34
33 0.047794 104.79 793.39
34 0.044710 100.60 769.02
35 0.043507 98.59 760.01
36 0.041955 95.49 749.17
37 0.039928 94.85 727.21
38 0.039194 93.58 721.35
39 0.038490 94.66 710.63
40 0.037457 93.96 699.73
41 0.036367 93.77 686.79
42 0.035139 91.60 676.40
43 0.033980 87.37 671.13
44 0.032671 86.20 656.93
45 0.031682 84.00 648.82
46 0.030801 82.72 639.97
47 0.029891 80.28 633.04
48 0.029069 79.15 624.30
49 0.028439 78.92 616.16
51 0.027444 76.40 607.67
52 0.026852 75.50 601.22
53 0.026165 75.28 591.89
54 0.025753 74.41 587.80
55 0.025145 72.76 582.43
56 0.024596 71.48 577.05
57 0.024058 70.20 571.70
58 0.023791 68.66 570.85
59 0.023422 68.14 566.37
60 0.023081 67.43 562.66
61 0.022619 67.30 555.91
62 0.022166 66.68 550.19
63 0.021728 66.00 544.77
64 0.021404 65.50 540.70
65 0.021142 63.73 540.11
66 0.020780 63.21 535.39
67 0.020612 63.17 532.82
68 0.020342 62.76 529.30
69 0.019979 61.49 525.94
70 0.019572 60.63 521.01
71 0.019200 60.31 515.54
72 0.018792 59.53 510.28
73 0.018434 59.64 504.08
74 0.018183 58.44 502.17
75 0.017855 57.43 498.57
76 0.017686 57.79 494.97
77 0.017447 56.58 493.19
78 0.017201 55.98 490.07
79 0.016897 54.91 486.82
80 0.016737 54.37 485.02
81 0.016501 53.86 481.83
82 0.016210 52.60 479.01
83 0.015945 52.35 474.75
84 0.015796 51.44 473.74
85 0.015573 50.46 471.48
86 0.015316 49.85 467.93
87 0.015059 48.76 465.15
88 0.014890 48.44 462.60
89 0.014687 48.58 458.62
90 0.014551 49.29 454.83
91 0.014382 48.52 453.04
92 0.014220 47.31 452.14
93 0.014052 46.60 450.20
94 0.013980 46.58 448.89
95 0.013879 46.31 447.42
96 0.013780 46.45 445.29
97 0.013667 46.30 443.41
98 0.013535 45.87 441.61
99 0.013386 45.22 439.85
101 0.013150 44.37 436.72
102 0.013041 44.11 435.04
103 0.012914 44.15 432.49
104 0.012843 44.31 430.81
105 0.012740 44.45 428.53
106 0.012619 44.47 426.09
107 0.012511 44.19 424.42
108 0.012418 43.30 424.09
109 0.012361 43.35 422.86
110 0.012281 43.07 421.74
111 0.012183 42.76 420.27
112 0.012115 42.63 419.12
113 0.012028 42.44 417.67
114 0.011917 42.16 415.89
115 0.011819 41.35 415.23
116 0.011757 41.11 414.35
117 0.011679 40.88 413.14
118 0.011602 40.91 411.49
119 0.011515 40.81 409.87
120 0.011475 40.64 409.31
121 0.011413 40.49 408.27
122 0.011350 40.52 406.92
123 0.011263 40.24 405.57
124 0.011187 39.96 404.42
125 0.011109 40.00 402.72
126 0.011043 39.63 401.93
127 0.010997 39.65 400.92
128 0.010937 39.51 399.89
129 0.010882 39.57 398.62
130 0.010814 39.17 397.81
131 0.010754 39.06 396.71
132 0.010697 38.79 395.93
133 0.010651 38.46 395.49
134 0.010592 38.28 394.50
135 0.010537 38.54 392.88
136 0.010487 38.26 392.27
137 0.010426 38.20 391.04
138 0.010369 37.93 390.23
139 0.010319 37.73 389.46
140 0.010272 37.56 388.72
141 0.010226 37.61 387.62
142 0.010179 37.62 386.58
143 0.010132 37.53 385.69
144 0.010079 37.25 384.97
145 0.010037 37.10 384.29
146 0.010000 36.72 384.08
147 0.009958 36.61 383.33
148 0.009906 36.43 382.45
149 0.009854 36.33 381.46
151 0.009756 36.05 379.71
152 0.009711 36.08 378.66
153 0.009664 35.98 377.77
154 0.009623 35.97 376.85
155 0.009577 35.78 376.10
156 0.009521 35.60 375.14
157 0.009491 35.61 374.45
158 0.009452 35.36 373.95
159 0.009405 35.20 373.14
160 0.009352 34.89 372.41
161 0.009306 35.03 371.13
162 0.009260 34.73 370.55
163 0.009210 34.75 369.36
164 0.009158 34.68 368.28
165 0.009112 34.64 367.30
166 0.009071 34.62 366.36
167 0.009032 34.49 365.65
168 0.009000 34.44 364.99
169 0.008971 34.42 364.36
170 0.008935 34.38 363.59
171 0.008895 34.35 362.69
172 0.008867 34.28 362.14
173 0.008827 34.13 361.45
174 0.008781 34.08 360.44
175 0.008748 33.85 360.02
176 0.008710 33.79 359.22
177 0.008663 33.76 358.14
178 0.008654 34.05 357.48
179 0.008638 34.01 357.16
180 0.008610 33.91 356.64
181 0.008564 33.67 355.94
182 0.008505 33.44 354.86
183 0.008471 33.35 354.21
184 0.008440 33.20 353.70
185 0.008408 33.05 353.15
186 0.008373 32.99 352.40
187 0.008349 32.86 352.02
188 0.008316 32.75 351.41
189 0.008288 32.70 350.81
190 0.008246 32.72 349.76
191 0.008205 32.31 349.39
192 0.008167 32.30 348.49
193 0.008130 32.54 347.21
194 0.008095 32.54 346.34
195 0.008070 32.47 345.84
196 0.008035 32.38 345.13
197 0.007999 32.18 344.54
198 0.007964 32.03 343.91
199 0.007936 32.16 343.01
201 0.007882 31.97 341.98
202 0.007850 31.79 341.48
203 0.007820 31.78 340.72
204 0.007791 31.86 339.88
205 0.007763 31.55 339.65
206 0.007736 31.28 339.39
207 0.007712 31.26 338.84
208 0.007698 31.22 338.53
209 0.007677 31.05 338.28
210 0.007653 31.12 337.56
211 0.007627 31.15 336.85
212 0.007599 31.15 336.16
213 0.007575 31.06 335.68
214 0.007551 31.16 334.94
215 0.007526 31.09 334.39
216 0.007505 31.21 333.67
217 0.007481 31.11 333.22
218 0.007461 31.11 332.70
219 0.007436 31.08 332.12
220 0.007416 31.02 331.68
221 0.007393 30.90 331.30
222 0.007371 31.00 330.57
223 0.007352 30.95 330.17
224 0.007327 31.00 329.45
225 0.007298 30.84 328.95
226 0.007275 30.97 328.15
227 0.007259 31.11 327.51
228 0.007239 31.02 327.11
229 0.007215 31.00 326.55
230 0.007196 30.72 326.49
231 0.007173 30.64 326.01
232 0.007144 30.48 325.49
233 0.007123 30.60 324.78
234 0.007102 30.57 324.27
235 0.007088 30.49 324.01
236 0.007071 30.49 323.58
237 0.007052 30.38 323.26
238 0.007036 30.34 322.90
239 0.007017 30.21 322.59
240 0.006999 30.13 322.24
241 0.006979 30.24 321.53
242 0.006959 30.23 321.02
243 0.006942 30.11 320.77
244 0.006926 30.10 320.35
245 0.006906 30.04 319.92
246 0.006884 30.05 319.32
247 0.006870 29.93 319.13
248 0.006852 29.84 318.81
249 0.006834 29.81 318.35
251 0.006801 29.69 317.67
252 0.006783 29.71 317.14
253 0.006764 29.75 316.60
254 0.006750 29.85 316.05
255 0.006742 29.97 315.65
256 0.006730 29.86 315.50
257 0.006713 29.80 315.13
258 0.006693 29.65 314.83
259 0.006676 29.63 314.39
260 0.006665 29.45 314.38
261 0.006651 29.43 314.02
262 0.006635 29.45 313.56
263 0.006621 29.50 313.12
264 0.006611 29.49 312.85
265 0.006598 29.42 312.60
266 0.006583 29.33 312.36
267 0.006568 29.29 312.00
268 0.006557 29.22 311.81
269 0.006545 29.18 311.55
270 0.006532 29.21 311.14
271 0.006519 29.27 310.70
272 0.006511 29.28 310.44
273 0.006499 29.26 310.17
274 0.006488 29.23 309.90
275 0.006477 29.21 309.63
276 0.006467 29.16 309.43
277 0.006458 29.21 309.10
278 0.006446 29.12 308.91
279 0.006433 29.01 308.75
280 0.006423 29.03 308.44
281 0.006412 29.01 308.15
282 0.006398 28.95 307.87
283 0.006387 28.93 307.58
284 0.006376 28.83 307.43
285 0.006364 28.88 307.03
286 0.006352 28.78 306.86
287 0.006343 28.69 306.75
288 0.006334 28.69 306.52
289 0.006326 28.63 306.38
290 0.006318 28.59 306.19
291 0.006311 28.70 305.84
292 0.006304 28.62 305.78
293 0.006297 28.55 305.69
294 0.006289 28.44 305.66
295 0.006282 28.38 305.53
296 0.006272 28.30 305.38
297 0.006263 28.30 305.13
298 0.006252 28.31 304.82
299 0.006244 28.23 304.72
301 0.006228 28.26 304.23
302 0.006223 28.29 304.02
303 0.006215 28.25 303.89
304 0.006208 28.21 303.73
305 0.006201 28.19 303.58
306 0.006195 28.20 303.38
307 0.006187 28.20 303.16
308 0.006179 28.15 303.01
309 0.006173 28.06 302.97
310 0.006166 28.02 302.84
311 0.006159 28.07 302.59
312 0.006152 28.06 302.40
313 0.006144 28.03 302.22
314 0.006135 28.04 301.96
315 0.006129 27.95 301.91
316 0.006121 27.98 301.63
317 0.006114 28.01 301.41
318 0.006106 28.01 301.18
319 0.006101 27.95 301.12
320 0.006092 27.91 300.95
321 0.006083 27.82 300.83
322 0.006074 27.80 300.61
323 0.006067 27.68 300.60
324 0.006061 27.66 300.43
325 0.006053 27.69 300.19
326 0.006047 27.73 299.94
327 0.006042 27.70 299.83
328 0.006035 27.71 299.63
329 0.006027 27.74 299.37
330 0.006019 27.70 299.20
331 0.006014 27.70 299.05
332 0.006008 27.67 298.92
333 0.006000 27.61 298.79
334 0.005994 27.59 298.66
335 0.005989 27.64 298.43
336 0.005983 27.62 298.30
337 0.005977 27.61 298.15
338 0.005973 27.66 297.94
339 0.005967 27.64 297.80
340 0.005959 27.62 297.62
341 0.005953 27.68 297.35
342 0.005948 27.62 297.29
343 0.005944 27.56 297.26
344 0.005939 27.60 297.08
345 0.005934 27.55 297.01
346 0.005929 27.54 296.88
347 0.005924 27.53 296.74
348 0.005918 27.45 296.70
349 0.005914 27.30 296.81
351 0.005905 27.30 296.56
352 0.005900 27.31 296.40
353 0.005895 27.26 296.34
354 0.005890 27.17 296.33
355 0.005885 27.17 296.17
356 0.005879 27.13 296.07
357 0.005873 27.13 295.91
358 0.005868 27.10 295.81
359 0.005863 27.05 295.75
360 0.005859 27.09 295.56
361 0.005855 27.14 295.37
362 0.005850 27.13 295.23
363 0.005844 27.16 295.02
364 0.005838 27.12 294.91
365 0.005835 27.04 294.93
366 0.005830 27.02 294.82
367 0.005824 27.04 294.62
368 0.005820 27.02 294.53
369 0.005816 26.96 294.50
370 0.005811 26.96 294.37
371 0.005807 26.92 294.33
372 0.005803 26.88 294.27
373 0.005799 26.84 294.21
374 0.005796 26.87 294.07
375 0.005792 26.85 293.99
376 0.005787 26.84 293.87
377 0.005784 26.76 293.89
378 0.005780 26.78 293.74
379 0.005777 26.82 293.59
380 0.005773 26.84 293.45
381 0.005769 26.85 293.32
382 0.005764 26.82 293.23
383 0.005759 26.72 293.24
384 0.005755 26.76 293.07
385 0.005751 26.79 292.88
386 0.005746 26.78 292.78
387 0.005742 26.77 292.67
388 0.005738 26.72 292.62
389 0.005734 26.72 292.52
390 0.005731 26.73 292.40
391 0.005728 26.73 292.32
392 0.005725 26.64 292.36
393 0.005722 26.61 292.33
394 0.005719 26.59 292.26
395 0.005715 26.57 292.19
396 0.005712 26.54 292.13
397 0.005708 26.51 292.07
398 0.005704 26.52 291.94
399 0.005700 26.54 291.78
401 0.005692 26.54 291.56
402 0.005688 26.48 291.55
403 0.005684 26.46 291.45
404 0.005681 26.43 291.41
405 0.005677 26.43 291.29
406 0.005674 26.37 291.27
407 0.005670 26.35 291.22
408 0.005667 26.33 291.14
409 0.005664 26.34 291.03
410 0.005661 26.30 291.03
411 0.005658 26.28 290.95
412 0.005655 26.25 290.90
413 0.005652 26.23 290.84
414 0.005649 26.22 290.78
415 0.005646 26.26 290.64
416 0.005643 26.25 290.56
417 0.005640 26.24 290.50
418 0.005637 26.25 290.38
419 0.005633 26.21 290.33
420 0.005630 26.21 290.24
421 0.005627 26.22 290.13
422 0.005623 26.19 290.08
423 0.005619 26.15 290.00
424 0.005615 26.13 289.91
425 0.005612 26.11 289.85
426 0.005608 26.13 289.72
427 0.005604 26.09 289.66
428 0.005602 26.08 289.60
429 0.005598 26.05 289.55
430 0.005594 26.04 289.45
431 0.005592 26.01 289.43
432 0.005589 25.98 289.38
433 0.005585 26.02 289.21
434 0.005583 25.95 289.24
435 0.005579 25.96 289.13
436 0.005576 25.97 289.02
437 0.005573 25.97 288.95
438 0.005570 25.98 288.82
439 0.005566 25.99 288.70
440 0.005564 25.97 288.65
441 0.005560 25.94 288.59
442 0.005557 26.01 288.39
443 0.005554 26.06 288.24
444 0.005551 26.05 288.17
445 0.005549 26.02 288.13
446 0.005546 26.00 288.09
447 0.005544 26.00 288.01
448 0.005541 26.05 287.88
449 0.005539 26.08 287.75
451 0.005533 26.00 287.70
452 0.005531 25.97 287.68
453 0.005529 26.00 287.58
454 0.005526 26.00 287.50
455 0.005524 26.01 287.42
456 0.005522 26.04 287.32
457 0.005519 26.05 287.23
458 0.005516 26.01 287.20
459 0.005514 26.00 287.13
460 0.005511 25.97 287.09
461 0.005508 26.02 286.94
462 0.005505 26.00 286.88
463 0.005503 25.97 286.85
464 0.005501 25.99 286.77
465 0.005499 25.97 286.73
466 0.005496 25.95 286.68
467 0.005493 25.98 286.56
468 0.005491 25.97 286.48
469 0.005488 25.98 286.40
470 0.005486 25.99 286.31
471 0.005484 26.00 286.23
472 0.005481 26.01 286.16
473 0.005479 25.98 286.14
474 0.005477 25.98 286.06
475 0.005476 26.03 285.97
476 0.005474 26.03 285.92
477 0.005472 26.03 285.85
478 0.005470 26.06 285.75
479 0.005468 26.06 285.70
480 0.005467 26.04 285.68
481 0.005465 26.07 285.57
482 0.005462 26.05 285.53
483 0.005460 25.99 285.56
484 0.005458 26.01 285.46
485 0.005456 26.03 285.37
486 0.005454 26.00 285.36
487 0.005452 25.97 285.34
488 0.005450 25.99 285.25
489 0.005448 25.99 285.19
490 0.005446 25.99 285.14
491 0.005445 26.00 285.08
492 0.005443 25.98 285.06
493 0.005441 25.95 285.04
494 0.005439 25.94 284.98
495 0.005437 25.95 284.91
496 0.005435 25.97 284.83
497 0.005433 26.00 284.73
498 0.005431 26.01 284.65
499 0.005429 25.99 284.63
501 0.005425 25.94 284.57
502 0.005423 25.92 284.56
503 0.005421 25.90 284.53
504 0.005419 25.87 284.52
505 0.005417 25.86 284.47
506 0.005415 25.85 284.43
507 0.005413 25.84 284.38
508 0.005412 25.83 284.34
509 0.005410 25.83 284.29
510 0.005408 25.83 284.23
511 0.005406 25.84 284.16
512 0.005404 25.82 284.13
513 0.005403 25.84 284.06
514 0.005401 25.84 284.01
515 0.005399 25.85 283.93
516 0.005397 25.85 283.88
517 0.005395 25.84 283.84
518 0.005393 25.83 283.80
519 0.005392 25.82 283.77
520 0.005390 25.77 283.79
521 0.005388 25.71 283.83
522 0.005386 25.70 283.79
523 0.005385 25.71 283.71
524 0.005383 25.75 283.60
525 0.005381 25.76 283.53
526 0.005379 25.75 283.49
527 0.005377 25.75 283.44
528 0.005375 25.71 283.43
529 0.005373 25.69 283.41
530 0.005372 25.72 283.32
531 0.005370 25.71 283.28
532 0.005368 25.69 283.27
533 0.005367 25.71 283.19
534 0.005365 25.70 283.15
535 0.005364 25.65 283.18
536 0.005362 25.63 283.16
537 0.005361 25.60 283.17
538 0.005360 25.59 283.16
539 0.005358 25.60 283.08
540 0.005357 25.61 283.03
541 0.005355 25.62 282.97
542 0.005353 25.60 282.95
543 0.005352 25.61 282.88
544 0.005350 25.62 282.82
545 0.005348 25.62 282.76
546 0.005346 25.64 282.67
547 0.005345 25.60 282.69
548 0.005344 25.61 282.64
549 0.005342 25.62 282.58
551 0.005339 25.63 282.48
552 0.005338 25.60 282.47
553 0.005336 25.60 282.42
554 0.005334 25.59 282.40
555 0.005333 25.58 282.37
556 0.005332 25.57 282.33
557 0.005330 25.54 282.33
558 0.005328 25.55 282.26
559 0.005326 25.52 282.24
560 0.005325 25.54 282.18
561 0.005323 25.56 282.10
562 0.005322 25.57 282.04
563 0.005320 25.58 281.97
564 0.005318 25.57 281.93
565 0.005317 25.56 281.90
566 0.005315 25.56 281.84
567 0.005313 25.58 281.77
568 0.005312 25.58 281.71
569 0.005310 25.60 281.65
570 0.005309 25.59 281.61
571 0.005307 25.61 281.54
572 0.005306 25.58 281.55
573 0.005304 25.58 281.49
574 0.005303 25.60 281.41
575 0.005301 25.61 281.37
576 0.005300 25.60 281.33
577 0.005298 25.61 281.27
578 0.005297 25.60 281.26
579 0.005296 25.60 281.22
580 0.005294 25.59 281.18
581 0.005292 25.60 281.11
582 0.005291 25.57 281.11
583 0.005289 25.55 281.10
584 0.005288 25.55 281.07
585 0.005287 25.56 281.01
586 0.005286 25.55 280.99
587 0.005285 25.53 280.99
588 0.005283 25.50 280.99
589 0.005282 25.48 280.97
590 0.005281 25.49 280.92
591 0.005279 25.49 280.88
592 0.005278 25.46 280.88
593 0.005276 25.47 280.82
594 0.005275 25.45 280.81
595 0.005274 25.46 280.76
596 0.005273 25.46 280.71
597 0.005271 25.46 280.68
598 0.005270 25.44 280.66
599 0.005269 25.48 280.57
601 0.005266 25.46 280.52
602 0.005265 25.46 280.49
603 0.005264 25.45 280.46
604 0.005263 25.45 280.42
605 0.005261 25.45 280.39
606 0.005260 25.45 280.35
607 0.005259 25.46 280.29
608 0.005258 25.47 280.24
609 0.005257 25.47 280.22
610 0.005255 25.42 280.26
611 0.005254 25.43 280.21
612 0.005253 25.45 280.13
613 0.005251 25.43 280.12
614 0.005250 25.43 280.07
615 0.005249 25.38 280.11
616 0.005248 25.38 280.08
617 0.005247 25.39 280.03
618 0.005245 25.39 279.99
619 0.005244 25.41 279.93
620 0.005243 25.43 279.87
621 0.005242 25.42 279.85
622 0.005241 25.41 279.83
623 0.005240 25.41 279.80
624 0.005239 25.41 279.75
625 0.005238 25.43 279.70
626 0.005237 25.45 279.64
627 0.005236 25.43 279.63
628 0.005234 25.44 279.59
629 0.005233 25.44 279.56
630 0.005232 25.42 279.55
631 0.005231 25.40 279.56
632 0.005230 25.42 279.50
633 0.005229 25.39 279.51
634 0.005228 25.37 279.50
635 0.005227 25.34 279.52
636 0.005226 25.34 279.50
637 0.005225 25.33 279.48
638 0.005225 25.34 279.44
639 0.005224 25.35 279.40
640 0.005223 25.36 279.35
641 0.005222 25.34 279.36
642 0.005221 25.35 279.32
643 0.005220 25.35 279.30
644 0.005219 25.34 279.28
645 0.005219 25.34 279.25
646 0.005218 25.36 279.20
647 0.005217 25.36 279.17
648 0.005216 25.38 279.11
649 0.005215 25.37 279.09
651 0.005213 25.34 279.08
652 0.005212 25.36 279.03
653 0.005211 25.38 278.97
654 0.005210 25.39 278.93
655 0.005209 25.38 278.91
656 0.005208 25.37 278.89
657 0.005207 25.34 278.89
658 0.005206 25.32 278.91
659 0.005205 25.32 278.87
660 0.005204 25.34 278.82
661 0.005204 25.34 278.79
662 0.005203 25.35 278.76
663 0.005202 25.34 278.74
664 0.005201 25.34 278.71
665 0.005200 25.33 278.70
666 0.005199 25.34 278.67
667 0.005198 25.36 278.60
668 0.005198 25.38 278.55
669 0.005197 25.37 278.55
670 0.005196 25.36 278.54
671 0.005195 25.35 278.53
672 0.005195 25.34 278.52
673 0.005194 25.35 278.49
674 0.005193 25.35 278.47
675 0.005192 25.36 278.42
676 0.005191 25.37 278.38
677 0.005191 25.36 278.37
678 0.005190 25.35 278.36
679 0.005189 25.36 278.32
680 0.005188 25.35 278.31
681 0.005188 25.33 278.33
682 0.005187 25.34 278.29
683 0.005186 25.33 278.27
684 0.005185 25.33 278.25
685 0.005185 25.33 278.23
686 0.005184 25.32 278.23
687 0.005183 25.31 278.23
688 0.005183 25.31 278.20
689 0.005182 25.33 278.14
690 0.005181 25.31 278.13
691 0.005180 25.30 278.14
692 0.005179 25.29 278.12
693 0.005178 25.32 278.05
694 0.005177 25.32 278.03
695 0.005177 25.33 278.00
696 0.005176 25.34 277.96
697 0.005175 25.34 277.94
698 0.005175 25.31 277.96
699 0.005174 25.28 277.97
701 0.005172 25.27 277.95
702 0.005172 25.28 277.91
703 0.005171 25.28 277.88
704 0.005170 25.27 277.87
705 0.005169 25.28 277.84
706 0.005169 25.28 277.82
707 0.005168 25.26 277.82
708 0.005167 25.24 277.83
709 0.005166 25.24 277.80
710 0.005165 25.22 277.81
711 0.005165 25.21 277.79
712 0.005164 25.23 277.74
713 0.005163 25.22 277.72
714 0.005162 25.23 277.69
715 0.005161 25.23 277.65
716 0.005160 25.24 277.63
717 0.005160 25.25 277.59
718 0.005159 25.25 277.56
719 0.005158 25.26 277.52
720 0.005157 25.27 277.49
721 0.005157 25.26 277.48
722 0.005156 25.27 277.45
723 0.005156 25.27 277.43
724 0.005155 25.26 277.42
725 0.005154 25.26 277.42
726 0.005154 25.27 277.38
727 0.005153 25.27 277.36
728 0.005153 25.27 277.34
729 0.005152 25.27 277.31
730 0.005151 25.25 277.33
731 0.005151 25.25 277.31
732 0.005150 25.27 277.26
733 0.005149 25.26 277.24
734 0.005148 25.26 277.21
735 0.005148 25.28 277.18
736 0.005147 25.29 277.13
737 0.005146 25.27 277.14
738 0.005146 25.26 277.14
739 0.005145 25.26 277.13
740 0.005144 25.28 277.07
741 0.005143 25.29 277.03
742 0.005143 25.30 277.00
743 0.005142 25.29 276.99
744 0.005141 25.28 276.98
745 0.005141 25.29 276.95
746 0.005140 25.29 276.93
747 0.005139 25.29 276.91
748 0.005139 25.29 276.88
749 0.005138 25.29 276.87
751 0.005137 25.26 276.86
752 0.005136 25.24 276.88
753 0.005135 25.25 276.84
754 0.005134 25.26 276.79
755 0.005134 25.26 276.77
756 0.005133 25.26 276.75
757 0.005132 25.26 276.73
758 0.005132 25.24 276.74
759 0.005131 25.24 276.71
760 0.005130 25.25 276.68
761 0.005129 25.24 276.67
762 0.005129 25.23 276.66
763 0.005128 25.22 276.64
764 0.005127 25.20 276.65
765 0.005126 25.20 276.62
766 0.005125 25.23 276.55
767 0.005124 25.23 276.53
768 0.005124 25.22 276.53
769 0.005123 25.23 276.49
770 0.005122 25.23 276.47
771 0.005122 25.21 276.49
772 0.005121 25.19 276.48
773 0.005120 25.20 276.44
774 0.005120 25.20 276.44
775 0.005119 25.20 276.42
776 0.005119 25.20 276.39
777 0.005118 25.20 276.38
778 0.005118 25.20 276.37
779 0.005117 25.21 276.34
780 0.005116 25.20 276.32
781 0.005116 25.18 276.33
782 0.005115 25.17 276.34
783 0.005115 25.16 276.34
784 0.005114 25.15 276.33
785 0.005113 25.13 276.33
786 0.005112 25.14 276.30
787 0.005112 25.16 276.25
788 0.005111 25.16 276.22
789 0.005110 25.17 276.18
790 0.005109 25.19 276.13
791 0.005109 25.18 276.12
792 0.005108 25.19 276.08
793 0.005107 25.19 276.06
794 0.005106 25.19 276.04
795 0.005106 25.17 276.04
796 0.005105 25.18 276.01
797 0.005104 25.17 276.00
798 0.005103 25.17 275.97
799 0.005103 25.16 275.96
801 0.005101 25.14 275.95
802 0.005101 25.14 275.94
803 0.005100 25.13 275.93
804 0.005099 25.13 275.91
805 0.005099 25.13 275.90
806 0.005098 25.13 275.88
807 0.005098 25.13 275.85
808 0.005097 25.16 275.80
809 0.005096 25.16 275.77
810 0.005096 25.15 275.77
811 0.005095 25.16 275.73
812 0.005094 25.14 275.73
813 0.005094 25.14 275.72
814 0.005093 25.13 275.71
815 0.005092 25.12 275.70
816 0.005091 25.13 275.67
817 0.005091 25.10 275.68
818 0.005090 25.10 275.66
819 0.005089 25.08 275.67
820 0.005089 25.07 275.66
821 0.005088 25.07 275.65
822 0.005087 25.09 275.59
823 0.005087 25.10 275.56
824 0.005086 25.09 275.56
825 0.005085 25.08 275.55
826 0.005085 25.07 275.54
827 0.005084 25.08 275.52
828 0.005084 25.07 275.51
829 0.005083 25.08 275.47
830 0.005082 25.09 275.44
831 0.005081 25.09 275.42
832 0.005081 25.07 275.41
833 0.005080 25.04 275.44
834 0.005079 25.04 275.43
835 0.005079 25.04 275.41
836 0.005078 25.04 275.38
837 0.005077 25.04 275.36
838 0.005077 25.06 275.32
839 0.005076 25.05 275.31
840 0.005076 25.06 275.29
841 0.005075 25.06 275.26
842 0.005074 25.06 275.25
843 0.005074 25.05 275.25
844 0.005073 25.02 275.27
845 0.005073 25.00 275.28
846 0.005072 25.00 275.26
847 0.005072 25.00 275.25
848 0.005071 25.00 275.24
849 0.005071 25.00 275.21
851 0.005069 24.99 275.18
852 0.005069 25.00 275.16
853 0.005068 24.99 275.14
854 0.005067 25.00 275.12
855 0.005067 25.00 275.10
856 0.005066 25.00 275.09
857 0.005066 24.99 275.08
858 0.005065 24.99 275.07
859 0.005065 24.99 275.05
860 0.005064 24.99 275.03
861 0.005064 25.00 275.00
862 0.005063 25.01 274.97
863 0.005063 25.00 274.97
864 0.005062 25.00 274.95
865 0.005062 24.99 274.95
866 0.005061 24.99 274.94
867 0.005061 24.98 274.94
868 0.005060 24.98 274.93
869 0.005060 24.97 274.92
870 0.005059 24.96 274.92
871 0.005059 24.95 274.91
872 0.005058 24.95 274.91
873 0.005057 24.94 274.89
874 0.005057 24.95 274.86
875 0.005056 24.96 274.84
876 0.005056 24.95 274.83
877 0.005055 24.96 274.81
878 0.005055 24.96 274.79
879 0.005054 24.96 274.78
880 0.005054 24.96 274.75
881 0.005054 24.97 274.73
882 0.005053 24.97 274.71
883 0.005052 24.99 274.67
884 0.005052 24.99 274.66
885 0.005051 24.99 274.64
886 0.005051 24.99 274.63
887 0.005051 24.98 274.62
888 0.005050 24.99 274.59
889 0.005050 24.98 274.59
890 0.005049 24.98 274.58
891 0.005049 24.98 274.57
892 0.005048 24.97 274.56
893 0.005048 24.98 274.54
894 0.005047 24.98 274.52
895 0.005047 24.97 274.52
896 0.005046 24.98 274.49
897 0.005046 24.97 274.49
898 0.005045 24.95 274.51
899 0.005045 24.94 274.50
901 0.005044 24.92 274.50
902 0.005043 24.92 274.48
903 0.005043 24.94 274.44
904 0.005042 24.92 274.45
905 0.005042 24.91 274.45
906 0.005041 24.90 274.45
907 0.005041 24.90 274.44
908 0.005040 24.88 274.46
909 0.005040 24.88 274.44
910 0.005039 24.88 274.42
911 0.005039 24.88 274.41
912 0.005038 24.88 274.40
913 0.005038 24.87 274.39
914 0.005037 24.86 274.40
915 0.005037 24.87 274.37
916 0.005036 24.88 274.34
917 0.005036 24.89 274.31
918 0.005035 24.87 274.32
919 0.005035 24.86 274.31
920 0.005034 24.87 274.29
921 0.005034 24.87 274.27
922 0.005033 24.86 274.27
923 0.005033 24.88 274.24
924 0.005032 24.90 274.18
925 0.005032 24.90 274.16
926 0.005031 24.88 274.17
927 0.005031 24.88 274.16
928 0.005030 24.89 274.13
929 0.005030 24.89 274.11
930 0.005029 24.88 274.11
931 0.005029 24.89 274.08
932 0.005028 24.88 274.08
933 0.005028 24.89 274.04
934 0.005027 24.90 274.02
935 0.005027 24.90 274.00
936 0.005026 24.88 274.01
937 0.005026 24.87 274.01
938 0.005025 24.87 274.00
939 0.005025 24.85 274.00
940 0.005024 24.86 273.98
941 0.005024 24.86 273.97
942 0.005023 24.85 273.96
943 0.005022 24.85 273.94
944 0.005022 24.85 273.93
945 0.005021 24.83 273.95
946 0.005021 24.83 273.94
947 0.005020 24.83 273.92
948 0.005020 24.82 273.90
949 0.005019 24.82 273.90
951 0.005018 24.79 273.90
952 0.005017 24.80 273.87
953 0.005017 24.80 273.85
954 0.005017 24.80 273.84
955 0.005016 24.79 273.83
956 0.005016 24.80 273.81
957 0.005015 24.81 273.78
958 0.005015 24.81 273.77
959 0.005014 24.81 273.75
960 0.005014 24.82 273.72
961 0.005013 24.83 273.70
962 0.005013 24.82 273.70
963 0.005013 24.80 273.71
964 0.005012 24.80 273.70
965 0.005012 24.78 273.71
966 0.005011 24.79 273.70
967 0.005011 24.77 273.71
968 0.005010 24.77 273.69
969 0.005010 24.79 273.65
970 0.005009 24.78 273.64
971 0.005009 24.79 273.62
972 0.005008 24.77 273.63
973 0.005008 24.79 273.59
974 0.005008 24.78 273.59
975 0.005007 24.77 273.59
976 0.005007 24.76 273.59
977 0.005006 24.77 273.56
978 0.005005 24.78 273.52
979 0.005005 24.79 273.49
980 0.005005 24.79 273.47
981 0.005004 24.78 273.47
982 0.005004 24.78 273.47
983 0.005003 24.77 273.47
984 0.005003 24.76 273.47
985 0.005002 24.75 273.46
986 0.005001 24.74 273.46
987 0.005001 24.73 273.46
988 0.005001 24.72 273.47
989 0.005000 24.72 273.44
990 0.005000 24.74 273.41
991 0.004999 24.73 273.40
992 0.004999 24.73 273.39
993 0.004998 24.72 273.38
994 0.004998 24.72 273.36
995 0.004997 24.72 273.34
996 0.004997 24.73 273.32
997 0.004996 24.73 273.30
998 0.004996 24.74 273.28
999 0.004995 24.74 273.26
1001 0.004994 24.75 273.22
1002 0.004994 24.75 273.21
1003 0.004994 24.74 273.20
1004 0.004993 24.74 273.20
1005 0.004993 24.74 273.19
1006 0.004992 24.74 273.17
1007 0.004992 24.75 273.15
1008 0.004992 24.76 273.13
1009 0.004991 24.75 273.12
1010 0.004991 24.74 273.13
1011 0.004990 24.76 273.08
1012 0.004990 24.76 273.06
1013 0.004990 24.75 273.07
1014 0.004989 24.76 273.05
1015 0.004989 24.75 273.04
1016 0.004988 24.74 273.04
1017 0.004988 24.73 273.05
1018 0.004987 24.72 273.05
1019 0.004987 24.72 273.03
1020 0.004987 24.73 273.01
1021 0.004986 24.72 273.00
1022 0.004985 24.72 272.98
1023 0.004985 24.73 272.96
1024 0.004984 24.71 272.97
1025 0.004984 24.71 272.95
1026 0.004983 24.71 272.94
1027 0.004983 24.71 272.91
1028 0.004982 24.71 272.91
1029 0.004982 24.70 272.90
1030 0.004982 24.70 272.89
1031 0.004981 24.72 272.85
1032 0.004981 24.73 272.81
1033 0.004980 24.74 272.79
1034 0.004980 24.73 272.79
1035 0.004979 24.73 272.77
1036 0.004979 24.72 272.78
1037 0.004978 24.73 272.75
1038 0.004978 24.73 272.73
1039 0.004977 24.73 272.72
1040 0.004977 24.73 272.70
1041 0.004977 24.74 272.68
1042 0.004976 24.74 272.67
1043 0.004976 24.74 272.65
1044 0.004975 24.73 272.64
1045 0.004974 24.72 272.63
1046 0.004974 24.71 272.64
1047 0.004973 24.71 272.63
1048 0.004973 24.71 272.61
1049 0.004973 24.72 272.58
1051 0.004972 24.73 272.55
1052 0.004971 24.74 272.52
1053 0.004971 24.74 272.50
1054 0.004970 24.73 272.50
1055 0.004970 24.71 272.51
1056 0.004970 24.71 272.50
1057 0.004969 24.71 272.49
1058 0.004969 24.70 272.48
1059 0.004968 24.69 272.50
1060 0.004968 24.69 272.49
1061 0.004968 24.68 272.48
1062 0.004967 24.68 272.47
1063 0.004967 24.66 272.49
1064 0.004966 24.66 272.48
1065 0.004966 24.68 272.44
1066 0.004966 24.68 272.42
1067 0.004965 24.68 272.41
1068 0.004965 24.67 272.41
1069 0.004964 24.66 272.41
1070 0.004964 24.66 272.39
1071 0.004963 24.66 272.39
1072 0.004963 24.65 272.39
1073 0.004963 24.65 272.37
1074 0.004962 24.64 272.37
1075 0.004962 24.62 272.39
1076 0.004961 24.62 272.38
1077 0.004961 24.62 272.37
1078 0.004960 24.61 272.36
1079 0.004960 24.63 272.33
1080 0.004960 24.64 272.30
1081 0.004959 24.63 272.30
1082 0.004959 24.62 272.29
1083 0.004958 24.62 272.29
1084 0.004958 24.64 272.24
1085 0.004957 24.63 272.23
1086 0.004957 24.65 272.19
1087 0.004956 24.66 272.17
1088 0.004956 24.65 272.17
1089 0.004956 24.66 272.15
1090 0.004955 24.66 272.13
1091 0.004955 24.67 272.11
1092 0.004955 24.67 272.09
1093 0.004954 24.68 272.07
1094 0.004954 24.68 272.06
1095 0.004954 24.68 272.05
1096 0.004953 24.67 272.05
1097 0.004953 24.66 272.05
1098 0.004953 24.67 272.03
1099 0.004952 24.68 272.01
1101 0.004952 24.67 272.00
1102 0.004951 24.67 271.99
1103 0.004951 24.66 271.99
1104 0.004951 24.67 271.98
1105 0.004950 24.67 271.95
1106 0.004950 24.67 271.95
1107 0.004950 24.67 271.94
1108 0.004949 24.66 271.94
1109 0.004949 24.65 271.95
1110 0.004949 24.64 271.95
1111 0.004948 24.62 271.97
1112 0.004948 24.61 271.98
1113 0.004948 24.61 271.96
1114 0.004947 24.61 271.96
1115 0.004947 24.60 271.96
1116 0.004946 24.60 271.95
1117 0.004946 24.60 271.93
1118 0.004946 24.60 271.91
1119 0.004945 24.61 271.88
1120 0.004945 24.62 271.86
1121 0.004944 24.62 271.85
1122 0.004944 24.62 271.83
1123 0.004944 24.61 271.84
1124 0.004943 24.61 271.82
1125 0.004943 24.61 271.81
1126 0.004942 24.60 271.82
1127 0.004942 24.59 271.82
1128 0.004942 24.59 271.82
1129 0.004941 24.59 271.79
1130 0.004941 24.60 271.77
1131 0.004941 24.60 271.77
1132 0.004940 24.60 271.75
1133 0.004940 24.60 271.74
1134 0.004940 24.61 271.71
1135 0.004939 24.61 271.70
1136 0.004939 24.60 271.70
1137 0.004938 24.60 271.69
1138 0.004938 24.60 271.67
1139 0.004938 24.59 271.68
1140 0.004937 24.59 271.68
1141 0.004937 24.58 271.68
1142 0.004937 24.59 271.66
1143 0.004936 24.60 271.63
1144 0.004936 24.59 271.63
1145 0.004936 24.60 271.60
1146 0.004935 24.60 271.59
1147 0.004935 24.60 271.59
1148 0.004935 24.60 271.58
1149 0.004934 24.59 271.58
1151 0.004933 24.59 271.54
