0.529177 3607.348991057774
0.5616936984924623 3303.5925134628224
0.5942103969849246 2868.227864988843
0.6267270954773869 2378.1459279332803
0.6592437939698492 1890.0143018377478
0.6917604924623115 1441.9221049193693
0.7242771909547738 1055.8781178805677
0.7567938894472361 740.9358784322122
0.7893105879396984 496.5841259261679
0.8218272864321609 316.0287997666385
0.8543439849246232 189.06432319116954
0.8868606834170855 104.3459548918234
0.9193773819095478 50.995635672012384
0.9518940804020101 19.575394497599063
0.9844107788944724 2.5314744612109052
1.0169274773869346 -5.7538194188168745
1.049444175879397 -9.161959856111935
1.0819608743718594 -10.16674875628729
1.1144775728643217 -10.197551485157476
1.146994271356784 -9.974992700051928
1.1795109698492463 -9.785604553660676
1.2120276683417086 -9.684275481171312
1.244544366834171 -9.628368295568976
1.2770610653266332 -9.555655963907668
1.3095777638190955 -9.421214979176284
1.3420944623115578 -9.207838256931836
1.3746111608040201 -8.921967677073837
1.4071278592964824 -8.583843097598844
1.4396445577889447 -8.217356516892153
1.472161256281407 -7.842452007083466
1.5046779547738693 -7.471000136729515
1.5371946532663316 -7.10588269726469
1.569711351758794 -6.742425596022258
1.6022280502512563 -6.3711500816039575
1.6347447487437186 -5.980913549720128
1.6672614472361809 -5.561746902203311
1.6997781457286432 -5.106968182315029
1.7322948442211055 -4.614400296025735
1.7648115427135678 -4.086712360309207
1.79732824120603 -3.5310299408752144
1.8298449396984924 -2.9580236747397066
1.8623616381909547 -2.3807006129133015
1.894878336683417 -1.8131028307088854
1.9273950351758793 -1.2690776537501733
1.9599117336683418 -0.7612351073588002
1.9924284321608041 -0.30015971446078993
2.024945130653266 0.1060987402249225
2.0574618291457285 0.4522643514276865
2.089978527638191 0.73583651930511
2.122495226130653 0.9569000512084358
2.1550119246231154 1.1177962142682532
2.1875286231155777 1.2227065600026208
2.22004532160804 1.2771964229340256
2.2525620201005023 1.2877573404501277
2.2850787185929646 1.2613787091633526
2.317595417085427 1.2051699158162137
2.3501121155778892 1.1260457617266866
2.3826288140703515 1.0304807446073028
2.4151455125628143 0.9243319274605142
2.4476622110552766 0.812725775402555
2.480178909547739 0.7000014036962625
2.512695608040201 0.5897009905838786
2.5452123065326635 0.4845974544683713
2.577729005025126 0.38674964713345616
2.610245703517588 0.29757604918910374
2.6427624020100504 0.21793906781840633
2.6752791005025127 0.14823335691272632
2.707795798994975 0.08847296607223143
2.7403124974874373 0.03837347171162264
2.7728291959798996 -0.002573523971761915
2.805345894472362 -0.03503506917093091
2.8378625929648242 -0.059781370920688914
2.8703792914572865 -0.07764009841406505
2.902895989949749 -0.08945993296384813
2.935412688442211 -0.0960824723970859
2.9679293869346735 -0.09832139780371563
3.0004460854271358 -0.09694772928872908
3.032962783919598 -0.09268000863824
3.0654794824120604 -0.08617832569399297
3.0979961809045227 -0.07804122915769085
3.130512879396985 -0.06880471197422366
3.1630295778894473 -0.0589426202329264
3.1955462763819096 -0.04886798999933717
3.228062974874372 -0.03893495930805102
3.260579673366834 -0.029441026395829795
3.2930963718592965 -0.020629526502887074
3.325613070351759 -0.0126922768051827
3.358129768844221 -0.005772392666756332
3.3906464673366834 3.268982538884302e-5
3.4231631658291457 0.004667937415661072
3.455679864321608 0.00811714478209069
3.4881965628140703 0.010399031821066274
3.5207132613065326 0.011563007281779392
3.553229959798995 0.011684621240249271
3.5857466582914572 0.010860758734111187
3.6182633567839195 0.009204655364726477
3.650780055276382 0.006840840441554974
3.683296753768844 0.003900132441515325
3.7158134522613064 0.00051482387169699
3.7483301507537687 -0.0031858027371640674
3.780846849246231 -0.0070794893312040585
3.8133635477386933 -0.011054420150003352
3.8458802462311557 -0.015011934208473576
3.878396944723618 -0.0188684487845876
3.9109136432160803 -0.02255654059359813
3.9434303417085426 -0.026025165679868678
3.975947040201005 -0.029239035946261538
4.008463738693467 -0.03217720809789171
4.0409804371859295 -0.03483097800182122
4.073497135678392 -0.03720120845474639
4.106013834170854 -0.039295249572830926
4.138530532663316 -0.041123636998804614
4.171047231155779 -0.042696772532508476
4.203563929648241 -0.044021803408952564
4.236080628140703 -0.04509991923538337
4.268597326633166 -0.045924278664244866
4.301114025125628 -0.04647876051575395
4.33363072361809 -0.04673770574805758
4.3661474221105525 -0.04666677704915401
4.398664120603015 -0.046225011723663556
4.431180819095477 -0.045368080958951396
4.463697517587939 -0.044052694639958645
4.496214216080402 -0.04224200593614569
4.528730914572864 -0.03991177435960935
4.561247613065326 -0.03705694044543861
4.593764311557789 -0.033698150320105924
4.626281010050251 -0.029887644970585825
4.658797708542713 -0.02571379785871386
4.6913144070351755 -0.02130344657319938
4.723831105527638 -0.016821020443103407
4.7563478040201 -0.012463317479159741
4.7888645025125625 -0.008448631700787246
4.821381201005025 -0.004998776912259473
4.853897899497487 -0.002312396376964898
4.886414597989949 -0.0005277906580545277
4.918931296482412 0.0003266608026706308
4.951447994974874 0.0003965639961620582
4.983964693467336 8.229289011296714e-5
5.016481391959799 0.0
5.048998090452261 0.0
5.081514788944723 0.0
5.1140314874371855 0.0
5.146548185929648 0.0
5.179064884422111 0.0
5.211581582914573 0.0
5.244098281407036 0.0
5.276614979899498 0.0
5.30913167839196 0.0
5.3416483768844225 0.0
5.374165075376885 0.0
5.406681773869347 0.0
5.439198472361809 0.0
5.471715170854272 0.0
5.504231869346734 0.0
5.536748567839196 0.0
5.569265266331659 0.0
5.601781964824121 0.0
5.634298663316583 0.0
5.6668153618090455 0.0
5.699332060301508 0.0
5.73184875879397 0.0
5.7643654572864325 0.0
5.796882155778895 0.0
5.829398854271357 0.0
5.861915552763819 0.0
5.894432251256282 0.0
5.926948949748744 0.0
5.959465648241206 0.0
5.991982346733669 0.0
6.024499045226131 0.0
6.057015743718593 0.0
6.0895324422110555 0.0
6.122049140703518 0.0
6.15456583919598 0.0
6.187082537688442 0.0
6.219599236180905 0.0
6.252115934673367 0.0
6.284632633165829 0.0
6.317149331658292 0.0
6.349666030150754 0.0
6.382182728643216 0.0
6.4146994271356785 0.0
6.447216125628141 0.0
6.479732824120603 0.0
6.5122495226130654 0.0
6.544766221105528 0.0
6.57728291959799 0.0
6.609799618090452 0.0
6.642316316582915 0.0
6.674833015075377 0.0
6.707349713567839 0.0
6.739866412060302 0.0
6.772383110552764 0.0
6.804899809045226 0.0
6.8374165075376885 0.0
6.869933206030151 0.0
6.902449904522613 0.0
6.934966603015075 0.0
6.967483301507538 0.0
7.0 0.0
