0.529177 1.3040818914614647
0.5616936984924623 -0.5357881242725853
0.5942103969849246 -1.658355251633111
0.6267270954773869 -1.8210233132667781
0.6592437939698492 -1.210438635225728
0.6917604924623115 -0.2648190781201265
0.7242771909547738 0.5584509765249095
0.7567938894472361 0.9658303935684671
0.7893105879396984 0.9003391994865524
0.8218272864321609 0.5025549213787599
0.8543439849246232 0.004400818505018833
0.8868606834170855 -0.384083032819035
0.9193773819095478 -0.5483443902303407
0.9518940804020101 -0.48570260712767777
0.9844107788944724 -0.27478777847863967
1.0169274773869346 -0.023733676851406926
1.049444175879397 0.17675826201411837
1.0819608743718594 0.2794153963714052
1.1144775728643217 0.28250563728579436
1.146994271356784 0.21511263258980762
1.1795109698492463 0.11661724844270793
1.2120276683417086 0.01989740379030991
1.244544366834171 -0.05684293664126017
1.2770610653266332 -0.10959806188839138
1.3095777638190955 -0.1426826059268933
1.3420944623115578 -0.16167516994391917
1.3746111608040201 -0.168508775299415
1.4071278592964824 -0.16019595387660956
1.4396445577889447 -0.130850860996361
1.472161256281407 -0.0754879386840912
1.5046779547738693 0.006254986410567653
1.5371946532663316 0.10793865931373148
1.569711351758794 0.21638375682050537
1.6022280502512563 0.31384339935175376
1.6347447487437186 0.3815453404258733
1.6672614472361809 0.40358079500038
1.6997781457286432 0.37016295673311106
1.7322948442211055 0.2795622025460034
1.7648115427135678 0.13842102992384753
1.79732824120603 -0.03945930594090896
1.8298449396984924 -0.2354725290206261
1.8623616381909547 -0.4291529344591254
1.894878336683417 -0.6011413350806833
1.9273950351758793 -0.7356877852434991
1.9599117336683418 -0.8223645664020296
1.9924284321608041 -0.8568449368685833
2.024945130653266 -0.840772702549657
2.0574618291457285 -0.7808791156239749
2.089978527638191 -0.687584358631284
2.122495226130653 -0.5733498905738088
2.1550119246231154 -0.4510326954696211
2.1875286231155777 -0.33244539389852434
2.22004532160804 -0.2272612906890572
2.2525620201005023 -0.14233381804115197
2.2850787185929646 -0.08143594961802592
2.317595417085427 -0.04537405680457596
2.3501121155778892 -0.03239593609396252
2.3826288140703515 -0.0387949216128618
2.4151455125628143 -0.05960939074975613
2.4476622110552766 -0.08932640150487714
2.480178909547739 -0.12251582406497619
2.512695608040201 -0.1543432786129415
2.5452123065326635 -0.18093304297872237
2.577729005025126 -0.19957315209649096
2.610245703517588 -0.20877232871134765
2.6427624020100504 -0.20819115073391004
2.6752791005025127 -0.19847769825901196
2.707795798994975 -0.18104113449408032
2.7403124974874373 -0.15779596299216792
2.7728291959798996 -0.13090600162649935
2.805345894472362 -0.10255143293034052
2.8378625929648242 -0.07473560139624169
2.8703792914572865 -0.049141375744511606
2.902895989949749 -0.02704054689820623
2.935412688442211 -0.009254361490093288
2.9679293869346735 0.0038408266391343204
3.0004460854271358 0.01227156569257204
3.032962783919598 0.016399200045270845
3.0654794824120604 0.016836150014569284
3.0979961809045227 0.0143564027530374
3.130512879396985 0.009808664577576565
3.1630295778894473 0.004038808219775092
3.1955462763819096 -0.002173768913053209
3.228062974874372 -0.00816326950371149
3.260579673366834 -0.013407336498858058
3.2930963718592965 -0.017540390599606326
3.325613070351759 -0.020352437473775353
3.358129768844221 -0.021776121662696823
3.3906464673366834 -0.02186523134696472
3.4231631658291457 -0.02076794587810582
3.455679864321608 -0.018697922789215227
3.4881965628140703 -0.01590591198510083
3.5207132613065326 -0.012654034149818472
3.553229959798995 -0.009194238751661032
3.5857466582914572 -0.005751827213316574
3.6182633567839195 -0.0025143413677142235
3.650780055276382 0.00037438422623381484
3.683296753768844 0.00281559891118377
3.7158134522613064 0.004753302813696791
3.7483301507537687 0.006169209691506694
3.780846849246231 0.007076041049003834
3.8133635477386933 0.007510118408390554
3.8458802462311557 0.007524076618210529
3.878396944723618 0.007180326434536255
3.9109136432160803 0.006545675245433813
3.9434303417085426 0.005687294749805005
3.975947040201005 0.004670024811275653
4.008463738693467 0.003554840221113409
4.0409804371859295 0.002398193031694973
4.073497135678392 0.0012518835028458852
4.106013834170854 0.0001631076720514102
4.138530532663316 -0.0008256256114691496
4.171047231155779 -0.001676929729001131
4.203563929648241 -0.002359435304242652
4.236080628140703 -0.0028491260381997563
4.268597326633166 -0.003130971677819616
4.301114025125628 -0.0032006079381972086
4.33363072361809 -0.0030657386632810812
4.3661474221105525 -0.0027469043798191706
4.398664120603015 -0.0022772811498725787
4.431180819095477 -0.0017012474454531912
4.463697517587939 -0.0010715825883380603
4.496214216080402 -0.0004453305427887244
4.528730914572864 0.0001214356889249757
4.561247613065326 0.0005794998778583249
4.593764311557789 0.0008923867735575186
4.626281010050251 0.0010414302105345996
4.658797708542713 0.001029119879603968
4.6913144070351755 0.0008798377166385762
4.723831105527638 0.0006372544048645068
4.7563478040201 0.0003579961303330492
4.7888645025125625 0.00010174688759434503
4.821381201005025 -8.124463965941686e-5
4.853897899497487 -0.00016320383110723924
4.886414597989949 -0.00014898361405357718
4.918931296482412 -7.820464088581502e-5
4.951447994974874 -1.2233602319611236e-5
4.983964693467336 3.490085873636417e-6
5.016481391959799 0.0
5.048998090452261 0.0
5.081514788944723 0.0
5.1140314874371855 0.0
5.146548185929648 0.0
5.179064884422111 0.0
5.211581582914573 0.0
5.244098281407036 0.0
5.276614979899498 0.0
5.30913167839196 0.0
5.3416483768844225 0.0
5.374165075376885 0.0
5.406681773869347 0.0
5.439198472361809 0.0
5.471715170854272 0.0
5.504231869346734 0.0
5.536748567839196 0.0
5.569265266331659 0.0
5.601781964824121 0.0
5.634298663316583 0.0
5.6668153618090455 0.0
5.699332060301508 0.0
5.73184875879397 0.0
5.7643654572864325 0.0
5.796882155778895 0.0
5.829398854271357 0.0
5.861915552763819 0.0
5.894432251256282 0.0
5.926948949748744 0.0
5.959465648241206 0.0
5.991982346733669 0.0
6.024499045226131 0.0
6.057015743718593 0.0
6.0895324422110555 0.0
6.122049140703518 0.0
6.15456583919598 0.0
6.187082537688442 0.0
6.219599236180905 0.0
6.252115934673367 0.0
6.284632633165829 0.0
6.317149331658292 0.0
6.349666030150754 0.0
6.382182728643216 0.0
6.4146994271356785 0.0
6.447216125628141 0.0
6.479732824120603 0.0
6.5122495226130654 0.0
6.544766221105528 0.0
6.57728291959799 0.0
6.609799618090452 0.0
6.642316316582915 0.0
6.674833015075377 0.0
6.707349713567839 0.0
6.739866412060302 0.0
6.772383110552764 0.0
6.804899809045226 0.0
6.8374165075376885 0.0
6.869933206030151 0.0
6.902449904522613 0.0
6.934966603015075 0.0
6.967483301507538 0.0
7.0 0.0
