0.529177 -27.58404839180548
0.5616936984924623 -42.95907989765146
0.5942103969849246 -52.85997701612723
0.6267270954773869 -57.746102246983355
0.6592437939698492 -58.12532325196116
0.6917604924623115 -54.59776071599845
0.7242771909547738 -47.8695050699298
0.7567938894472361 -38.73940830081665
0.7893105879396984 -28.06381692006653
0.8218272864321609 -16.706105106162795
0.8543439849246232 -5.479359494374876
0.8868606834170855 4.908949978533201
0.9193773819095478 13.902238203620072
0.9518940804020101 21.123876641095194
0.9844107788944724 26.386729256049875
1.0169274773869346 29.682964658428318
1.049444175879397 31.156903514383885
1.0819608743718594 31.06590794643489
1.1144775728643217 29.735538529190308
1.146994271356784 27.515287128184355
1.1795109698492463 24.740256835884793
1.2120276683417086 21.702497361073256
1.244544366834171 18.633706225738933
1.2770610653266332 15.699070045071494
1.3095777638190955 13.000469591232104
1.3420944623115578 10.586305135593648
1.3746111608040201 8.464869349147193
1.4071278592964824 6.618430462998731
1.4396445577889447 5.015826018399821
1.472161256281407 3.6222055045927846
1.5046779547738693 2.405404775603529
1.5371946532663316 1.3391365438546927
1.569711351758794 0.4036524617422401
1.6022280502512563 -0.41524905504229537
1.6347447487437186 -1.1279984351203893
1.6672614472361809 -1.7431043283904728
1.6997781457286432 -2.2686097030091332
1.7322948442211055 -2.712941218916967
1.7648115427135678 -3.0851506928247545
1.79732824120603 -3.3946893836764502
1.8298449396984924 -3.650920843489075
1.8623616381909547 -3.8625769236277847
1.894878336683417 -4.03731503832023
1.9273950351758793 -4.181466762456694
1.9599117336683418 -4.299999360486254
1.9924284321608041 -4.3966577975370456
2.024945130653266 -4.474222663937326
2.0574618291457285 -4.534809982087609
2.089978527638191 -4.5801478510638844
2.122495226130653 -4.611785451928881
2.1550119246231154 -4.631214716428076
2.1875286231155777 -4.639907716624293
2.22004532160804 -4.639289401395217
2.2525620201005023 -4.630673864023265
2.2850787185929646 -4.615193119458127
2.317595417085427 -4.593742116057911
2.3501121155778892 -4.566954873209397
2.3826288140703515 -4.535216775435401
2.4151455125628143 -4.4987092971950915
2.4476622110552766 -4.457477198420747
2.480178909547739 -4.411505138194116
2.512695608040201 -4.360790605656803
2.5452123065326635 -4.305402439720638
2.577729005025126 -4.2455180877786916
2.610245703517588 -4.181437160519636
2.6427624020100504 -4.113572916421617
2.6752791005025127 -4.04242643428006
2.707795798994975 -3.968550071678692
2.7403124974874373 -3.8925073061400326
2.7728291959798996 -3.8148353852302535
2.805345894472362 -3.7360156930553785
2.8378625929648242 -3.656454762429348
2.8703792914572865 -3.57647680671289
2.902895989949749 -3.4963268318242626
2.935412688442211 -3.4161820381341386
2.9679293869346735 -3.3361684443625563
3.0004460854271358 -3.2563794673624216
3.032962783919598 -3.1768934950669063
3.0654794824120604 -3.0977881604776485
3.0979961809045227 -3.0191499019329058
3.130512879396985 -2.941078319152439
3.1630295778894473 -2.863685669059123
3.1955462763819096 -2.787092489990755
3.228062974874372 -2.7114207416107092
3.260579673366834 -2.6367859871206747
3.2930963718592965 -2.5632900481359684
3.325613070351759 -2.4910152817228663
3.358129768844221 -2.420021230736893
3.3906464673366834 -2.350343953921765
3.4231631658291457 -2.2819979178548238
3.455679864321608 -2.2149799816943414
3.4881965628140703 -2.1492747641150345
3.5207132613065326 -2.0848605663322815
3.553229959798995 -2.021715034259614
3.5857466582914572 -1.9598198595340364
3.6182633567839195 -1.8991640154181368
3.650780055276382 -1.839745264755038
3.683296753768844 -1.7815699280290573
3.7158134522613064 -1.7246511270968767
3.7483301507537687 -1.669005898776959
3.780846849246231 -1.6146516845383303
3.8133635477386933 -1.5616027407650108
3.8458802462311557 -1.5098669802882796
3.878396944723618 -1.4594436605239025
3.9109136432160803 -1.4103221929944993
3.9434303417085426 -1.3624821839439392
3.975947040201005 -1.3158946475323319
4.008463738693467 -1.2705241824260156
4.0409804371859295 -1.2263317862543772
4.073497135678392 -1.1832779126489186
4.106013834170854 -1.1413253582431935
4.138530532663316 -1.1004416022533405
4.171047231155779 -1.0606003027460247
4.203563929648241 -1.021781770627058
4.236080628140703 -0.9839723800414504
4.268597326633166 -0.9471630157313484
4.301114025125628 -0.9113467871757166
4.33363072361809 -0.876516340782473
4.3661474221105525 -0.842661162812874
4.398664120603015 -0.8097652792730514
4.431180819095477 -0.7778057217055903
4.463697517587939 -0.7467520423197129
4.496214216080402 -0.7165670359590877
4.528730914572864 -0.6872086723124085
4.561247613065326 -0.6586330755217205
4.593764311557789 -0.630798227915875
4.626281010050251 -0.6036679385561001
4.658797708542713 -0.5772155231188663
4.6913144070351755 -0.5514266036479967
4.723831105527638 -0.5263004651551455
4.7563478040201 -0.5018495051153877
4.7888645025125625 -0.4780964794681495
4.821381201005025 -0.4550694754871074
4.853897899497487 -0.4327948117861524
4.886414597989949 -0.41128835647032247
4.918931296482412 -0.3905460387613857
4.951447994974874 -0.37053457689216884
4.983964693467336 -0.35118362437424366
5.016481391959799 -0.3323806179141684
5.048998090452261 -0.3139695681093144
5.081514788944723 -0.29575485039458727
5.1140314874371855 -0.27751072043429303
5.146548185929648 -0.25899679984468094
5.179064884422111 -0.23997917364431487
5.211581582914573 -0.22025604486771044
5.244098281407036 -0.19968615515244892
5.276614979899498 -0.1782174688323721
5.30913167839196 -0.1559130114110303
5.3416483768844225 -0.13297033994422236
5.374165075376885 -0.10973099608054326
5.406681773869347 -0.08667654235432565
5.439198472361809 -0.06440848739657667
5.471715170854272 -0.04361062170028163
5.504231869346734 -0.02499403222100227
5.536748567839196 -0.009227310501955799
5.569265266331659 0.0031428841684828512
5.601781964824121 0.011772884061429068
5.634298663316583 0.016593891978118336
5.6668153618090455 0.017861603602796094
5.699332060301508 0.016169311978956102
5.73184875879397 0.012410900671966374
5.7643654572864325 0.007683625781282899
5.796882155778895 0.0031281180872611003
5.829398854271357 -0.0002839163971657399
5.861915552763819 -0.0019834797276416793
5.894432251256282 -0.001998995776375523
5.926948949748744 -0.0010098065849888371
5.959465648241206 -9.999928988690954e-5
5.991982346733669 2.017165934375953e-5
6.024499045226131 0.0
6.057015743718593 0.0
6.0895324422110555 0.0
6.122049140703518 0.0
6.15456583919598 0.0
6.187082537688442 0.0
6.219599236180905 0.0
6.252115934673367 0.0
6.284632633165829 0.0
6.317149331658292 0.0
6.349666030150754 0.0
6.382182728643216 0.0
6.4146994271356785 0.0
6.447216125628141 0.0
6.479732824120603 0.0
6.5122495226130654 0.0
6.544766221105528 0.0
6.57728291959799 0.0
6.609799618090452 0.0
6.642316316582915 0.0
6.674833015075377 0.0
6.707349713567839 0.0
6.739866412060302 0.0
6.772383110552764 0.0
6.804899809045226 0.0
6.8374165075376885 0.0
6.869933206030151 0.0
6.902449904522613 0.0
6.934966603015075 0.0
6.967483301507538 0.0
7.0 0.0
