0.529177 171.90976547812653
0.5616936984924623 124.70932729953245
0.5942103969849246 78.0871458950495
0.6267270954773869 36.89178509999056
0.6592437939698492 3.9276321337997615
0.6917604924623115 -19.768000203169578
0.7242771909547738 -34.53368287720585
0.7567938894472361 -41.63929760716215
0.7893105879396984 -42.851603994641465
0.8218272864321609 -40.061982024139894
0.8543439849246232 -35.008819597821144
0.8868606834170855 -29.105580839208784
0.9193773819095478 -23.36717779595645
0.9518940804020101 -18.414745318293768
0.9844107788944724 -14.533092559685002
1.0169274773869346 -11.755163915282225
1.049444175879397 -9.952038078014255
1.0819608743718594 -8.913310764620462
1.1144775728643217 -8.409369859763729
1.146994271356784 -8.232827680039577
1.1795109698492463 -8.220561335105117
1.2120276683417086 -8.260278296265199
1.244544366834171 -8.286476589526956
1.2770610653266332 -8.270501698617295
1.3095777638190955 -8.208555551209486
1.3420944623115578 -8.110376997862147
1.3746111608040201 -7.9901785811021
1.4071278592964824 -7.860470501992381
1.4396445577889447 -7.728710602475928
1.472161256281407 -7.596296764314957
1.5046779547738693 -7.459227665887568
1.5371946532663316 -7.309740196956511
1.569711351758794 -7.138324339049404
1.6022280502512563 -6.935663951127367
1.6347447487437186 -6.694212669903607
1.6672614472361809 -6.409260238943489
1.6997781457286432 -6.079460901482662
1.7322948442211055 -5.7068767928452075
1.7648115427135678 -5.296637073997374
1.79732824120603 -4.856333305453177
1.8298449396984924 -4.395270388992174
1.8623616381909547 -3.923677510635798
1.894878336683417 -3.4519612318425743
1.9273950351758793 -2.9900581801474573
1.9599117336683418 -2.546921210172229
1.9924284321608041 -2.1301526222222833
2.024945130653266 -1.745782111687447
2.0574618291457285 -1.3981758214439424
2.089978527638191 -1.09005586444556
2.122495226130653 -0.8226063296111761
2.1550119246231154 -0.595641289981188
2.1875286231155777 -0.4078118917994402
2.22004532160804 -0.2568324801259223
2.2525620201005023 -0.13970929070404736
2.2850787185929646 -0.05295902402605179
2.317595417085427 0.007191735366291141
2.3501121155778892 0.04463201410254669
2.3826288140703515 0.063219842271792
2.4151455125628143 0.06666429956669617
2.4476622110552766 0.05843529188530283
2.480178909547739 0.041698956130801434
2.512695608040201 0.019275846547429865
2.5452123065326635 -0.00638133118445694
2.577729005025126 -0.033193780150782004
2.610245703517588 -0.059449711792751714
2.6427624020100504 -0.08378749274237407
2.6752791005025127 -0.10517152376246486
2.707795798994975 -0.12286317039172445
2.7403124974874373 -0.1363886903585012
2.7728291959798996 -0.14550574253860304
2.805345894472362 -0.15016973161141323
2.8378625929648242 -0.15050095047109835
2.8703792914572865 -0.14675323259814377
2.902895989949749 -0.1392846189681336
2.935412688442211 -0.12853037605566442
2.9679293869346735 -0.11497856886580848
3.0004460854271358 -0.09914829066059383
3.032962783919598 -0.08157057387217037
3.0654794824120604 -0.0627719495350334
3.0979961809045227 -0.04326058082358486
3.130512879396985 -0.023514865984623157
3.1630295778894473 -0.003974383856188979
3.1955462763819096 0.014966961283960245
3.228062974874372 0.03296575145316183
3.260579673366834 0.04973198934527545
3.2930963718592965 0.0650303298367021
3.325613070351759 0.07867979014343973
3.358129768844221 0.0905521259197144
3.3906464673366834 0.10056906491553264
3.4231631658291457 0.10869859245360658
3.455679864321608 0.1149504836040478
3.4881965628140703 0.11937127522924129
3.5207132613065326 0.12203886674507203
3.553229959798995 0.1230569313191836
3.5857466582914572 0.12254930918356877
3.6182633567839195 0.12065454180168445
3.650780055276382 0.11752068990500675
3.683296753768844 0.11330056013787271
3.7158134522613064 0.10814744454523861
3.7483301507537687 0.10221145481693839
3.780846849246231 0.09563650955288949
3.8133635477386933 0.08855800837170591
3.8458802462311557 0.08110120202979942
3.878396944723618 0.07338024344397809
3.9109136432160803 0.06549788122083555
3.9434303417085426 0.0575457355834601
3.975947040201005 0.0496050770117904
4.008463738693467 0.04174801101464709
4.0409804371859295 0.034038958709118106
4.073497135678392 0.026536312730968348
4.106013834170854 0.019294141807108645
4.138530532663316 0.012363815398430233
4.171047231155779 0.005795422403707562
4.203563929648241 -0.00036113482025257326
4.236080628140703 -0.006055477819643329
4.268597326633166 -0.011236610614048459
4.301114025125628 -0.015853367640829674
4.33363072361809 -0.019855492865360702
4.3661474221105525 -0.023195360912495744
4.398664120603015 -0.025830315770519974
4.431180819095477 -0.027725563185128976
4.463697517587939 -0.028857509591261987
4.496214216080402 -0.029217393632052335
4.528730914572864 -0.02881500635123757
4.561247613065326 -0.027682243383765126
4.593764311557789 -0.02587617731199998
4.626281010050251 -0.02348128120485171
4.658797708542713 -0.02061037564453727
4.6913144070351755 -0.01740381168173144
4.723831105527638 -0.014026341584212787
4.7563478040201 -0.010661068365550364
4.7888645025125625 -0.007499804322321779
4.821381201005025 -0.004729108567914864
4.853897899497487 -0.002511214225535241
4.886414597989949 -0.0009589978963049361
4.918931296482412 -0.00010408761778535336
4.951447994974874 0.00014284890306726084
4.983964693467336 4.064613580112564e-5
5.016481391959799 0.0
5.048998090452261 0.0
5.081514788944723 0.0
5.1140314874371855 0.0
5.146548185929648 0.0
5.179064884422111 0.0
5.211581582914573 0.0
5.244098281407036 0.0
5.276614979899498 0.0
5.30913167839196 0.0
5.3416483768844225 0.0
5.374165075376885 0.0
5.406681773869347 0.0
5.439198472361809 0.0
5.471715170854272 0.0
5.504231869346734 0.0
5.536748567839196 0.0
5.569265266331659 0.0
5.601781964824121 0.0
5.634298663316583 0.0
5.6668153618090455 0.0
5.699332060301508 0.0
5.73184875879397 0.0
5.7643654572864325 0.0
5.796882155778895 0.0
5.829398854271357 0.0
5.861915552763819 0.0
5.894432251256282 0.0
5.926948949748744 0.0
5.959465648241206 0.0
5.991982346733669 0.0
6.024499045226131 0.0
6.057015743718593 0.0
6.0895324422110555 0.0
6.122049140703518 0.0
6.15456583919598 0.0
6.187082537688442 0.0
6.219599236180905 0.0
6.252115934673367 0.0
6.284632633165829 0.0
6.317149331658292 0.0
6.349666030150754 0.0
6.382182728643216 0.0
6.4146994271356785 0.0
6.447216125628141 0.0
6.479732824120603 0.0
6.5122495226130654 0.0
6.544766221105528 0.0
6.57728291959799 0.0
6.609799618090452 0.0
6.642316316582915 0.0
6.674833015075377 0.0
6.707349713567839 0.0
6.739866412060302 0.0
6.772383110552764 0.0
6.804899809045226 0.0
6.8374165075376885 0.0
6.869933206030151 0.0
6.902449904522613 0.0
6.934966603015075 0.0
6.967483301507538 0.0
7.0 0.0
