0.529177 814.8766953545891
0.5616936984924623 823.5344878227149
0.5942103969849246 640.1445145013965
0.6267270954773869 354.70585857079504
0.6592437939698492 52.770228303013596
0.6917604924623115 -202.03053668139094
0.7242771909547738 -375.29897045961377
0.7567938894472361 -460.090527232736
0.7893105879396984 -469.2620546353022
0.8218272864321609 -425.7893520557893
0.8543439849246232 -354.19310848655255
0.8868606834170855 -274.82483471701335
0.9193773819095478 -201.3518805166922
0.9518940804020101 -140.79085615341037
0.9844107788944724 -95.01918317742687
1.0169274773869346 -62.75056850413037
1.049444175879397 -41.280992796081165
1.0819608743718594 -27.68839859654784
1.1144775728643217 -19.46412836365144
1.146994271356784 -14.716179079431896
1.1795109698492463 -12.127314165872718
1.2120276683417086 -10.819628088902533
1.244544366834171 -10.21782938093321
1.2770610653266332 -9.948748863301262
1.3095777638190955 -9.77911886829844
1.3420944623115578 -9.5785165024202
1.3746111608040201 -9.293383174178928
1.4071278592964824 -8.923592872030724
1.4396445577889447 -8.499317170646293
1.472161256281407 -8.059935568801336
1.5046779547738693 -7.637877014221658
1.5371946532663316 -7.2493507149278
1.569711351758794 -6.892148454523181
1.6022280502512563 -6.549083666823549
1.6347447487437186 -6.194718318888022
1.6672614472361809 -5.80291665656523
1.6997781457286432 -5.353263535073154
1.7322948442211055 -4.835188044097151
1.7648115427135678 -4.249454001678828
1.79732824120603 -3.607323245020723
1.8298449396984924 -2.9280799248734866
1.8623616381909547 -2.2357284606693497
1.894878336683417 -1.5556041925452178
1.9273950351758793 -0.9114450774699776
1.9599117336683418 -0.3232415318243511
1.9924284321608041 0.19403286383482055
2.024945130653266 0.630870996723047
2.0574618291457285 0.9830248388255427
2.089978527638191 1.2508465361101457
2.122495226130653 1.4383807013255137
2.1550119246231154 1.5523786073018186
2.1875286231155777 1.6013590782462188
2.22004532160804 1.5947932266406042
2.2525620201005023 1.5424487354939629
2.2850787185929646 1.4538981455011708
2.317595417085427 1.3381754557006502
2.3501121155778892 1.2035550830107127
2.3826288140703515 1.0574245560222835
2.4151455125628143 0.9062246428865706
2.4476622110552766 0.7554355624937443
2.480178909547739 0.6095936516120446
2.512695608040201 0.4723281200436418
2.5452123065326635 0.34641165484168823
2.577729005025126 0.2338214226563764
2.610245703517588 0.13580856773018013
2.6427624020100504 0.05297488729570432
2.6752791005025127 -0.014644677286639762
2.707795798994975 -0.06749544805768437
2.7403124974874373 -0.10641443962771291
2.7728291959798996 -0.13254222739431043
2.805345894472362 -0.14723776460186855
2.8378625929648242 -0.15199852839799632
2.8703792914572865 -0.1483880514810494
2.902895989949749 -0.13797243407242377
2.935412688442211 -0.12226689610889707
2.9679293869346735 -0.10269288342908567
3.0004460854271358 -0.08054573399329001
3.032962783919598 -0.05697247471022138
3.0654794824120604 -0.0329589741108407
3.0979961809045227 -0.009325425066947446
3.130512879396985 0.013271030926375715
3.1630295778894473 0.034327812732783514
3.1955462763819096 0.05348384113904103
3.228062974874372 0.07050318901968922
3.260579673366834 0.08525665684840078
3.2930963718592965 0.09770240376496986
3.325613070351759 0.10786665622595137
3.358129768844221 0.11582538960459487
3.3906464673366834 0.12168773469932148
3.4231631658291457 0.12558170236968635
3.455679864321608 0.12764264757646515
3.4881965628140703 0.12800471253137857
3.5207132613065326 0.12679530291586616
3.553229959798995 0.12413246849234838
3.5857466582914572 0.12012488868759874
3.6182633567839195 0.11487401445924661
3.650780055276382 0.10847779946851688
3.683296753768844 0.1010353747178101
3.7158134522613064 0.09265198780303763
3.7483301507537687 0.08344354435632795
3.780846849246231 0.07354015525021396
3.8133635477386933 0.06308820503886636
3.8458802462311557 0.052250607507801305
3.878396944723618 0.04120509221007751
3.9109136432160803 0.03014055784132097
3.9434303417085426 0.01925171872056808
3.975947040201005 0.008732443306712412
4.008463738693467 -0.0012316770740881111
4.0409804371859295 -0.0104708989995288
4.073497135678392 -0.018838372495849853
4.106013834170854 -0.026216026084512123
4.138530532663316 -0.03251875035368812
4.171047231155779 -0.03769649333224834
4.203563929648241 -0.04173408419063662
4.236080628140703 -0.04464883722397417
4.268597326633166 -0.04648623370280802
4.301114025125628 -0.04731420903488015
4.33363072361809 -0.04721675849498297
4.3661474221105525 -0.04628768813068973
4.398664120603015 -0.04462535240577381
4.431180819095477 -0.04232911628128022
4.463697517587939 -0.03949804524404499
4.496214216080402 -0.03623196335780676
4.528730914572864 -0.03263454430316415
4.561247613065326 -0.02881755168868949
4.593764311557789 -0.02490478536668661
4.626281010050251 -0.021033811458437413
4.658797708542713 -0.017353279255416965
4.6913144070351755 -0.014013718436103773
4.723831105527638 -0.011150365214234625
4.7563478040201 -0.00885802910829625
4.7888645025125625 -0.007160571543806782
4.821381201005025 -0.005981559826579996
4.853897899497487 -0.005128470961096809
4.886414597989949 -0.0043108857626634745
4.918931296482412 -0.003223922276220037
4.951447994974874 -0.001742247296590449
4.983964693467336 -0.00028796477698733725
5.016481391959799 0.0
5.048998090452261 0.0
5.081514788944723 0.0
5.1140314874371855 0.0
5.146548185929648 0.0
5.179064884422111 0.0
5.211581582914573 0.0
5.244098281407036 0.0
5.276614979899498 0.0
5.30913167839196 0.0
5.3416483768844225 0.0
5.374165075376885 0.0
5.406681773869347 0.0
5.439198472361809 0.0
5.471715170854272 0.0
5.504231869346734 0.0
5.536748567839196 0.0
5.569265266331659 0.0
5.601781964824121 0.0
5.634298663316583 0.0
5.6668153618090455 0.0
5.699332060301508 0.0
5.73184875879397 0.0
5.7643654572864325 0.0
5.796882155778895 0.0
5.829398854271357 0.0
5.861915552763819 0.0
5.894432251256282 0.0
5.926948949748744 0.0
5.959465648241206 0.0
5.991982346733669 0.0
6.024499045226131 0.0
6.057015743718593 0.0
6.0895324422110555 0.0
6.122049140703518 0.0
6.15456583919598 0.0
6.187082537688442 0.0
6.219599236180905 0.0
6.252115934673367 0.0
6.284632633165829 0.0
6.317149331658292 0.0
6.349666030150754 0.0
6.382182728643216 0.0
6.4146994271356785 0.0
6.447216125628141 0.0
6.479732824120603 0.0
6.5122495226130654 0.0
6.544766221105528 0.0
6.57728291959799 0.0
6.609799618090452 0.0
6.642316316582915 0.0
6.674833015075377 0.0
6.707349713567839 0.0
6.739866412060302 0.0
6.772383110552764 0.0
6.804899809045226 0.0
6.8374165075376885 0.0
6.869933206030151 0.0
6.902449904522613 0.0
6.934966603015075 0.0
6.967483301507538 0.0
7.0 0.0
