0.529177 171.908789102223
0.5616936984924623 124.70854927167852
0.5942103969849246 78.08657561545942
0.6267270954773869 36.89140795247238
0.6592437939698492 3.9274184270378214
0.6917604924623115 -19.768087364189597
0.7242771909547738 -34.53368127556328
0.7567938894472361 -41.63924141203236
0.7893105879396984 -42.85152107808702
0.8218272864321609 -40.06189288499152
0.8543439849246232 -35.008737536488326
0.8868606834170855 -29.105512966424868
0.9193773819095478 -23.367126472558454
0.9518940804020101 -18.41470969094533
0.9844107788944724 -14.53306995336996
1.0169274773869346 -11.755150943976247
1.049444175879397 -9.952031422881362
1.0819608743718594 -8.913307634654245
1.1144775728643217 -8.40936819023483
1.146994271356784 -8.232826141787541
1.1795109698492463 -8.220559227953515
1.2120276683417086 -8.260275388935668
1.244544366834171 -8.286472952197926
1.2770610653266332 -8.270497557243289
1.3095777638190955 -8.208551177826905
1.3420944623115578 -8.110372639846446
1.3746111608040201 -7.99017442503623
1.4071278592964824 -7.86046666404593
1.4396445577889447 -7.728707136165838
1.472161256281407 -7.596293677311678
1.5046779547738693 -7.459224939311184
1.5371946532663316 -7.309737802715063
1.569711351758794 -7.138322252767296
1.6022280502512563 -6.935662159830258
1.6347447487437186 -6.694211174778388
1.6672614472361809 -6.409259054176232
1.6997781457286432 -6.079460050471312
1.7322948442211055 -5.706876303087142
1.7648115427135678 -5.29663697176602
1.79732824120603 -4.856333611096602
1.8298449396984924 -4.395271113380261
1.8623616381909547 -3.923678652997978
1.894878336683417 -3.451962779008454
1.9273950351758793 -2.9900601070337984
1.9599117336683418 -2.5469234812579202
1.9924284321608041 -2.130155193706514
2.024945130653266 -1.7457849340239022
2.0574618291457285 -1.398178841976005
2.089978527638191 -1.0900590299157216
2.122495226130653 -0.822609588378441
2.1550119246231154 -0.5956445938383581
2.1875286231155777 -0.40781519733832283
2.22004532160804 -0.25683574964267564
2.2525620201005023 -0.139712492673425
2.2850787185929646 -0.05296213319780918
2.317595417085427 0.0071887381820374685
2.3501121155778892 0.044629142486144247
2.3826288140703515 0.06321710480881393
2.4151455125628143 0.0666617005586545
2.4476622110552766 0.058432832098333165
2.480178909547739 0.04169663353440001
2.512695608040201 0.019273657007602196
2.5452123065326635 -0.006383393283385885
2.577729005025126 -0.03319572136996385
2.610245703517588 -0.059451539195436
2.6427624020100504 -0.08378921354227487
2.6752791005025127 -0.10517314505926834
2.707795798994975 -0.12286469898316454
2.7403124974874373 -0.13639013261933997
2.7728291959798996 -0.14550710435293013
2.805345894472362 -0.15017101834700952
2.8378625929648242 -0.15050216698438135
2.8703792914572865 -0.14675438325957657
2.902895989949749 -0.13928570769985527
2.935412688442211 -0.12853140637463412
2.9679293869346735 -0.11497954392757492
3.0004460854271358 -0.09914921330039306
3.032962783919598 -0.08157144664130556
3.0654794824120604 -0.06277277473174081
3.0979961809045227 -0.04326136051827234
3.130512879396985 -0.02351560204084535
3.1630295778894473 -0.003975077947529826
3.1955462763819096 0.014966307659051381
3.228062974874372 0.032965136957557206
3.260579673366834 0.04973141278946969
3.2930963718592965 0.06502979016369181
3.325613070351759 0.07867928641223898
3.358129768844221 0.09055165728642578
3.3906464673366834 0.10056863061294052
3.4231631658291457 0.10869819176838291
3.455679864321608 0.11495011585333259
3.4881965628140703 0.11937093973619994
3.5207132613065326 0.12203856281547587
3.553229959798995 0.12305665821850198
3.5857466582914572 0.12254906611707383
3.6182633567839195 0.12065432789694341
3.650780055276382 0.11752050419840998
3.683296753768844 0.11330040156559562
3.7158134522613064 0.1081473119386942
3.7483301507537687 0.10221134690306144
3.780846849246231 0.09563642495913882
3.8133635477386933 0.08855794563555719
3.8458802462311557 0.08110115961227393
3.878396944723618 0.07338021974607045
3.9109136432160803 0.06549787460278367
3.9434303417085426 0.05754574438526561
3.975947040201005 0.04960509957430759
4.008463738693467 0.041748045700444436
4.0409804371859295 0.034039003921691346
4.073497135678392 0.02653636693179351
4.106013834170854 0.019294203530080267
4.138530532663316 0.012363883260320563
4.171047231155779 0.005795495111044602
4.203563929648241 -0.0003610584681723594
4.236080628140703 -0.006055398931721356
4.268597326633166 -0.011236530211590434
4.301114025125628 -0.01585328666476471
4.33363072361809 -0.019855412185165733
4.3661474221105525 -0.023195281336484186
4.398664120603015 -0.025830238055505106
4.431180819095477 -0.027725488044950453
4.463697517587939 -0.028857437702413336
4.496214216080402 -0.02921732563555679
4.528730914572864 -0.02881494284929431
4.561247613065326 -0.027682184931222764
4.593764311557789 -0.025876124401122524
4.626281010050251 -0.023481234244741245
4.658797708542713 -0.02061033493470177
4.6913144070351755 -0.01740377738275356
4.723831105527638 -0.014026313686713365
4.7563478040201 -0.010661046662050921
4.7888645025125625 -0.007499788385814554
4.821381201005025 -0.004729097744416322
4.853897899497487 -0.002511207647671654
4.886414597989949 -0.0009589945279344647
4.918931296482412 -0.0001040863403432013
4.951447994974874 0.0001428491477213356
4.983964693467336 4.06461317652429e-5
5.016481391959799 0.0
5.048998090452261 0.0
5.081514788944723 0.0
5.1140314874371855 0.0
5.146548185929648 0.0
5.179064884422111 0.0
5.211581582914573 0.0
5.244098281407036 0.0
5.276614979899498 0.0
5.30913167839196 0.0
5.3416483768844225 0.0
5.374165075376885 0.0
5.406681773869347 0.0
5.439198472361809 0.0
5.471715170854272 0.0
5.504231869346734 0.0
5.536748567839196 0.0
5.569265266331659 0.0
5.601781964824121 0.0
5.634298663316583 0.0
5.6668153618090455 0.0
5.699332060301508 0.0
5.73184875879397 0.0
5.7643654572864325 0.0
5.796882155778895 0.0
5.829398854271357 0.0
5.861915552763819 0.0
5.894432251256282 0.0
5.926948949748744 0.0
5.959465648241206 0.0
5.991982346733669 0.0
6.024499045226131 0.0
6.057015743718593 0.0
6.0895324422110555 0.0
6.122049140703518 0.0
6.15456583919598 0.0
6.187082537688442 0.0
6.219599236180905 0.0
6.252115934673367 0.0
6.284632633165829 0.0
6.317149331658292 0.0
6.349666030150754 0.0
6.382182728643216 0.0
6.4146994271356785 0.0
6.447216125628141 0.0
6.479732824120603 0.0
6.5122495226130654 0.0
6.544766221105528 0.0
6.57728291959799 0.0
6.609799618090452 0.0
6.642316316582915 0.0
6.674833015075377 0.0
6.707349713567839 0.0
6.739866412060302 0.0
6.772383110552764 0.0
6.804899809045226 0.0
6.8374165075376885 0.0
6.869933206030151 0.0
6.902449904522613 0.0
6.934966603015075 0.0
6.967483301507538 0.0
7.0 0.0
