0.529177 3607.350322920596
0.5616936984924623 3303.5945798224607
0.5942103969849246 2868.230178446223
0.6267270954773869 2378.148172077964
0.6592437939698492 1890.0162926972905
0.6917604924623115 1441.9237565155802
0.7242771909547738 1055.8794122786903
0.7567938894472361 740.9368407891724
0.7893105879396984 496.5848048135219
0.8218272864321609 316.02925267113585
0.8543439849246232 189.0646067282559
0.8868606834170855 104.34611899343781
0.9193773819095478 50.995720866546264
0.9518940804020101 19.575431384364208
0.9844107788944724 2.5314845670167756
1.0169274773869346 -5.753822065181623
1.049444175879397 -9.161966922068586
1.0819608743718594 -10.16675589803657
1.1144775728643217 -10.19755691216261
1.146994271356784 -9.974996079163816
1.1795109698492463 -9.785606246584962
1.2120276683417086 -9.684276066586506
1.244544366834171 -9.628368309437633
1.2770610653266332 -9.555655790657113
1.3095777638190955 -9.421214835459239
1.3420944623115578 -9.207838223093916
1.3746111608040201 -8.921967745417078
1.4071278592964824 -8.583843218770369
1.4396445577889447 -8.217356635202748
1.472161256281407 -7.842452082092507
1.5046779547738693 -7.471000152353611
1.5371946532663316 -7.105882661554631
1.569711351758794 -6.742425535227028
1.6022280502512563 -6.371150031764898
1.6347447487437186 -5.980913548248793
1.6672614472361809 -5.561746981005854
1.6997781457286432 -5.106968363218243
1.7322948442211055 -4.614400588634737
1.7648115427135678 -4.0867127620043675
1.79732824120603 -3.5310304384267397
1.8298449396984924 -2.958024246941932
1.8623616381909547 -2.380701233670436
1.894878336683417 -1.8131034721035917
1.9273950351758793 -1.269078288752155
1.9599117336683418 -0.7612357119619446
1.9924284321608041 -0.30016026915558314
2.024945130653266 0.10609824964359404
2.0574618291457285 0.4522639336490215
2.089978527638191 0.7358361777787081
2.122495226130653 0.9568997847782725
2.1550119246231154 1.1177960180352784
2.1875286231155777 1.2227064262970657
2.22004532160804 1.27719634229652
2.2525620201005023 1.2877573025460265
2.2850787185929646 1.2613787035755308
2.317595417085427 1.2051699326854646
2.3501121155778892 1.1260457922270461
2.3826288140703515 1.0304807812584613
2.4151455125628143 0.9243319642915822
2.4476622110552766 0.8127258079875901
2.480178909547739 0.7000014290874219
2.512695608040201 0.5897010071677187
2.5452123065326635 0.4845974617713864
2.577729005025126 0.3867496455995365
2.610245703517588 0.29757603994858073
2.6427624020100504 0.2179390524648852
2.6752791005025127 0.14823333729867727
2.707795798994975 0.08847294413209283
2.7403124974874373 0.038373449316736696
2.7728291959798996 -0.002573545124903376
2.805345894472362 -0.035035087639300855
2.8378625929648242 -0.059781385563098866
2.8703792914572865 -0.07764010841270874
2.902895989949749 -0.0894599378231078
2.935412688442211 -0.09608247192488761
2.9679293869346735 -0.09832139207935597
3.0004460854271358 -0.0969477186222889
3.032962783919598 -0.09267999352493916
3.0654794824120604 -0.08617830676695348
3.0979961809045227 -0.0780412071420642
3.130512879396985 -0.06880468764461511
3.1630295778894473 -0.05894259437536675
3.1955462763819096 -0.0488679633792799
3.228062974874372 -0.03893493264411063
3.260579673366834 -0.029441000340057144
3.2930963718592965 -0.020629501626615365
3.325613070351759 -0.012692253590387281
3.358129768844221 -0.005772371502189344
3.3906464673366834 3.270864431215159e-5
3.4231631658291457 0.0046679536835085855
3.455679864321608 0.008117158377899614
3.4881965628140703 0.010399042700896644
3.5207132613065326 0.011563015470130722
3.553229959798995 0.011684626821249822
3.5857466582914572 0.010860761842025113
3.6182633567839195 0.0092046561751431
3.650780055276382 0.006840839162634893
3.683296753768844 0.003900129305804967
3.7158134522613064 0.0005148191289663373
3.7483301507537687 -0.0031858088268563733
3.780846849246231 -0.00707949650353612
3.8133635477386933 -0.011054428141676453
3.8458802462311557 -0.015011942762271246
3.878396944723618 -0.01886845765346834
3.9109136432160803 -0.022556549544560767
3.9434303417085426 -0.026025174497306125
3.975947040201005 -0.029239044434632433
4.008463738693467 -0.03217721608439206
4.0409804371859295 -0.03483098533786233
4.073497135678392 -0.037201215017717004
4.106013834170854 -0.03929525526660882
4.138530532663316 -0.04112364175426819
4.171047231155779 -0.042696776307025175
4.203563929648241 -0.044021806185241985
4.236080628140703 -0.04509992102026672
4.268597326633166 -0.04592427948631439
4.301114025125628 -0.04647876042264443
4.33363072361809 -0.046737704803433644
4.3661474221105525 -0.046666775329470056
4.398664120603015 -0.046225009314639465
4.431180819095477 -0.045368077952389285
4.463697517587939 -0.04405269113038912
4.496214216080402 -0.04224200201861095
4.528730914572864 -0.03991177012767366
4.561247613065326 -0.0370569359899946
4.593764311557789 -0.03369814572931773
4.626281010050251 -0.029887640330514387
4.658797708542713 -0.02571379325502221
4.6913144070351755 -0.02130344209285795
4.723831105527638 -0.016821016176550074
4.7563478040201 -0.012463313521436703
4.7888645025125625 -0.008448628150915738
4.821381201005025 -0.0049987738698860085
4.853897899497487 -0.0023123939335505383
4.886414597989949 -0.0005277888815840015
4.918931296482412 0.00032666189298424797
4.951447994974874 0.0003965644678487479
4.983964693467336 8.229295218598054e-5
5.016481391959799 0.0
5.048998090452261 0.0
5.081514788944723 0.0
5.1140314874371855 0.0
5.146548185929648 0.0
5.179064884422111 0.0
5.211581582914573 0.0
5.244098281407036 0.0
5.276614979899498 0.0
5.30913167839196 0.0
5.3416483768844225 0.0
5.374165075376885 0.0
5.406681773869347 0.0
5.439198472361809 0.0
5.471715170854272 0.0
5.504231869346734 0.0
5.536748567839196 0.0
5.569265266331659 0.0
5.601781964824121 0.0
5.634298663316583 0.0
5.6668153618090455 0.0
5.699332060301508 0.0
5.73184875879397 0.0
5.7643654572864325 0.0
5.796882155778895 0.0
5.829398854271357 0.0
5.861915552763819 0.0
5.894432251256282 0.0
5.926948949748744 0.0
5.959465648241206 0.0
5.991982346733669 0.0
6.024499045226131 0.0
6.057015743718593 0.0
6.0895324422110555 0.0
6.122049140703518 0.0
6.15456583919598 0.0
6.187082537688442 0.0
6.219599236180905 0.0
6.252115934673367 0.0
6.284632633165829 0.0
6.317149331658292 0.0
6.349666030150754 0.0
6.382182728643216 0.0
6.4146994271356785 0.0
6.447216125628141 0.0
6.479732824120603 0.0
6.5122495226130654 0.0
6.544766221105528 0.0
6.57728291959799 0.0
6.609799618090452 0.0
6.642316316582915 0.0
6.674833015075377 0.0
6.707349713567839 0.0
6.739866412060302 0.0
6.772383110552764 0.0
6.804899809045226 0.0
6.8374165075376885 0.0
6.869933206030151 0.0
6.902449904522613 0.0
6.934966603015075 0.0
6.967483301507538 0.0
7.0 0.0
