0.529177 -13.10109666925328
0.5616936984924623 29.687390440802176
0.5942103969849246 29.483301028547544
0.6267270954773869 -4.017442546243501
0.6592437939698492 -26.640448119311515
0.6917604924623115 -15.50635259613344
0.7242771909547738 11.007092860161208
0.7567938894472361 21.9364138297301
0.7893105879396984 8.594623059437879
0.8218272864321609 -11.902712618833021
0.8543439849246232 -19.244918338907638
0.8868606834170855 -9.145216263774444
0.9193773819095478 7.522880902193094
0.9518940804020101 18.05702772257905
0.9844107788944724 17.90201521442117
1.0169274773869346 10.595608739602028
1.049444175879397 2.0249536361931177
1.0819608743718594 -4.186608125042028
1.1144775728643217 -7.4967660861202035
1.146994271356784 -8.931456576545884
1.1795109698492463 -9.549090861482455
1.2120276683417086 -9.871715834741394
1.244544366834171 -10.01872843603752
1.2770610653266332 -9.982615024306256
1.3095777638190955 -9.772068518199376
1.3420944623115578 -9.430728221171535
1.3746111608040201 -9.015453244317996
1.4071278592964824 -8.577949441319959
1.4396445577889447 -8.15480597393298
1.472161256281407 -7.763298170010671
1.5046779547738693 -7.403207300297424
1.5371946532663316 -7.063544617112939
1.569711351758794 -6.7299488754804315
1.6022280502512563 -6.389088097597551
1.6347447487437186 -6.029815035891033
1.6672614472361809 -5.643077392742043
1.6997781457286432 -5.222080509024181
1.7322948442211055 -4.762628845340089
1.7648115427135678 -4.263018858977603
1.79732824120603 -3.723575733615462
1.8298449396984924 -3.146694520355709
1.8623616381909547 -2.5380234070007077
1.894878336683417 -1.9083597889293742
1.9273950351758793 -1.2749004694858854
1.9599117336683418 -0.6605125290360547
1.9924284321608041 -0.09067624991973844
2.024945130653266 0.4109943542311498
2.0574618291457285 0.827016702596211
2.089978527638191 1.1486081201039156
2.122495226130653 1.3759117797737872
2.1550119246231154 1.516221783289609
2.1875286231155777 1.5811934580095226
2.22004532160804 1.5841170397158066
2.2525620201005023 1.5379772196834551
2.2850787185929646 1.4544970708803362
2.317595417085427 1.343943899555427
2.3501121155778892 1.2152973366434026
2.3826288140703515 1.0764348642114783
2.4151455125628143 0.9341685986374841
2.4476622110552766 0.7941453784700343
2.480178909547739 0.6607205135291565
2.512695608040201 0.5369185935671226
2.5452123065326635 0.42453550394003514
2.577729005025126 0.32436381087376276
2.610245703517588 0.23647714650684293
2.6427624020100504 0.16050181413697828
2.6752791005025127 0.09582698380069132
2.707795798994975 0.041739112165998904
2.7403124974874373 -0.002506409566876755
2.7728291959798996 -0.03765191657163314
2.805345894472362 -0.06442137804157255
2.8378625929648242 -0.08351138292505311
2.8703792914572865 -0.09558910331412562
2.902895989949749 -0.10130123454621298
2.935412688442211 -0.10129551853816565
2.9679293869346735 -0.09625059791579815
3.0004460854271358 -0.08690480407943824
3.032962783919598 -0.07407309322087485
3.0654794824120604 -0.05864439995008297
3.0979961809045227 -0.04155765084260565
3.130512879396985 -0.023760925526687515
3.1630295778894473 -0.006162379828026587
3.1955462763819096 0.01041759418080801
3.228062974874372 0.025285545125996123
3.260579673366834 0.03790157803280181
3.2930963718592965 0.04789282898570946
3.325613070351759 0.0550551603280951
3.358129768844221 0.059344772660210765
3.3906464673366834 0.06086079750315321
3.4231631658291457 0.05981938674693765
3.455679864321608 0.056520217357956426
3.4881965628140703 0.051307900106507986
3.5207132613065326 0.04453295961548065
3.553229959798995 0.03651874628951646
3.5857466582914572 0.027540723482275098
3.6182633567839195 0.017822433001811078
3.650780055276382 0.007548335189994759
3.683296753768844 -0.0031112139874380773
3.7158134522613064 -0.013971674745619111
3.7483301507537687 -0.02481318577821412
3.780846849246231 -0.03537531000154104
3.8133635477386933 -0.0453715137187487
3.8458802462311557 -0.05452057131600441
3.878396944723618 -0.06258582526845657
3.9109136432160803 -0.06940962193863243
3.9434303417085426 -0.07493082668469242
3.975947040201005 -0.07917828871052279
4.008463738693467 -0.08224110800216522
4.0409804371859295 -0.0842249472635217
4.073497135678392 -0.08520939146836781
4.106013834170854 -0.0852220713410361
4.138530532663316 -0.08424011042905022
4.171047231155779 -0.0822197114946448
4.203563929648241 -0.07914357094460911
4.236080628140703 -0.07506749259158596
4.268597326633166 -0.0701457822200382
4.301114025125628 -0.06462144108587609
4.33363072361809 -0.05878046394161629
4.3661474221105525 -0.05288518385390262
4.398664120603015 -0.0471131752360634
4.431180819095477 -0.041529706213282225
4.463697517587939 -0.036110257402413026
4.496214216080402 -0.03080767078546387
4.528730914572864 -0.025634321382710823
4.561247613065326 -0.020715240842946514
4.593764311557789 -0.01627421186748279
4.626281010050251 -0.012545050362291477
4.658797708542713 -0.009645625740745345
4.6913144070351755 -0.0074902245693238
4.723831105527638 -0.005817366608027896
4.7563478040201 -0.004354315434341061
4.7888645025125625 -0.0030349552931170365
4.821381201005025 -0.0020899044961879554
4.853897899497487 -0.001835682352918866
4.886414597989949 -0.002199600284995995
4.918931296482412 -0.002412510552915137
4.951447994974874 -0.0015797535283468278
4.983964693467336 -0.00022285883142103557
5.016481391959799 0.0
5.048998090452261 0.0
5.081514788944723 0.0
5.1140314874371855 0.0
5.146548185929648 0.0
5.179064884422111 0.0
5.211581582914573 0.0
5.244098281407036 0.0
5.276614979899498 0.0
5.30913167839196 0.0
5.3416483768844225 0.0
5.374165075376885 0.0
5.406681773869347 0.0
5.439198472361809 0.0
5.471715170854272 0.0
5.504231869346734 0.0
5.536748567839196 0.0
5.569265266331659 0.0
5.601781964824121 0.0
5.634298663316583 0.0
5.6668153618090455 0.0
5.699332060301508 0.0
5.73184875879397 0.0
5.7643654572864325 0.0
5.796882155778895 0.0
5.829398854271357 0.0
5.861915552763819 0.0
5.894432251256282 0.0
5.926948949748744 0.0
5.959465648241206 0.0
5.991982346733669 0.0
6.024499045226131 0.0
6.057015743718593 0.0
6.0895324422110555 0.0
6.122049140703518 0.0
6.15456583919598 0.0
6.187082537688442 0.0
6.219599236180905 0.0
6.252115934673367 0.0
6.284632633165829 0.0
6.317149331658292 0.0
6.349666030150754 0.0
6.382182728643216 0.0
6.4146994271356785 0.0
6.447216125628141 0.0
6.479732824120603 0.0
6.5122495226130654 0.0
6.544766221105528 0.0
6.57728291959799 0.0
6.609799618090452 0.0
6.642316316582915 0.0
6.674833015075377 0.0
6.707349713567839 0.0
6.739866412060302 0.0
6.772383110552764 0.0
6.804899809045226 0.0
6.8374165075376885 0.0
6.869933206030151 0.0
6.902449904522613 0.0
6.934966603015075 0.0
6.967483301507538 0.0
7.0 0.0
