0.529177 -0.03483773733387352
0.5616936984924623 0.001352144396435051
0.5942103969849246 0.026585468360792675
0.6267270954773869 0.006556676068555589
0.6592437939698492 -0.018918947505312644
0.6917604924623115 -0.010563328382374948
0.7242771909547738 0.01221725047560085
0.7567938894472361 0.012295886469473771
0.7893105879396984 -0.00629847305850717
0.8218272864321609 -0.01240960466566321
0.8543439849246232 0.0010118559889065182
0.8868606834170855 0.011049104750270544
0.9193773819095478 0.0035307693649428984
0.9518940804020101 -0.00818651472008014
0.9844107788944724 -0.006857354019871309
1.0169274773869346 0.003970688269930633
1.049444175879397 0.00819150176414496
1.0819608743718594 0.0008358424440189083
1.1144775728643217 -0.006888125782722909
1.146994271356784 -0.004262899689820188
1.1795109698492463 0.005285849529229836
1.2120276683417086 0.009519335458605838
1.244544366834171 0.002088349050495708
1.2770610653266332 -0.011511152771959132
1.3095777638190955 -0.021277054979805143
1.3420944623115578 -0.02289029995307601
1.3746111608040201 -0.02001427070030104
1.4071278592964824 -0.018496781480678237
1.4396445577889447 -0.020090475958738807
1.472161256281407 -0.021706346734561066
1.5046779547738693 -0.019496034720361877
1.5371946532663316 -0.01288005774085832
1.569711351758794 -0.004945743368068634
1.6022280502512563 0.0003510318295525394
1.6347447487437186 0.0012156369516560517
1.6672614472361809 -0.0011238502155492824
1.6997781457286432 -0.003851927167204394
1.7322948442211055 -0.004713560985692311
1.7648115427135678 -0.0032346703865755444
1.79732824120603 -0.0004890532182457719
1.8298449396984924 0.0019929227483430623
1.8623616381909547 0.003220616605062787
1.894878336683417 0.0030776351707686445
1.9273950351758793 0.002044634824642344
1.9599117336683418 0.0007221670679768977
1.9924284321608041 -0.00047269202292454793
2.024945130653266 -0.0013307242875271186
2.0574618291457285 -0.0017288282320464532
2.089978527638191 -0.0015518580408411253
2.122495226130653 -0.0007433603292952284
2.1550119246231154 0.0005730516208473091
2.1875286231155777 0.0020291672618100165
2.22004532160804 0.003092253907198028
2.2525620201005023 0.003274020292167279
2.2850787185929646 0.0023627691119258998
2.317595417085427 0.0005519407052361203
2.3501121155778892 -0.0016081910116554354
2.3826288140703515 -0.0034178972054519363
2.4151455125628143 -0.004300056743829828
2.4476622110552766 -0.004017120438504662
2.480178909547739 -0.002745214866877177
2.512695608040201 -0.0009852429818693054
2.5452123065326635 0.0006404874165468755
2.577729005025126 0.001617277737693712
2.610245703517588 0.0017044382284439052
2.6427624020100504 0.0009857690321837254
2.6752791005025127 -0.00019901372155572972
2.707795798994975 -0.001401369278482889
2.7403124974874373 -0.002227094983936695
2.7728291959798996 -0.0024572479101152567
2.805345894472362 -0.002092574671848979
2.8378625929648242 -0.0013190328943437635
2.8703792914572865 -0.0004190196214040043
2.902895989949749 0.0003332854906830107
2.935412688442211 0.000755696601515865
2.9679293869346735 0.0007977153487672695
3.0004460854271358 0.0005315843124549247
3.032962783919598 0.00010670494833675548
3.0654794824120604 -0.0003111244339493169
3.0979961809045227 -0.0005935271773296336
3.130512879396985 -0.0006808792814467779
3.1630295778894473 -0.0005858593539187495
3.1955462763819096 -0.0003738098419603375
3.228062974874372 -0.00013092458584651467
3.260579673366834 6.712173853884451e-5
3.2930963718592965 0.00017624771726332256
3.325613070351759 0.00019024621332164315
3.358129768844221 0.00013348695767945173
3.3906464673366834 4.540819833209753e-5
3.4231631658291457 -3.627566638897406e-5
3.455679864321608 -8.775451806286583e-5
3.4881965628140703 -0.00010357450190667805
3.5207132613065326 -9.351984436989369e-5
3.553229959798995 -7.466879344519839e-5
3.5857466582914572 -6.252206878798461e-5
3.6182633567839195 -6.468813683113694e-5
3.650780055276382 -7.904042189466054e-5
3.683296753768844 -9.627354558006118e-5
3.7158134522613064 -0.00010514262538663388
3.7483301507537687 -9.79022507863192e-5
3.780846849246231 -7.372113236669975e-5
3.8133635477386933 -3.8905429278202064e-5
3.8458802462311557 -4.135538802074734e-6
3.878396944723618 1.993184594084596e-5
3.9109136432160803 2.6823822452115564e-5
3.9434303417085426 1.654196148592746e-5
3.975947040201005 -4.799794965038018e-6
4.008463738693467 -2.7684343137934775e-5
4.0409804371859295 -4.3042391325798235e-5
4.073497135678392 -4.566277294770771e-5
4.106013834170854 -3.584326270811289e-5
4.138530532663316 -1.8735223932253575e-5
4.171047231155779 -1.7918911225933698e-6
4.203563929648241 8.517060507529095e-6
4.236080628140703 9.312724614574108e-6
4.268597326633166 2.171803714645648e-6
4.301114025125628 -8.022737858937035e-6
4.33363072361809 -1.5621156649103796e-5
4.3661474221105525 -1.6905521590615535e-5
4.398664120603015 -1.1675545408706967e-5
4.431180819095477 -3.007524412623752e-6
4.463697517587939 4.617040133325645e-6
4.496214216080402 7.786429307543585e-6
4.528730914572864 5.8915137515214155e-6
4.561247613065326 1.1707149383255455e-6
4.593764311557789 -2.9181879313000536e-6
4.626281010050251 -3.967660916259774e-6
4.658797708542713 -2.049832062311907e-6
4.6913144070351755 6.749580165887892e-7
4.723831105527638 1.8811417135111697e-6
4.7563478040201 1.0078084642373142e-6
4.7888645025125625 -4.930738555231073e-7
4.821381201005025 -8.94232755399571e-7
4.853897899497487 -1.4635276102126227e-7
4.886414597989949 3.4898761214208207e-7
4.918931296482412 4.40909388998989e-8
4.951447994974874 -7.710093541390961e-8
4.983964693467336 1.1599354365898762e-8
5.016481391959799 0.0
5.048998090452261 0.0
5.081514788944723 0.0
5.1140314874371855 0.0
5.146548185929648 0.0
5.179064884422111 0.0
5.211581582914573 0.0
5.244098281407036 0.0
5.276614979899498 0.0
5.30913167839196 0.0
5.3416483768844225 0.0
5.374165075376885 0.0
5.406681773869347 0.0
5.439198472361809 0.0
5.471715170854272 0.0
5.504231869346734 0.0
5.536748567839196 0.0
5.569265266331659 0.0
5.601781964824121 0.0
5.634298663316583 0.0
5.6668153618090455 0.0
5.699332060301508 0.0
5.73184875879397 0.0
5.7643654572864325 0.0
5.796882155778895 0.0
5.829398854271357 0.0
5.861915552763819 0.0
5.894432251256282 0.0
5.926948949748744 0.0
5.959465648241206 0.0
5.991982346733669 0.0
6.024499045226131 0.0
6.057015743718593 0.0
6.0895324422110555 0.0
6.122049140703518 0.0
6.15456583919598 0.0
6.187082537688442 0.0
6.219599236180905 0.0
6.252115934673367 0.0
6.284632633165829 0.0
6.317149331658292 0.0
6.349666030150754 0.0
6.382182728643216 0.0
6.4146994271356785 0.0
6.447216125628141 0.0
6.479732824120603 0.0
6.5122495226130654 0.0
6.544766221105528 0.0
6.57728291959799 0.0
6.609799618090452 0.0
6.642316316582915 0.0
6.674833015075377 0.0
6.707349713567839 0.0
6.739866412060302 0.0
6.772383110552764 0.0
6.804899809045226 0.0
6.8374165075376885 0.0
6.869933206030151 0.0
6.902449904522613 0.0
6.934966603015075 0.0
6.967483301507538 0.0
7.0 0.0
