0.529177 97.89978635345932
0.5616936984924623 81.75938369604518
0.5942103969849246 67.64030867369746
0.6267270954773869 55.329475018000664
0.6592437939698492 44.65398178103317
0.6917604924623115 35.45708040268306
0.7242771909547738 27.58826084551282
0.7567938894472361 20.9015498851399
0.7893105879396984 15.2573907482967
0.8218272864321609 10.525148219463574
0.8543439849246232 6.584860874792014
0.8868606834170855 3.3279667918087625
0.9193773819095478 0.6572624470828146
0.9518940804020101 -1.513549073708873
0.9844107788944724 -3.260480069428013
1.0169274773869346 -4.649952069945755
1.049444175879397 -5.739543407484291
1.0819608743718594 -6.5787870845001635
1.1144775728643217 -7.210000122856684
1.146994271356784 -7.669113185259448
1.1795109698492463 -7.9864721246525505
1.2120276683417086 -8.18759554868575
1.244544366834171 -8.293883097950072
1.2770610653266332 -8.323271179315498
1.3095777638190955 -8.290827535213452
1.3420944623115578 -8.209269535814542
1.3746111608040201 -8.089389798366483
1.4071278592964824 -7.940379372647385
1.4396445577889447 -7.770051493568644
1.472161256281407 -7.584983077444122
1.5046779547738693 -7.390601655456123
1.5371946532663316 -7.191249014057746
1.569711351758794 -6.9902489046306755
1.6022280502512563 -6.789996698134644
1.6347447487437186 -6.592077060483518
1.6672614472361809 -6.397404957279946
1.6997781457286432 -6.206377993580361
1.7322948442211055 -6.019025296230211
1.7648115427135678 -5.835139544307992
1.79732824120603 -5.654383088167208
1.8298449396984924 -5.4763647033953475
1.8623616381909547 -5.300688831920752
1.894878336683417 -5.126983037373634
1.9273950351758793 -4.954911301833192
1.9599117336683418 -4.784180732995367
1.9924284321608041 -4.614547667611646
2.024945130653266 -4.445826702876332
2.0574618291457285 -4.27790354812862
2.089978527638191 -4.110750336889055
2.122495226130653 -3.9444405476315865
2.1550119246231154 -3.779160101758521
2.1875286231155777 -3.6152114906502106
2.22004532160804 -3.4530087364474866
2.2525620201005023 -3.293062339759274
2.2850787185929646 -3.1359548217932343
2.317595417085427 -2.9823087729257622
2.3501121155778892 -2.832750286461703
2.3826288140703515 -2.6878711798051427
2.4151455125628143 -2.5481934615590376
2.4476622110552766 -2.41413913731202
2.480178909547739 -2.2860077536669223
2.512695608040201 -2.163963181577742
2.5452123065326635 -2.0480301651302284
2.577729005025126 -1.93810022880416
2.610245703517588 -1.8339457403964161
2.6427624020100504 -1.7352403337164901
2.6752791005025127 -1.641583538522184
2.707795798994975 -1.5525273486536548
2.7403124974874373 -1.4676025616007564
2.7728291959798996 -1.3863430040238995
2.805345894472362 -1.3083061670485563
2.8378625929648242 -1.2330892572288121
2.8703792914572865 -1.1603401704914518
2.902895989949749 -1.0897633702187477
2.935412688442211 -1.0211210597249192
2.9679293869346735 -0.9542303580138309
3.0004460854271358 -0.8889574019635234
3.032962783919598 -0.82520940512984
3.0654794824120604 -0.7629257098466837
3.0979961809045227 -0.7020687892622846
3.130512879396985 -0.6426160084494086
3.1630295778894473 -0.5845527605060852
3.1955462763819096 -0.527867376848917
3.228062974874372 -0.4725479915758797
3.260579673366834 -0.41858133592859303
3.2930963718592965 -0.3659532648228492
3.325613070351759 -0.3146506831253646
3.358129768844221 -0.2646644503557809
3.3906464673366834 -0.215992800066374
3.4231631658291457 -0.16864481181386282
3.455679864321608 -0.12264351386511407
3.4881965628140703 -0.07802826577108135
3.5207132613065326 -0.03485616253914259
3.553229959798995 0.006797693405587779
3.5857466582914572 0.046841099453899915
3.6182633567839195 0.08516678567815461
3.650780055276382 0.12165543273113144
3.683296753768844 0.1561794661482736
3.7158134522613064 0.18860737290930274
3.7483301507537687 0.21880826462387404
3.780846849246231 0.2466564137974956
3.8133635477386933 0.27203551313868957
3.8458802462311557 0.2948424491679589
3.878396944723618 0.3149904357960054
3.9109136432160803 0.33241141568174726
3.9434303417085426 0.34705770144540793
3.975947040201005 0.35890288973081397
4.008463738693467 0.3679421337561166
4.0409804371859295 0.37419190030487925
4.073497135678392 0.3776893621438262
4.106013834170854 0.3784915849983008
4.138530532663316 0.3766746592614254
4.171047231155779 0.3723329017918786
4.203563929648241 0.36557821506198707
4.236080628140703 0.35653964334812827
4.268597326633166 0.3453631133802446
4.301114025125628 0.33221129531062843
4.33363072361809 0.3172634747529628
4.3661474221105525 0.3007152935684303
4.398664120603015 0.28277820105665796
4.431180819095477 0.2636784621845436
4.463697517587939 0.24365559784376956
4.496214216080402 0.22296018419223174
4.528730914572864 0.20185101169010977
4.561247613065326 0.18059169427044708
4.593764311557789 0.1594469165386272
4.626281010050251 0.1386785995127866
4.658797708542713 0.1185423365841416
4.6913144070351755 0.09928448005916835
4.723831105527638 0.08114021915639569
4.7563478040201 0.06433285220981588
4.7888645025125625 0.0490741837250539
4.821381201005025 0.035565530632197806
4.853897899497487 0.023998156524839942
4.886414597989949 0.014551018133374782
4.918931296482412 0.007382450509737737
4.951447994974874 0.0026107779107746865
4.983964693467336 0.00027675374980162815
5.016481391959799 0.0
5.048998090452261 0.0
5.081514788944723 0.0
5.1140314874371855 0.0
5.146548185929648 0.0
5.179064884422111 0.0
5.211581582914573 0.0
5.244098281407036 0.0
5.276614979899498 0.0
5.30913167839196 0.0
5.3416483768844225 0.0
5.374165075376885 0.0
5.406681773869347 0.0
5.439198472361809 0.0
5.471715170854272 0.0
5.504231869346734 0.0
5.536748567839196 0.0
5.569265266331659 0.0
5.601781964824121 0.0
5.634298663316583 0.0
5.6668153618090455 0.0
5.699332060301508 0.0
5.73184875879397 0.0
5.7643654572864325 0.0
5.796882155778895 0.0
5.829398854271357 0.0
5.861915552763819 0.0
5.894432251256282 0.0
5.926948949748744 0.0
5.959465648241206 0.0
5.991982346733669 0.0
6.024499045226131 0.0
6.057015743718593 0.0
6.0895324422110555 0.0
6.122049140703518 0.0
6.15456583919598 0.0
6.187082537688442 0.0
6.219599236180905 0.0
6.252115934673367 0.0
6.284632633165829 0.0
6.317149331658292 0.0
6.349666030150754 0.0
6.382182728643216 0.0
6.4146994271356785 0.0
6.447216125628141 0.0
6.479732824120603 0.0
6.5122495226130654 0.0
6.544766221105528 0.0
6.57728291959799 0.0
6.609799618090452 0.0
6.642316316582915 0.0
6.674833015075377 0.0
6.707349713567839 0.0
6.739866412060302 0.0
6.772383110552764 0.0
6.804899809045226 0.0
6.8374165075376885 0.0
6.869933206030151 0.0
6.902449904522613 0.0
6.934966603015075 0.0
6.967483301507538 0.0
7.0 0.0
