0.529177 88.28764092707752
0.5616936984924623 74.84916386083205
0.5942103969849246 56.508216515783715
0.6267270954773869 36.128580386040994
0.6592437939698492 16.15932216674082
0.6917604924623115 -1.4608577056787908
0.7242771909547738 -15.372845635885824
0.7567938894472361 -24.822387481524856
0.7893105879396984 -29.63357731047836
0.8218272864321609 -30.132287850125067
0.8543439849246232 -27.02955804976955
0.8868606834170855 -21.280856446110192
0.9193773819095478 -13.939902961437838
0.9518940804020101 -6.025162208388792
0.9844107788944724 1.5863739942633401
1.0169274773869346 8.229012701140164
1.049444175879397 13.479037584605976
1.0819608743718594 17.149443567263006
1.1144775728643217 19.256521688783323
1.146994271356784 19.968703558844936
1.1795109698492463 19.548579313619484
1.2120276683417086 18.297674576833742
1.244544366834171 16.51098312620161
1.2770610653266332 14.445103832626046
1.3095777638190955 12.300788942953659
1.3420944623115578 10.218281562763877
1.3746111608040201 8.282282150894389
1.4071278592964824 6.53278424268683
1.4396445577889447 4.978218793134147
1.472161256281407 3.608091054011311
1.5046779547738693 2.403295683045144
1.5371946532663316 1.3432983038837847
1.569711351758794 0.4101922665086022
1.6022280502512563 -0.40981565386391594
1.6347447487437186 -1.1266793244303699
1.6672614472361809 -1.7477182385064225
1.6997781457286432 -2.279068308227579
1.7322948442211055 -2.72691439463415
1.7648115427135678 -3.098268395942796
1.79732824120603 -3.4012444860945834
1.8298449396984924 -3.6449088270110224
1.8623616381909547 -3.8388435847773508
1.894878336683417 -3.992576594580896
1.9273950351758793 -4.115006534782879
1.9599117336683418 -4.21391659432993
1.9924284321608041 -4.295630807420821
2.024945130653266 -4.364834433186843
2.0574618291457285 -4.42455590690588
2.089978527638191 -4.47629243666961
2.122495226130653 -4.520252055757737
2.1550119246231154 -4.555679508932371
2.1875286231155777 -4.5812301634432515
2.22004532160804 -4.5953546591536
2.2525620201005023 -4.5966575504517095
2.2850787185929646 -4.584196403195165
2.317595417085427 -4.55769418431737
2.3501121155778892 -4.517647263179242
2.3826288140703515 -4.465323174643345
2.4151455125628143 -4.402655100546326
2.4476622110552766 -4.332052081626898
2.480178909547739 -4.256153549742521
2.512695608040201 -4.177562488081094
2.5452123065326635 -4.098592607286264
2.577729005025126 -4.021061320217996
2.610245703517588 -3.946152671753225
2.6427624020100504 -3.8743639661261113
2.6752791005025127 -3.8055382054735674
2.707795798994975 -3.7389732586507307
2.7403124974874373 -3.6735893917466456
2.7728291959798996 -3.608130510096089
2.805345894472362 -3.541371787661774
2.8378625929648242 -3.472307362149877
2.8703792914572865 -3.400296031666585
2.902895989949749 -3.325149595100811
2.935412688442211 -3.247156589266524
2.9679293869346735 -3.167042567685712
3.0004460854271358 -3.0858756871457445
3.032962783919598 -3.004932362195177
3.0654794824120604 -2.925541536817036
3.0979961809045227 -2.848927446828384
3.130512879396985 -2.7760696603381803
3.1630295778894473 -2.7075960146612488
3.1955462763819096 -2.6437193504116294
3.228062974874372 -2.5842233341845713
3.260579673366834 -2.5284968549258338
3.2930963718592965 -2.4756111265196523
3.325613070351759 -2.4244292727616994
3.358129768844221 -2.3737351975833008
3.3906464673366834 -2.3223671600662783
3.4231631658291457 -2.2693417049231357
3.455679864321608 -2.2139553016368154
3.4881965628140703 -2.1558539405195916
3.5207132613065326 -2.0950646473647794
3.553229959798995 -2.031986985974072
3.5857466582914572 -1.967346691779312
3.6182633567839195 -1.9021172282718908
3.650780055276382 -1.83741796000686
3.683296753768844 -1.7743995636210457
3.7158134522613064 -1.7141281301737763
3.7483301507537687 -1.6574791351522435
3.780846849246231 -1.6050511538105638
3.8133635477386933 -1.5571070518908527
3.8458802462311557 -1.5135476206323801
3.878396944723618 -1.4739195251386263
3.9109136432160803 -1.4374562833927484
3.9434303417085426 -1.4031480645826377
3.975947040201005 -1.3698336308370926
4.008463738693467 -1.3363059355597215
4.0409804371859295 -1.3014218605985661
4.073497135678392 -1.2642063801213226
4.106013834170854 -1.2239420680598414
4.138530532663316 -1.180236239808437
4.171047231155779 -1.1330600033707015
4.203563929648241 -1.0827559136487253
4.236080628140703 -1.0300135716570367
4.268597326633166 -0.9758151732548868
4.301114025125628 -0.9213554796424432
4.33363072361809 -0.8679427654806204
4.3661474221105525 -0.8168888446962228
4.398664120603015 -0.7693971670414612
4.431180819095477 -0.7264581593735784
4.463697517587939 -0.6887604467083293
4.496214216080402 -0.6566253747678275
4.528730914572864 -0.629970462028723
4.561247613065326 -0.60830517073191
4.593764311557789 -0.5907598699832306
4.626281010050251 -0.5761462570590083
4.658797708542713 -0.563044999154954
4.6913144070351755 -0.5499141448508453
4.723831105527638 -0.5352101012704225
4.7563478040201 -0.5175118173483497
4.7888645025125625 -0.4956383537282818
4.821381201005025 -0.46875030584124033
4.853897899497487 -0.4364265770491329
4.886414597989949 -0.3987097183653532
4.918931296482412 -0.35611535412863304
4.951447994974874 -0.3096039466890943
4.983964693467336 -0.26051612786613987
5.016481391959799 -0.21047582388018782
5.048998090452261 -0.16126819333476305
5.081514788944723 -0.11470175602335075
5.1140314874371855 -0.07246580182800244
5.146548185929648 -0.03599505573947681
5.179064884422111 -0.006353506452796864
5.211581582914573 0.015851785294216825
5.244098281407036 0.03051819147731294
5.276614979899498 0.03805066680251912
5.30913167839196 0.039318674307651236
5.3416483768844225 0.03556931737875857
5.374165075376885 0.028303579203566187
5.406681773869347 0.019126813242110074
5.439198472361809 0.00958820238338376
5.471715170854272 0.0010263522981404094
5.504231869346734 -0.0055609334995097015
5.536748567839196 -0.009605712366465013
5.569265266331659 -0.011004086631146492
5.601781964824121 -0.010087393522553612
5.634298663316583 -0.007530048082116991
5.6668153618090455 -0.004203189268082497
5.699332060301508 -0.0009936912556440802
5.73184875879397 0.0013818765601172345
5.7643654572864325 0.0025309877473773668
5.796882155778895 0.0024662439591338625
5.829398854271357 0.0015785062860231847
5.861915552763819 0.00048400940431747586
5.894432251256282 -0.00023807838624634314
5.926948949748744 -0.0003431955901760375
5.959465648241206 -9.076926107809413e-5
5.991982346733669 6.07621950621251e-6
6.024499045226131 0.0
6.057015743718593 0.0
6.0895324422110555 0.0
6.122049140703518 0.0
6.15456583919598 0.0
6.187082537688442 0.0
6.219599236180905 0.0
6.252115934673367 0.0
6.284632633165829 0.0
6.317149331658292 0.0
6.349666030150754 0.0
6.382182728643216 0.0
6.4146994271356785 0.0
6.447216125628141 0.0
6.479732824120603 0.0
6.5122495226130654 0.0
6.544766221105528 0.0
6.57728291959799 0.0
6.609799618090452 0.0
6.642316316582915 0.0
6.674833015075377 0.0
6.707349713567839 0.0
6.739866412060302 0.0
6.772383110552764 0.0
6.804899809045226 0.0
6.8374165075376885 0.0
6.869933206030151 0.0
6.902449904522613 0.0
6.934966603015075 0.0
6.967483301507538 0.0
7.0 0.0
