1 0.236343 359.13 1366.83
2 0.190466 280.80 1386.99
3 0.169792 242.34 1381.19
4 0.151406 245.62 1252.36
5 0.137723 214.33 1255.25
6 0.125405 217.54 1158.93
7 0.112449 200.70 1113.70
8 0.110350 196.91 1108.93
9 0.106342 191.72 1093.25
10 0.099636 183.93 1063.01
11 0.092912 182.09 1013.35
12 0.084048 159.71 1001.86
13 0.079062 140.32 1007.92
14 0.076631 138.13 992.34
15 0.072573 133.65 967.49
16 0.069251 141.25 919.09
17 0.064776 130.35 904.44
18 0.062047 124.17 893.21
19 0.059920 125.85 868.72
20 0.057334 120.91 855.00
21 0.055437 123.51 829.56
22 0.053084 118.36 817.89
23 0.050535 113.88 801.83
24 0.048389 115.41 774.99
25 0.046355 110.69 764.08
26 0.045395 107.21 761.67
27 0.044200 105.71 751.77
28 0.042193 102.24 736.92
29 0.040950 105.25 715.21
30 0.040469 103.04 714.85
31 0.039622 102.61 705.75
32 0.038523 103.72 689.62
33 0.036831 100.77 675.93
34 0.035746 98.13 668.72
35 0.034433 95.71 657.78
36 0.032998 94.74 641.37
37 0.031831 90.49 636.12
38 0.030508 85.70 629.46
39 0.029484 83.28 621.00
40 0.028830 80.58 617.97
41 0.028147 79.22 611.47
42 0.027688 78.59 606.44
43 0.027044 76.04 602.79
44 0.026211 74.96 593.22
45 0.025658 75.62 583.84
46 0.025022 73.52 579.05
47 0.024700 72.57 576.30
48 0.024215 70.30 573.83
49 0.023589 69.11 566.92
51 0.022782 67.74 557.49
52 0.022450 66.47 554.99
53 0.021908 65.80 547.97
54 0.021277 64.65 540.42
55 0.020817 64.72 532.97
56 0.020555 64.19 529.86
57 0.020306 63.75 526.74
58 0.019918 62.15 523.66
59 0.019350 61.00 516.65
60 0.018955 59.69 512.68
61 0.018624 58.16 510.12
62 0.018355 56.95 507.91
63 0.018030 56.94 502.46
64 0.017719 56.11 498.74
65 0.017425 55.41 495.03
66 0.017123 54.86 490.83
67 0.016974 54.09 489.68
68 0.016757 53.65 486.71
69 0.016516 53.77 482.26
70 0.016232 52.94 478.77
71 0.016023 53.20 474.56
72 0.015798 52.33 472.14
73 0.015679 52.38 469.91
74 0.015514 52.39 466.90
75 0.015296 51.85 463.91
76 0.015064 51.77 459.80
77 0.015000 51.28 459.53
78 0.014902 50.79 458.62
79 0.014746 50.53 456.21
80 0.014530 50.41 452.37
81 0.014316 50.47 448.24
82 0.014234 50.57 446.48
83 0.014120 50.37 444.68
84 0.013969 49.87 442.73
85 0.013786 49.55 439.82
86 0.013610 48.94 437.54
87 0.013553 48.80 436.69
88 0.013458 48.67 435.09
89 0.013303 48.19 432.94
90 0.013095 47.51 430.09
91 0.012883 46.67 427.44
92 0.012790 46.76 425.41
93 0.012689 46.41 424.03
94 0.012563 46.35 421.61
95 0.012486 45.51 421.58
96 0.012390 45.05 420.48
97 0.012305 45.10 418.66
98 0.012200 44.72 417.19
99 0.012128 44.23 416.62
101 0.011952 43.55 414.21
102 0.011842 42.94 413.02
103 0.011787 43.06 411.66
104 0.011710 42.76 410.60
105 0.011600 42.61 408.56
106 0.011513 42.17 407.53
107 0.011449 42.12 406.28
108 0.011375 41.66 405.50
109 0.011298 41.63 403.94
110 0.011204 41.56 402.08
111 0.011126 41.20 401.05
112 0.011048 41.02 399.71
113 0.010963 40.91 398.08
114 0.010871 40.86 396.20
115 0.010836 40.64 395.81
116 0.010783 40.46 395.00
117 0.010705 40.13 393.87
118 0.010602 39.91 392.03
119 0.010540 40.14 390.27
120 0.010475 40.00 389.09
121 0.010408 39.98 387.68
122 0.010342 39.49 387.07
123 0.010314 39.39 386.60
124 0.010272 39.32 385.79
125 0.010213 39.19 384.72
126 0.010151 39.21 383.32
127 0.010120 39.25 382.56
128 0.010079 39.30 381.57
129 0.010034 39.14 380.83
130 0.009984 38.61 380.62
131 0.009958 38.52 380.18
132 0.009919 38.46 379.42
133 0.009876 38.34 378.66
134 0.009834 38.20 377.94
135 0.009789 38.08 377.14
136 0.009768 38.10 376.63
137 0.009736 38.08 375.93
138 0.009689 37.82 375.32
139 0.009633 37.76 374.14
140 0.009611 37.34 374.34
141 0.009575 37.38 373.47
142 0.009528 37.18 372.71
143 0.009471 37.04 371.66
144 0.009443 37.20 370.76
145 0.009408 37.17 369.98
146 0.009362 37.25 368.80
147 0.009321 37.25 367.85
148 0.009283 37.12 367.20
149 0.009248 36.91 366.73
151 0.009159 37.13 364.30
152 0.009112 37.27 362.97
153 0.009085 37.51 361.90
154 0.009051 37.36 361.36
155 0.009008 37.17 360.67
156 0.008964 36.81 360.26
157 0.008923 36.57 359.70
158 0.008881 36.47 358.88
159 0.008844 36.14 358.56
160 0.008814 36.21 357.75
161 0.008783 36.20 357.01
162 0.008754 36.15 356.39
163 0.008726 36.04 355.92
164 0.008697 35.94 355.39
165 0.008662 35.54 355.22
166 0.008627 35.42 354.61
167 0.008593 35.51 353.62
168 0.008572 35.34 353.39
169 0.008547 35.13 353.15
170 0.008515 35.09 352.46
171 0.008481 35.21 351.44
172 0.008452 35.21 350.72
173 0.008430 35.25 350.13
174 0.008400 35.12 349.61
175 0.008371 34.75 349.52
176 0.008342 34.53 349.18
177 0.008320 34.56 348.59
178 0.008294 34.50 348.07
179 0.008264 34.45 347.40
180 0.008231 34.50 346.53
181 0.008211 34.57 345.91
182 0.008185 34.58 345.25
183 0.008151 34.57 344.43
184 0.008134 34.43 344.25
185 0.008113 34.50 343.61
186 0.008086 34.33 343.22
187 0.008060 34.35 342.54
188 0.008043 34.46 341.94
189 0.008020 34.43 341.42
190 0.007997 34.25 341.14
191 0.007979 34.15 340.85
192 0.007956 34.07 340.42
193 0.007941 34.17 339.88
194 0.007921 34.23 339.29
195 0.007903 34.11 339.03
196 0.007886 33.99 338.82
197 0.007871 33.88 338.62
198 0.007854 33.80 338.33
199 0.007835 33.69 338.02
201 0.007800 33.48 337.49
202 0.007778 33.43 337.03
203 0.007753 33.43 336.40
204 0.007732 33.41 335.90
205 0.007715 33.29 335.65
206 0.007695 33.46 334.89
207 0.007676 33.46 334.40
208 0.007660 33.39 334.09
209 0.007638 33.40 333.53
210 0.007616 33.30 333.14
211 0.007599 33.23 332.80
212 0.007583 33.06 332.67
213 0.007566 33.03 332.29
214 0.007548 33.11 331.69
215 0.007535 33.04 331.49
216 0.007519 32.95 331.23
217 0.007497 32.93 330.71
218 0.007485 32.91 330.43
219 0.007470 32.77 330.27
220 0.007453 32.65 330.03
221 0.007438 32.65 329.64
222 0.007424 32.62 329.33
223 0.007407 32.73 328.70
224 0.007387 32.66 328.32
225 0.007379 32.76 327.92
226 0.007365 32.70 327.67
227 0.007348 32.70 327.22
228 0.007336 32.75 326.83
229 0.007321 32.64 326.62
230 0.007307 32.57 326.38
231 0.007292 32.45 326.18
232 0.007279 32.54 325.70
233 0.007263 32.53 325.28
234 0.007250 32.37 325.22
235 0.007238 32.41 324.85
236 0.007226 32.49 324.40
237 0.007212 32.49 324.03
238 0.007198 32.51 323.63
239 0.007183 32.58 323.12
240 0.007168 32.56 322.76
241 0.007156 32.57 322.40
242 0.007143 32.46 322.27
243 0.007129 32.53 321.78
244 0.007118 32.74 321.13
245 0.007105 32.68 320.88
246 0.007098 32.56 320.89
247 0.007087 32.40 320.89
248 0.007076 32.36 320.64
249 0.007065 32.36 320.37
251 0.007044 32.32 319.88
252 0.007034 32.39 319.49
253 0.007026 32.28 319.48
254 0.007018 32.20 319.37
255 0.007009 32.24 319.08
256 0.007000 32.19 318.93
257 0.006991 32.23 318.62
258 0.006980 32.22 318.34
259 0.006970 32.09 318.29
260 0.006962 32.02 318.20
261 0.006952 32.03 317.91
262 0.006941 32.04 317.60
263 0.006934 32.11 317.29
264 0.006926 32.06 317.17
265 0.006917 31.98 317.07
266 0.006910 31.94 316.93
267 0.006903 31.94 316.74
268 0.006894 31.93 316.52
269 0.006888 32.04 316.18
270 0.006879 32.01 316.00
271 0.006870 31.96 315.82
272 0.006862 31.92 315.68
273 0.006853 31.93 315.43
274 0.006844 31.85 315.32
275 0.006835 31.80 315.17
276 0.006826 31.72 315.06
277 0.006816 31.65 314.89
278 0.006807 31.53 314.85
279 0.006798 31.42 314.79
280 0.006790 31.38 314.64
281 0.006782 31.38 314.42
282 0.006775 31.37 314.25
283 0.006767 31.43 313.94
284 0.006759 31.41 313.74
285 0.006752 31.37 313.63
286 0.006744 31.30 313.54
287 0.006736 31.34 313.26
288 0.006730 31.41 312.97
289 0.006722 31.34 312.85
290 0.006714 31.33 312.65
291 0.006707 31.20 312.70
292 0.006700 31.11 312.64
293 0.006694 31.12 312.47
294 0.006688 31.11 312.32
295 0.006681 31.02 312.27
296 0.006675 30.94 312.27
297 0.006669 30.88 312.18
298 0.006664 30.72 312.32
299 0.006658 30.77 312.07
301 0.006644 30.79 311.65
302 0.006638 30.69 311.66
303 0.006631 30.59 311.63
304 0.006626 30.51 311.61
305 0.006619 30.48 311.48
306 0.006613 30.50 311.29
307 0.006608 30.39 311.32
308 0.006603 30.39 311.19
309 0.006597 30.32 311.14
310 0.006591 30.29 311.03
311 0.006586 30.25 310.95
312 0.006581 30.17 310.94
313 0.006576 30.16 310.81
314 0.006570 30.15 310.67
315 0.006565 30.09 310.64
316 0.006560 30.10 310.48
317 0.006555 30.14 310.28
318 0.006550 30.06 310.28
319 0.006545 30.00 310.24
320 0.006540 30.01 310.09
321 0.006534 29.97 310.00
322 0.006530 30.01 309.81
323 0.006524 29.97 309.72
324 0.006520 29.96 309.60
325 0.006515 29.89 309.58
326 0.006510 29.89 309.46
327 0.006504 29.90 309.29
328 0.006498 29.95 309.04
329 0.006493 29.89 308.98
330 0.006489 29.91 308.85
331 0.006484 29.91 308.70
332 0.006480 29.93 308.56
333 0.006476 29.96 308.40
334 0.006471 29.97 308.26
335 0.006466 29.96 308.13
336 0.006463 29.94 308.07
337 0.006458 29.92 307.99
338 0.006454 29.95 307.82
339 0.006450 29.91 307.76
340 0.006444 29.91 307.61
341 0.006440 29.83 307.62
342 0.006435 29.78 307.58
343 0.006431 29.82 307.40
344 0.006428 29.82 307.31
345 0.006424 29.78 307.26
346 0.006421 29.75 307.22
347 0.006418 29.76 307.13
348 0.006415 29.80 306.97
349 0.006411 29.80 306.86
351 0.006404 29.75 306.76
352 0.006401 29.70 306.73
353 0.006397 29.72 306.62
354 0.006394 29.70 306.56
355 0.006392 29.73 306.44
356 0.006389 29.74 306.35
357 0.006386 29.70 306.32
358 0.006383 29.77 306.12
359 0.006379 29.78 306.02
360 0.006376 29.76 305.95
361 0.006372 29.71 305.91
362 0.006368 29.72 305.80
363 0.006364 29.73 305.67
364 0.006360 29.73 305.57
365 0.006357 29.73 305.47
366 0.006353 29.76 305.32
367 0.006350 29.73 305.28
368 0.006346 29.71 305.21
369 0.006343 29.79 304.99
370 0.006339 29.76 304.93
371 0.006335 29.77 304.81
372 0.006333 29.64 304.97
373 0.006331 29.66 304.86
374 0.006327 29.71 304.68
375 0.006325 29.72 304.60
376 0.006322 29.70 304.56
377 0.006319 29.63 304.59
378 0.006316 29.57 304.60
379 0.006313 29.51 304.59
380 0.006310 29.47 304.59
381 0.006307 29.44 304.55
382 0.006304 29.45 304.46
383 0.006301 29.42 304.42
384 0.006298 29.39 304.39
385 0.006295 29.33 304.40
386 0.006293 29.26 304.44
387 0.006290 29.26 304.37
388 0.006288 29.28 304.27
389 0.006286 29.27 304.22
390 0.006283 29.27 304.14
391 0.006280 29.26 304.09
392 0.006278 29.25 304.05
393 0.006275 29.23 304.01
394 0.006272 29.19 303.99
395 0.006270 29.17 303.95
396 0.006268 29.16 303.91
397 0.006265 29.15 303.85
398 0.006263 29.21 303.69
399 0.006261 29.19 303.66
401 0.006256 29.27 303.41
402 0.006254 29.26 303.37
403 0.006252 29.23 303.35
404 0.006250 29.24 303.28
405 0.006248 29.23 303.22
406 0.006245 29.24 303.14
407 0.006242 29.19 303.15
408 0.006241 29.16 303.14
409 0.006238 29.15 303.11
410 0.006236 29.08 303.13
411 0.006234 29.10 303.05
412 0.006231 29.06 303.04
413 0.006229 29.06 302.98
414 0.006227 29.00 303.03
415 0.006225 29.03 302.92
416 0.006223 29.07 302.79
417 0.006220 29.09 302.68
418 0.006218 29.09 302.61
419 0.006216 29.08 302.56
420 0.006214 29.07 302.52
421 0.006212 29.06 302.49
422 0.006210 29.08 302.41
423 0.006208 29.09 302.34
424 0.006206 29.07 302.31
425 0.006204 29.06 302.28
426 0.006202 29.05 302.25
427 0.006201 29.05 302.20
428 0.006199 29.03 302.18
429 0.006198 29.01 302.17
430 0.006196 29.02 302.11
431 0.006195 29.03 302.06
432 0.006193 29.00 302.07
433 0.006192 29.00 302.02
434 0.006190 28.97 302.02
435 0.006188 28.93 302.02
436 0.006186 28.88 302.06
437 0.006185 28.85 302.07
438 0.006183 28.86 302.01
439 0.006181 28.85 301.98
440 0.006179 28.78 302.01
441 0.006177 28.72 302.06
442 0.006176 28.72 302.03
443 0.006174 28.71 302.00
444 0.006173 28.68 301.99
445 0.006171 28.71 301.91
446 0.006169 28.70 301.87
447 0.006167 28.69 301.83
448 0.006166 28.65 301.85
449 0.006164 28.64 301.83
451 0.006160 28.59 301.78
452 0.006158 28.58 301.74
453 0.006156 28.57 301.69
454 0.006154 28.53 301.71
455 0.006152 28.53 301.64
456 0.006149 28.56 301.53
457 0.006148 28.57 301.47
458 0.006146 28.53 301.47
459 0.006143 28.53 301.42
460 0.006142 28.50 301.41
461 0.006140 28.51 301.35
462 0.006138 28.51 301.28
463 0.006136 28.56 301.15
464 0.006133 28.55 301.08
465 0.006130 28.53 301.04
466 0.006128 28.50 301.03
467 0.006126 28.49 300.97
468 0.006123 28.49 300.89
469 0.006121 28.48 300.85
470 0.006119 28.45 300.84
471 0.006116 28.44 300.78
472 0.006113 28.40 300.77
473 0.006111 28.41 300.67
474 0.006108 28.39 300.64
475 0.006107 28.37 300.63
476 0.006105 28.36 300.60
477 0.006103 28.39 300.49
478 0.006102 28.40 300.43
479 0.006100 28.37 300.42
480 0.006098 28.36 300.38
481 0.006096 28.34 300.36
482 0.006094 28.32 300.35
483 0.006092 28.27 300.36
484 0.006091 28.30 300.28
485 0.006089 28.26 300.29
486 0.006087 28.24 300.27
487 0.006085 28.25 300.20
488 0.006083 28.26 300.13
489 0.006081 28.25 300.08
490 0.006079 28.24 300.02
491 0.006076 28.20 300.02
492 0.006075 28.14 300.07
493 0.006073 28.13 300.05
494 0.006071 28.14 299.98
495 0.006070 28.16 299.92
496 0.006069 28.15 299.89
497 0.006067 28.16 299.82
498 0.006066 28.12 299.85
499 0.006064 28.14 299.77
501 0.006061 28.14 299.67
502 0.006059 28.13 299.65
503 0.006058 28.08 299.68
504 0.006056 28.08 299.65
505 0.006055 28.10 299.57
506 0.006054 28.11 299.53
507 0.006053 28.12 299.48
508 0.006051 28.13 299.41
509 0.006050 28.09 299.44
510 0.006048 28.10 299.38
511 0.006046 28.11 299.32
512 0.006045 28.09 299.31
513 0.006043 28.06 299.32
514 0.006042 28.07 299.27
515 0.006040 28.07 299.21
516 0.006039 28.05 299.20
517 0.006038 28.05 299.16
518 0.006036 28.07 299.09
519 0.006035 28.08 299.03
520 0.006033 28.06 299.03
521 0.006032 28.10 298.92
522 0.006031 28.13 298.84
523 0.006029 28.14 298.78
524 0.006028 28.13 298.77
525 0.006027 28.13 298.73
526 0.006026 28.12 298.71
527 0.006024 28.07 298.74
528 0.006023 28.04 298.76
529 0.006022 28.01 298.78
530 0.006021 27.98 298.78
531 0.006019 27.99 298.73
532 0.006018 28.00 298.68
533 0.006017 28.00 298.66
534 0.006016 27.98 298.64
535 0.006014 27.99 298.60
536 0.006013 27.98 298.58
537 0.006012 27.98 298.55
538 0.006011 27.99 298.51
539 0.006010 27.95 298.52
540 0.006009 27.86 298.63
541 0.006008 27.87 298.59
542 0.006006 27.89 298.52
543 0.006005 27.89 298.48
544 0.006004 27.87 298.48
545 0.006003 27.87 298.45
546 0.006001 27.88 298.40
547 0.006000 27.91 298.33
548 0.005999 27.90 298.31
549 0.005998 27.89 298.27
551 0.005995 27.85 298.27
552 0.005994 27.83 298.25
553 0.005993 27.83 298.22
554 0.005992 27.80 298.23
555 0.005990 27.80 298.21
556 0.005989 27.80 298.16
557 0.005988 27.81 298.10
558 0.005986 27.83 298.05
559 0.005985 27.81 298.05
560 0.005984 27.81 298.02
561 0.005983 27.81 297.98
562 0.005981 27.77 298.00
563 0.005980 27.77 297.97
564 0.005979 27.75 297.96
565 0.005978 27.77 297.90
566 0.005977 27.76 297.87
567 0.005975 27.74 297.87
568 0.005974 27.75 297.82
569 0.005973 27.76 297.78
570 0.005972 27.74 297.78
571 0.005971 27.71 297.81
572 0.005970 27.71 297.78
573 0.005970 27.71 297.75
574 0.005969 27.69 297.76
575 0.005968 27.70 297.72
576 0.005967 27.70 297.70
577 0.005966 27.70 297.68
578 0.005965 27.72 297.63
579 0.005964 27.70 297.63
580 0.005964 27.71 297.59
581 0.005963 27.70 297.57
582 0.005962 27.68 297.59
583 0.005961 27.70 297.54
584 0.005961 27.70 297.51
585 0.005960 27.70 297.49
586 0.005959 27.70 297.46
587 0.005958 27.68 297.48
588 0.005957 27.69 297.44
589 0.005956 27.67 297.43
590 0.005956 27.64 297.46
591 0.005955 27.64 297.43
592 0.005954 27.64 297.42
593 0.005953 27.64 297.40
594 0.005953 27.63 297.39
595 0.005952 27.61 297.40
596 0.005951 27.63 297.35
597 0.005950 27.64 297.31
598 0.005949 27.64 297.29
599 0.005949 27.61 297.31
601 0.005947 27.57 297.32
602 0.005946 27.57 297.30
603 0.005945 27.57 297.27
604 0.005945 27.57 297.26
605 0.005944 27.56 297.25
606 0.005943 27.56 297.23
607 0.005943 27.54 297.24
608 0.005942 27.54 297.22
609 0.005941 27.54 297.20
610 0.005940 27.52 297.20
611 0.005939 27.52 297.17
612 0.005938 27.54 297.11
613 0.005937 27.53 297.10
614 0.005936 27.54 297.07
615 0.005936 27.55 297.02
616 0.005935 27.55 297.01
617 0.005934 27.52 297.02
618 0.005933 27.52 296.99
619 0.005932 27.52 296.97
620 0.005931 27.52 296.93
621 0.005930 27.52 296.92
622 0.005930 27.55 296.85
623 0.005929 27.53 296.87
624 0.005928 27.50 296.89
625 0.005928 27.49 296.89
626 0.005927 27.50 296.86
627 0.005926 27.49 296.86
628 0.005926 27.48 296.85
629 0.005925 27.48 296.83
630 0.005925 27.47 296.84
631 0.005924 27.45 296.85
632 0.005923 27.43 296.85
633 0.005922 27.44 296.82
634 0.005922 27.46 296.77
635 0.005921 27.45 296.76
636 0.005920 27.45 296.75
637 0.005920 27.46 296.72
638 0.005919 27.43 296.73
639 0.005918 27.42 296.73
640 0.005917 27.41 296.72
641 0.005917 27.40 296.72
642 0.005916 27.40 296.70
643 0.005915 27.41 296.66
644 0.005915 27.41 296.64
645 0.005914 27.40 296.64
646 0.005913 27.41 296.59
647 0.005912 27.41 296.58
648 0.005911 27.41 296.55
649 0.005911 27.41 296.53
651 0.005909 27.39 296.51
652 0.005908 27.38 296.52
653 0.005908 27.38 296.49
654 0.005907 27.39 296.45
655 0.005906 27.41 296.40
656 0.005906 27.42 296.37
657 0.005905 27.41 296.37
658 0.005905 27.41 296.35
659 0.005904 27.40 296.35
660 0.005904 27.39 296.35
661 0.005903 27.38 296.35
662 0.005902 27.39 296.33
663 0.005902 27.40 296.28
664 0.005901 27.39 296.29
665 0.005901 27.37 296.30
666 0.005900 27.35 296.32
667 0.005900 27.36 296.30
668 0.005899 27.34 296.30
669 0.005898 27.35 296.27
670 0.005898 27.35 296.26
671 0.005897 27.34 296.25
672 0.005897 27.34 296.23
673 0.005896 27.33 296.22
674 0.005895 27.35 296.18
675 0.005895 27.34 296.17
676 0.005894 27.33 296.17
677 0.005893 27.33 296.15
678 0.005893 27.33 296.13
679 0.005892 27.32 296.14
680 0.005892 27.32 296.11
681 0.005891 27.33 296.08
682 0.005890 27.33 296.07
683 0.005890 27.34 296.03
684 0.005889 27.34 296.01
685 0.005888 27.33 296.00
686 0.005888 27.33 295.98
687 0.005887 27.33 295.97
688 0.005886 27.32 295.97
689 0.005886 27.33 295.94
690 0.005885 27.34 295.90
691 0.005885 27.34 295.89
692 0.005884 27.33 295.88
693 0.005883 27.33 295.87
694 0.005883 27.33 295.85
695 0.005882 27.32 295.84
696 0.005882 27.33 295.83
697 0.005881 27.32 295.82
698 0.005881 27.33 295.78
699 0.005880 27.32 295.78
701 0.005879 27.31 295.77
702 0.005879 27.31 295.75
703 0.005878 27.30 295.76
704 0.005878 27.30 295.75
705 0.005877 27.31 295.72
706 0.005877 27.31 295.71
707 0.005877 27.30 295.71
708 0.005876 27.29 295.71
709 0.005876 27.29 295.70
710 0.005875 27.28 295.69
711 0.005875 27.27 295.70
712 0.005874 27.26 295.70
713 0.005874 27.27 295.67
714 0.005873 27.27 295.67
715 0.005873 27.27 295.65
716 0.005872 27.26 295.66
717 0.005872 27.27 295.63
718 0.005872 27.28 295.61
719 0.005871 27.26 295.61
720 0.005871 27.27 295.59
721 0.005870 27.27 295.59
722 0.005870 27.27 295.57
723 0.005869 27.29 295.53
724 0.005869 27.27 295.54
725 0.005869 27.28 295.52
726 0.005868 27.27 295.52
727 0.005868 27.26 295.51
728 0.005867 27.27 295.50
729 0.005867 27.26 295.49
730 0.005867 27.26 295.49
731 0.005866 27.25 295.49
732 0.005866 27.24 295.48
733 0.005865 27.24 295.48
734 0.005865 27.24 295.46
735 0.005864 27.24 295.46
736 0.005864 27.24 295.45
737 0.005864 27.25 295.42
738 0.005863 27.24 295.41
739 0.005863 27.24 295.41
740 0.005863 27.25 295.39
741 0.005862 27.23 295.40
742 0.005862 27.21 295.42
743 0.005861 27.22 295.40
744 0.005861 27.21 295.40
745 0.005860 27.18 295.43
746 0.005860 27.17 295.43
747 0.005859 27.17 295.42
748 0.005859 27.16 295.41
749 0.005859 27.17 295.39
751 0.005858 27.22 295.29
752 0.005857 27.23 295.26
753 0.005857 27.23 295.25
754 0.005856 27.22 295.25
755 0.005856 27.22 295.24
756 0.005856 27.22 295.23
757 0.005855 27.20 295.25
758 0.005855 27.18 295.26
759 0.005854 27.17 295.26
760 0.005854 27.16 295.27
761 0.005853 27.16 295.26
762 0.005853 27.15 295.25
763 0.005852 27.15 295.25
764 0.005852 27.15 295.24
765 0.005852 27.15 295.22
766 0.005851 27.12 295.25
767 0.005851 27.13 295.22
768 0.005850 27.12 295.22
769 0.005850 27.11 295.23
770 0.005849 27.11 295.22
771 0.005849 27.11 295.20
772 0.005849 27.12 295.18
773 0.005848 27.11 295.19
774 0.005848 27.10 295.19
775 0.005847 27.10 295.18
776 0.005847 27.09 295.18
777 0.005847 27.09 295.17
778 0.005846 27.09 295.15
779 0.005846 27.10 295.14
780 0.005845 27.10 295.12
781 0.005845 27.10 295.10
782 0.005844 27.10 295.09
783 0.005844 27.09 295.10
784 0.005844 27.10 295.07
785 0.005843 27.08 295.08
786 0.005843 27.10 295.05
787 0.005842 27.10 295.04
788 0.005842 27.10 295.02
789 0.005842 27.10 295.01
790 0.005841 27.10 294.99
791 0.005841 27.11 294.98
792 0.005840 27.09 294.99
793 0.005840 27.10 294.97
794 0.005840 27.09 294.97
795 0.005839 27.09 294.96
796 0.005839 27.07 294.97
797 0.005839 27.06 294.99
798 0.005838 27.07 294.96
799 0.005838 27.07 294.95
801 0.005837 27.08 294.92
802 0.005837 27.09 294.89
803 0.005837 27.09 294.89
804 0.005836 27.08 294.88
805 0.005836 27.09 294.86
806 0.005836 27.08 294.87
807 0.005835 27.07 294.87
808 0.005835 27.08 294.85
809 0.005835 27.07 294.86
810 0.005834 27.06 294.86
811 0.005834 27.05 294.86
812 0.005834 27.05 294.86
813 0.005833 27.06 294.83
814 0.005833 27.07 294.81
815 0.005833 27.08 294.79
816 0.005833 27.08 294.77
817 0.005832 27.09 294.76
818 0.005832 27.10 294.73
819 0.005832 27.09 294.73
820 0.005831 27.09 294.72
821 0.005831 27.09 294.71
822 0.005831 27.10 294.69
823 0.005830 27.10 294.68
824 0.005830 27.10 294.68
825 0.005830 27.09 294.67
826 0.005829 27.11 294.65
827 0.005829 27.11 294.63
828 0.005829 27.11 294.63
829 0.005828 27.11 294.60
830 0.005828 27.10 294.61
831 0.005828 27.11 294.59
832 0.005827 27.11 294.57
833 0.005827 27.11 294.57
834 0.005827 27.11 294.55
835 0.005826 27.11 294.55
836 0.005826 27.11 294.54
837 0.005826 27.11 294.52
838 0.005825 27.10 294.54
839 0.005825 27.10 294.53
840 0.005825 27.11 294.50
841 0.005824 27.11 294.50
842 0.005824 27.09 294.51
843 0.005824 27.10 294.49
844 0.005824 27.11 294.47
845 0.005823 27.10 294.48
846 0.005823 27.09 294.48
847 0.005823 27.09 294.47
848 0.005822 27.09 294.46
849 0.005822 27.09 294.46
851 0.005821 27.11 294.41
852 0.005821 27.11 294.39
853 0.005821 27.12 294.38
854 0.005821 27.12 294.36
855 0.005820 27.13 294.33
856 0.005820 27.14 294.32
857 0.005820 27.13 294.33
858 0.005819 27.12 294.33
859 0.005819 27.11 294.34
860 0.005819 27.11 294.33
861 0.005818 27.10 294.33
862 0.005818 27.10 294.33
863 0.005818 27.10 294.31
864 0.005817 27.09 294.31
865 0.005817 27.10 294.29
866 0.005817 27.10 294.28
867 0.005817 27.09 294.29
868 0.005816 27.09 294.30
869 0.005816 27.08 294.30
870 0.005816 27.09 294.28
871 0.005816 27.09 294.27
872 0.005815 27.09 294.27
873 0.005815 27.09 294.25
874 0.005815 27.10 294.23
875 0.005815 27.09 294.24
876 0.005814 27.08 294.24
877 0.005814 27.08 294.24
878 0.005814 27.07 294.24
879 0.005813 27.07 294.23
880 0.005813 27.06 294.25
881 0.005813 27.07 294.23
882 0.005813 27.06 294.23
883 0.005812 27.04 294.25
884 0.005812 27.03 294.26
885 0.005812 27.03 294.26
886 0.005812 27.04 294.23
887 0.005811 27.06 294.20
888 0.005811 27.05 294.21
889 0.005811 27.04 294.20
890 0.005811 27.04 294.20
891 0.005811 27.04 294.20
892 0.005810 27.04 294.19
893 0.005810 27.05 294.17
894 0.005810 27.05 294.16
895 0.005810 27.05 294.16
896 0.005809 27.04 294.16
897 0.005809 27.03 294.16
898 0.005809 27.03 294.16
899 0.005808 27.03 294.16
901 0.005808 27.04 294.12
902 0.005808 27.03 294.14
903 0.005808 27.02 294.14
904 0.005807 27.02 294.14
905 0.005807 27.01 294.14
906 0.005807 27.02 294.12
907 0.005807 27.04 294.09
908 0.005806 27.03 294.10
909 0.005806 27.03 294.09
910 0.005806 27.01 294.11
911 0.005806 27.00 294.12
912 0.005806 27.01 294.11
913 0.005805 27.01 294.10
914 0.005805 27.01 294.08
915 0.005805 27.02 294.07
916 0.005805 27.02 294.06
917 0.005805 27.02 294.06
918 0.005805 27.03 294.04
919 0.005804 27.03 294.03
920 0.005804 27.04 294.01
921 0.005804 27.03 294.01
922 0.005804 27.03 294.01
923 0.005803 27.02 294.02
924 0.005803 27.01 294.02
925 0.005803 27.02 294.01
926 0.005803 27.02 294.00
927 0.005803 27.03 293.98
928 0.005802 27.03 293.97
929 0.005802 27.03 293.96
930 0.005802 27.04 293.95
931 0.005802 27.03 293.96
932 0.005801 27.02 293.96
933 0.005801 27.01 293.96
934 0.005801 27.02 293.95
935 0.005801 27.02 293.95
936 0.005801 27.01 293.95
937 0.005800 27.02 293.93
938 0.005800 27.01 293.94
939 0.005800 27.01 293.94
940 0.005800 27.00 293.94
941 0.005800 27.00 293.94
942 0.005799 27.00 293.93
943 0.005799 27.00 293.93
944 0.005799 27.00 293.92
945 0.005799 27.00 293.91
946 0.005799 26.99 293.92
947 0.005798 26.99 293.92
948 0.005798 26.99 293.91
949 0.005798 26.98 293.91
951 0.005798 26.97 293.92
952 0.005797 26.97 293.91
953 0.005797 26.98 293.90
954 0.005797 26.99 293.88
955 0.005797 26.99 293.87
956 0.005796 27.00 293.85
957 0.005796 27.01 293.83
958 0.005796 27.01 293.82
959 0.005796 27.00 293.83
960 0.005796 27.00 293.83
961 0.005795 26.99 293.83
962 0.005795 26.98 293.84
963 0.005795 26.98 293.84
964 0.005795 26.98 293.82
965 0.005795 26.98 293.82
966 0.005794 26.98 293.82
967 0.005794 26.98 293.82
968 0.005794 26.97 293.82
969 0.005794 26.97 293.81
970 0.005793 26.97 293.80
971 0.005793 26.97 293.80
972 0.005793 26.97 293.80
973 0.005793 26.96 293.80
974 0.005793 26.95 293.82
975 0.005792 26.94 293.82
976 0.005792 26.93 293.83
977 0.005792 26.94 293.81
978 0.005792 26.96 293.78
979 0.005792 26.98 293.74
980 0.005791 26.98 293.73
981 0.005791 26.97 293.74
982 0.005791 26.96 293.75
983 0.005791 26.96 293.74
984 0.005791 26.97 293.72
985 0.005791 26.97 293.72
986 0.005790 26.98 293.70
987 0.005790 26.99 293.67
988 0.005790 27.00 293.65
989 0.005790 27.01 293.63
990 0.005790 27.02 293.61
991 0.005789 27.02 293.62
992 0.005789 27.01 293.62
993 0.005789 27.01 293.61
994 0.005789 27.00 293.63
995 0.005789 26.99 293.63
996 0.005788 26.99 293.62
997 0.005788 27.00 293.62
998 0.005788 26.99 293.62
999 0.005788 26.99 293.62
1001 0.005788 26.97 293.63
1002 0.005787 26.97 293.63
1003 0.005787 26.96 293.64
1004 0.005787 26.95 293.65
1005 0.005787 26.95 293.64
1006 0.005787 26.96 293.63
1007 0.005787 26.96 293.62
1008 0.005786 26.96 293.62
1009 0.005786 26.96 293.62
1010 0.005786 26.96 293.61
1011 0.005786 26.96 293.61
1012 0.005786 26.94 293.62
1013 0.005786 26.92 293.65
1014 0.005785 26.92 293.65
1015 0.005785 26.92 293.65
1016 0.005785 26.92 293.64
1017 0.005785 26.92 293.63
1018 0.005785 26.93 293.61
1019 0.005785 26.94 293.60
1020 0.005784 26.94 293.58
1021 0.005784 26.93 293.59
1022 0.005784 26.92 293.61
1023 0.005784 26.92 293.61
1024 0.005784 26.92 293.60
1025 0.005784 26.93 293.58
1026 0.005783 26.93 293.58
1027 0.005783 26.94 293.56
1028 0.005783 26.93 293.56
1029 0.005783 26.93 293.56
1030 0.005783 26.93 293.55
1031 0.005783 26.92 293.56
1032 0.005783 26.92 293.57
1033 0.005782 26.92 293.57
1034 0.005782 26.92 293.56
1035 0.005782 26.91 293.57
1036 0.005782 26.90 293.57
1037 0.005782 26.91 293.56
1038 0.005782 26.91 293.55
1039 0.005781 26.92 293.54
1040 0.005781 26.92 293.53
1041 0.005781 26.91 293.54
1042 0.005781 26.91 293.54
1043 0.005781 26.90 293.54
1044 0.005781 26.90 293.54
1045 0.005781 26.91 293.53
1046 0.005781 26.92 293.51
1047 0.005780 26.92 293.51
1048 0.005780 26.91 293.51
1049 0.005780 26.91 293.51
1051 0.005780 26.91 293.50
1052 0.005780 26.90 293.51
1053 0.005780 26.90 293.50
1054 0.005779 26.90 293.50
1055 0.005779 26.91 293.49
1056 0.005779 26.91 293.48
1057 0.005779 26.91 293.48
1058 0.005779 26.92 293.46
1059 0.005779 26.91 293.47
1060 0.005779 26.91 293.46
1061 0.005779 26.91 293.47
1062 0.005778 26.91 293.46
1063 0.005778 26.91 293.46
1064 0.005778 26.91 293.45
1065 0.005778 26.91 293.44
1066 0.005778 26.91 293.45
1067 0.005778 26.90 293.45
1068 0.005778 26.90 293.45
1069 0.005777 26.89 293.46
1070 0.005777 26.88 293.47
1071 0.005777 26.89 293.46
1072 0.005777 26.89 293.45
1073 0.005777 26.89 293.45
1074 0.005777 26.89 293.45
1075 0.005777 26.89 293.44
1076 0.005777 26.89 293.44
1077 0.005776 26.89 293.43
1078 0.005776 26.89 293.42
1079 0.005776 26.90 293.41
1080 0.005776 26.91 293.39
1081 0.005776 26.91 293.38
1082 0.005776 26.92 293.37
1083 0.005776 26.92 293.37
1084 0.005776 26.91 293.37
1085 0.005775 26.91 293.37
1086 0.005775 26.90 293.39
1087 0.005775 26.90 293.38
1088 0.005775 26.90 293.38
1089 0.005775 26.90 293.37
1090 0.005775 26.90 293.37
1091 0.005775 26.91 293.35
1092 0.005775 26.92 293.34
1093 0.005774 26.91 293.34
1094 0.005774 26.91 293.35
1095 0.005774 26.90 293.36
1096 0.005774 26.90 293.35
1097 0.005774 26.90 293.34
1098 0.005774 26.90 293.34
1099 0.005774 26.90 293.34
1101 0.005773 26.88 293.36
1102 0.005773 26.87 293.36
1103 0.005773 26.88 293.35
1104 0.005773 26.88 293.34
1105 0.005773 26.89 293.33
1106 0.005773 26.90 293.31
1107 0.005773 26.89 293.32
1108 0.005772 26.88 293.32
1109 0.005772 26.88 293.33
1110 0.005772 26.87 293.34
1111 0.005772 26.87 293.34
1112 0.005772 26.87 293.33
1113 0.005772 26.87 293.32
1114 0.005772 26.87 293.32
1115 0.005771 26.87 293.32
1116 0.005771 26.86 293.32
1117 0.005771 26.86 293.32
1118 0.005771 26.86 293.31
1119 0.005771 26.87 293.30
1120 0.005771 26.87 293.29
1121 0.005771 26.87 293.28
1122 0.005771 26.87 293.29
1123 0.005770 26.86 293.29
1124 0.005770 26.86 293.29
1125 0.005770 26.86 293.29
1126 0.005770 26.86 293.28
1127 0.005770 26.86 293.28
1128 0.005770 26.87 293.27
1129 0.005770 26.86 293.28
1130 0.005770 26.86 293.27
1131 0.005769 26.86 293.27
1132 0.005769 26.86 293.27
1133 0.005769 26.86 293.26
1134 0.005769 26.86 293.26
1135 0.005769 26.86 293.26
1136 0.005769 26.86 293.25
1137 0.005769 26.86 293.24
1138 0.005769 26.86 293.24
1139 0.005768 26.86 293.24
1140 0.005768 26.86 293.24
1141 0.005768 26.86 293.23
1142 0.005768 26.85 293.24
1143 0.005768 26.85 293.25
1144 0.005768 26.84 293.25
1145 0.005768 26.84 293.25
1146 0.005768 26.84 293.25
1147 0.005767 26.84 293.24
1148 0.005767 26.84 293.24
1149 0.005767 26.84 293.22
1151 0.005767 26.85 293.20
1152 0.005767 26.87 293.18
1153 0.005767 26.87 293.17
1154 0.005766 26.88 293.16
1155 0.005766 26.88 293.15
1156 0.005766 26.88 293.15
1157 0.005766 26.87 293.16
1158 0.005766 26.87 293.15
1159 0.005766 26.87 293.15
1160 0.005766 26.86 293.16
1161 0.005766 26.86 293.15
1162 0.005765 26.86 293.15
1163 0.005765 26.86 293.16
1164 0.005765 26.86 293.14
1165 0.005765 26.86 293.14
1166 0.005765 26.87 293.12
1167 0.005765 26.87 293.11
1168 0.005765 26.87 293.12
1169 0.005765 26.87 293.11
1170 0.005764 26.87 293.12
1171 0.005764 26.86 293.12
1172 0.005764 26.85 293.13
1173 0.005764 26.85 293.13
1174 0.005764 26.85 293.13
1175 0.005764 26.84 293.13
1176 0.005764 26.85 293.13
1177 0.005764 26.84 293.13
1178 0.005764 26.84 293.13
1179 0.005764 26.84 293.12
1180 0.005763 26.84 293.12
1181 0.005763 26.84 293.12
1182 0.005763 26.84 293.11
1183 0.005763 26.85 293.11
1184 0.005763 26.85 293.10
1185 0.005763 26.85 293.10
1186 0.005763 26.86 293.08
1187 0.005763 26.86 293.07
1188 0.005763 26.86 293.06
1189 0.005762 26.86 293.06
1190 0.005762 26.86 293.07
1191 0.005762 26.85 293.07
1192 0.005762 26.85 293.07
1193 0.005762 26.85 293.08
1194 0.005762 26.84 293.08
1195 0.005762 26.84 293.08
1196 0.005762 26.83 293.09
1197 0.005762 26.83 293.09
1198 0.005761 26.83 293.08
1199 0.005761 26.83 293.08
1201 0.005761 26.85 293.05
1202 0.005761 26.85 293.04
1203 0.005761 26.85 293.04
1204 0.005761 26.85 293.03
1205 0.005761 26.85 293.03
1206 0.005761 26.84 293.03
1207 0.005760 26.84 293.03
1208 0.005760 26.84 293.04
1209 0.005760 26.84 293.03
1210 0.005760 26.84 293.03
1211 0.005760 26.84 293.03
1212 0.005760 26.83 293.03
1213 0.005760 26.84 293.02
1214 0.005760 26.84 293.01
1215 0.005759 26.84 293.00
1216 0.005759 26.85 292.99
1217 0.005759 26.85 292.98
1218 0.005759 26.86 292.96
1219 0.005759 26.87 292.94
1220 0.005759 26.87 292.94
1221 0.005759 26.87 292.93
1222 0.005758 26.88 292.92
1223 0.005758 26.87 292.93
1224 0.005758 26.86 292.93
1225 0.005758 26.86 292.94
1226 0.005758 26.86 292.93
1227 0.005758 26.86 292.94
1228 0.005758 26.85 292.94
1229 0.005758 26.85 292.93
1230 0.005757 26.85 292.94
1231 0.005757 26.84 292.94
1232 0.005757 26.85 292.93
1233 0.005757 26.85 292.92
1234 0.005757 26.86 292.91
1235 0.005757 26.86 292.90
1236 0.005757 26.86 292.89
1237 0.005757 26.86 292.90
1238 0.005757 26.85 292.91
1239 0.005757 26.85 292.91
1240 0.005756 26.85 292.91
1241 0.005756 26.85 292.91
1242 0.005756 26.85 292.90
1243 0.005756 26.85 292.90
1244 0.005756 26.84 292.90
1245 0.005756 26.84 292.90
1246 0.005756 26.84 292.90
1247 0.005756 26.84 292.89
1248 0.005756 26.85 292.88
1249 0.005755 26.86 292.86
1251 0.005755 26.87 292.84
1252 0.005755 26.86 292.85
1253 0.005755 26.86 292.84
1254 0.005755 26.85 292.85
1255 0.005755 26.85 292.86
1256 0.005755 26.85 292.86
1257 0.005754 26.84 292.86
1258 0.005754 26.84 292.86
1259 0.005754 26.84 292.85
1260 0.005754 26.84 292.84
1261 0.005754 26.84 292.85
1262 0.005754 26.83 292.86
1263 0.005754 26.82 292.87
1264 0.005753 26.81 292.87
1265 0.005753 26.82 292.86
1266 0.005753 26.82 292.85
1267 0.005753 26.83 292.84
1268 0.005753 26.82 292.84
1269 0.005753 26.81 292.85
1270 0.005753 26.81 292.86
1271 0.005753 26.79 292.87
1272 0.005752 26.79 292.88
1273 0.005752 26.78 292.88
1274 0.005752 26.79 292.88
1275 0.005752 26.79 292.87
1276 0.005752 26.79 292.86
1277 0.005752 26.78 292.87
1278 0.005752 26.78 292.87
1279 0.005752 26.78 292.86
1280 0.005751 26.78 292.86
1281 0.005751 26.79 292.84
1282 0.005751 26.80 292.83
1283 0.005751 26.80 292.82
1284 0.005751 26.80 292.82
1285 0.005751 26.79 292.82
1286 0.005751 26.79 292.82
1287 0.005750 26.79 292.82
1288 0.005750 26.79 292.82
1289 0.005750 26.78 292.82
1290 0.005750 26.78 292.83
1291 0.005750 26.77 292.83
1292 0.005750 26.77 292.83
1293 0.005750 26.77 292.83
1294 0.005750 26.76 292.84
1295 0.005749 26.76 292.84
1296 0.005749 26.75 292.84
1297 0.005749 26.75 292.84
1298 0.005749 26.75 292.85
1299 0.005749 26.74 292.85
1301 0.005749 26.74 292.84
1302 0.005749 26.74 292.84
1303 0.005748 26.74 292.84
1304 0.005748 26.74 292.83
1305 0.005748 26.75 292.82
1306 0.005748 26.74 292.83
1307 0.005748 26.73 292.84
1308 0.005748 26.73 292.83
1309 0.005748 26.74 292.82
1310 0.005748 26.74 292.82
1311 0.005748 26.74 292.82
1312 0.005748 26.74 292.81
1313 0.005747 26.73 292.81
1314 0.005747 26.74 292.81
1315 0.005747 26.74 292.80
1316 0.005747 26.74 292.79
1317 0.005747 26.74 292.80
1318 0.005747 26.73 292.80
1319 0.005747 26.74 292.79
1320 0.005747 26.73 292.80
1321 0.005746 26.73 292.79
1322 0.005746 26.74 292.78
1323 0.005746 26.74 292.77
1324 0.005746 26.74 292.77
1325 0.005746 26.74 292.77
1326 0.005746 26.74 292.76
1327 0.005746 26.74 292.76
1328 0.005746 26.73 292.77
1329 0.005746 26.72 292.78
1330 0.005745 26.72 292.78
1331 0.005745 26.71 292.78
1332 0.005745 26.70 292.79
1333 0.005745 26.71 292.78
1334 0.005745 26.71 292.78
1335 0.005745 26.70 292.78
1336 0.005745 26.70 292.79
1337 0.005745 26.70 292.78
1338 0.005745 26.70 292.78
1339 0.005744 26.69 292.79
1340 0.005744 26.70 292.78
1341 0.005744 26.69 292.78
1342 0.005744 26.69 292.78
1343 0.005744 26.69 292.77
1344 0.005744 26.69 292.77
1345 0.005744 26.69 292.77
1346 0.005744 26.69 292.77
1347 0.005744 26.70 292.76
1348 0.005743 26.70 292.75
1349 0.005743 26.69 292.75
1351 0.005743 26.68 292.77
1352 0.005743 26.67 292.78
1353 0.005743 26.66 292.78
1354 0.005743 26.66 292.78
1355 0.005743 26.67 292.76
1356 0.005743 26.68 292.75
1357 0.005742 26.67 292.76
1358 0.005742 26.66 292.77
1359 0.005742 26.65 292.78
1360 0.005742 26.64 292.79
1361 0.005742 26.65 292.78
1362 0.005742 26.65 292.77
1363 0.005741 26.65 292.77
1364 0.005741 26.65 292.76
1365 0.005741 26.65 292.77
1366 0.005741 26.64 292.77
1367 0.005741 26.64 292.77
1368 0.005741 26.64 292.77
1369 0.005741 26.64 292.77
1370 0.005741 26.64 292.76
1371 0.005741 26.64 292.75
1372 0.005740 26.64 292.75
1373 0.005740 26.65 292.74
1374 0.005740 26.64 292.74
1375 0.005740 26.64 292.73
1376 0.005740 26.64 292.73
1377 0.005740 26.65 292.72
1378 0.005740 26.65 292.71
1379 0.005740 26.65 292.71
1380 0.005739 26.64 292.72
1381 0.005739 26.64 292.72
1382 0.005739 26.64 292.72
1383 0.005739 26.63 292.72
1384 0.005739 26.64 292.71
1385 0.005739 26.64 292.70
1386 0.005739 26.65 292.69
1387 0.005739 26.65 292.69
1388 0.005739 26.65 292.69
1389 0.005738 26.65 292.68
1390 0.005738 26.64 292.69
1391 0.005738 26.64 292.69
1392 0.005738 26.64 292.68
1393 0.005738 26.63 292.69
1394 0.005738 26.64 292.68
1395 0.005738 26.64 292.67
1396 0.005738 26.64 292.67
1397 0.005738 26.64 292.67
1398 0.005738 26.63 292.68
1399 0.005737 26.63 292.68
1401 0.005737 26.62 292.68
1402 0.005737 26.63 292.67
1403 0.005737 26.63 292.67
1404 0.005737 26.63 292.67
1405 0.005737 26.63 292.66
1406 0.005737 26.63 292.66
1407 0.005737 26.63 292.66
1408 0.005736 26.63 292.65
1409 0.005736 26.62 292.66
1410 0.005736 26.63 292.65
1411 0.005736 26.63 292.64
1412 0.005736 26.63 292.64
1413 0.005736 26.63 292.64
1414 0.005736 26.63 292.64
1415 0.005736 26.62 292.64
1416 0.005736 26.62 292.64
1417 0.005735 26.62 292.64
1418 0.005735 26.63 292.62
1419 0.005735 26.63 292.61
1420 0.005735 26.64 292.60
1421 0.005735 26.64 292.59
1422 0.005735 26.63 292.60
1423 0.005735 26.63 292.60
1424 0.005735 26.62 292.61
1425 0.005735 26.62 292.61
1426 0.005734 26.61 292.62
1427 0.005734 26.61 292.62
1428 0.005734 26.60 292.63
1429 0.005734 26.60 292.63
1430 0.005734 26.60 292.63
1431 0.005734 26.60 292.62
1432 0.005734 26.60 292.62
1433 0.005734 26.60 292.62
1434 0.005734 26.60 292.61
1435 0.005733 26.60 292.61
1436 0.005733 26.60 292.61
1437 0.005733 26.60 292.60
1438 0.005733 26.60 292.61
1439 0.005733 26.59 292.61
1440 0.005733 26.58 292.62
1441 0.005733 26.59 292.61
1442 0.005733 26.58 292.61
1443 0.005733 26.58 292.62
1444 0.005733 26.59 292.60
1445 0.005732 26.58 292.60
1446 0.005732 26.58 292.61
1447 0.005732 26.57 292.61
1448 0.005732 26.57 292.61
1449 0.005732 26.57 292.61
1451 0.005732 26.57 292.60
1452 0.005732 26.58 292.59
1453 0.005732 26.58 292.58
1454 0.005732 26.57 292.59
1455 0.005731 26.57 292.59
1456 0.005731 26.57 292.59
1457 0.005731 26.57 292.59
1458 0.005731 26.57 292.59
1459 0.005731 26.56 292.59
1460 0.005731 26.56 292.60
1461 0.005731 26.56 292.60
1462 0.005731 26.55 292.60
1463 0.005731 26.56 292.59
1464 0.005731 26.56 292.59
1465 0.005731 26.55 292.59
1466 0.005730 26.55 292.60
1467 0.005730 26.55 292.60
1468 0.005730 26.53 292.61
1469 0.005730 26.53 292.62
1470 0.005730 26.52 292.62
1471 0.005730 26.52 292.62
1472 0.005730 26.51 292.64
1473 0.005730 26.50 292.65
1474 0.005730 26.50 292.65
1475 0.005730 26.49 292.65
1476 0.005730 26.50 292.65
1477 0.005729 26.50 292.64
1478 0.005729 26.51 292.63
1479 0.005729 26.51 292.61
1480 0.005729 26.51 292.62
1481 0.005729 26.51 292.61
1482 0.005729 26.51 292.61
1483 0.005729 26.51 292.60
1484 0.005729 26.52 292.60
1485 0.005729 26.52 292.59
1486 0.005729 26.52 292.59
1487 0.005729 26.51 292.60
1488 0.005728 26.51 292.60
1489 0.005728 26.50 292.61
1490 0.005728 26.50 292.60
1491 0.005728 26.51 292.59
1492 0.005728 26.51 292.59
1493 0.005728 26.51 292.58
1494 0.005728 26.50 292.59
1495 0.005728 26.50 292.60
1496 0.005728 26.49 292.60
1497 0.005728 26.49 292.60
1498 0.005728 26.50 292.59
1499 0.005728 26.51 292.57
1501 0.005727 26.50 292.58
1502 0.005727 26.49 292.59
1503 0.005727 26.49 292.60
1504 0.005727 26.48 292.60
1505 0.005727 26.48 292.59
1506 0.005727 26.49 292.58
1507 0.005727 26.49 292.58
1508 0.005727 26.49 292.58
1509 0.005727 26.48 292.58
1510 0.005727 26.48 292.59
1511 0.005727 26.48 292.59
1512 0.005726 26.48 292.58
1513 0.005726 26.49 292.57
1514 0.005726 26.49 292.55
1515 0.005726 26.49 292.55
1516 0.005726 26.50 292.54
1517 0.005726 26.50 292.54
1518 0.005726 26.50 292.54
1519 0.005726 26.50 292.53
1520 0.005726 26.50 292.53
1521 0.005726 26.50 292.53
1522 0.005725 26.50 292.52
1523 0.005725 26.50 292.52
1524 0.005725 26.50 292.52
1525 0.005725 26.50 292.52
1526 0.005725 26.50 292.52
1527 0.005725 26.50 292.51
1528 0.005725 26.50 292.51
1529 0.005725 26.49 292.52
1530 0.005725 26.49 292.52
1531 0.005725 26.48 292.53
1532 0.005725 26.48 292.53
1533 0.005724 26.48 292.53
1534 0.005724 26.48 292.52
1535 0.005724 26.48 292.52
1536 0.005724 26.48 292.51
1537 0.005724 26.48 292.51
1538 0.005724 26.48 292.51
1539 0.005724 26.47 292.52
1540 0.005724 26.47 292.52
1541 0.005724 26.47 292.51
1542 0.005724 26.47 292.51
1543 0.005724 26.47 292.50
1544 0.005723 26.48 292.50
1545 0.005723 26.48 292.49
1546 0.005723 26.48 292.49
1547 0.005723 26.48 292.49
1548 0.005723 26.48 292.48
1549 0.005723 26.49 292.47
1551 0.005723 26.49 292.46
1552 0.005723 26.50 292.45
1553 0.005723 26.50 292.44
1554 0.005723 26.49 292.45
1555 0.005722 26.49 292.45
1556 0.005722 26.48 292.46
1557 0.005722 26.47 292.47
1558 0.005722 26.47 292.47
1559 0.005722 26.46 292.49
1560 0.005722 26.45 292.49
1561 0.005722 26.46 292.48
1562 0.005722 26.46 292.47
1563 0.005722 26.45 292.48
1564 0.005722 26.45 292.49
1565 0.005722 26.45 292.49
1566 0.005721 26.45 292.49
1567 0.005721 26.45 292.48
1568 0.005721 26.44 292.48
1569 0.005721 26.44 292.48
1570 0.005721 26.45 292.48
1571 0.005721 26.45 292.47
1572 0.005721 26.45 292.46
1573 0.005721 26.45 292.46
1574 0.005721 26.45 292.46
1575 0.005721 26.45 292.46
1576 0.005721 26.44 292.47
1577 0.005720 26.44 292.46
1578 0.005720 26.44 292.46
1579 0.005720 26.45 292.45
1580 0.005720 26.45 292.44
1581 0.005720 26.46 292.43
1582 0.005720 26.45 292.44
1583 0.005720 26.45 292.44
1584 0.005720 26.45 292.43
1585 0.005720 26.45 292.43
1586 0.005720 26.45 292.44
1587 0.005720 26.44 292.44
1588 0.005720 26.44 292.45
1589 0.005719 26.43 292.45
1590 0.005719 26.43 292.45
1591 0.005719 26.44 292.44
1592 0.005719 26.44 292.43
1593 0.005719 26.45 292.41
1594 0.005719 26.46 292.40
1595 0.005719 26.46 292.40
1596 0.005719 26.45 292.40
1597 0.005719 26.45 292.40
1598 0.005719 26.45 292.40
1599 0.005719 26.45 292.39
1601 0.005718 26.45 292.38
1602 0.005718 26.46 292.38
1603 0.005718 26.44 292.39
1604 0.005718 26.43 292.41
1605 0.005718 26.42 292.42
1606 0.005718 26.42 292.43
1607 0.005718 26.42 292.42
1608 0.005718 26.42 292.42
1609 0.005718 26.42 292.41
1610 0.005718 26.42 292.42
1611 0.005718 26.42 292.41
1612 0.005717 26.42 292.41
1613 0.005717 26.42 292.40
1614 0.005717 26.43 292.39
1615 0.005717 26.43 292.39
1616 0.005717 26.43 292.38
1617 0.005717 26.43 292.39
1618 0.005717 26.42 292.40
1619 0.005717 26.42 292.40
1620 0.005717 26.41 292.40
1621 0.005717 26.41 292.40
1622 0.005717 26.41 292.41
1623 0.005717 26.40 292.41
1624 0.005717 26.40 292.41
1625 0.005716 26.40 292.41
1626 0.005716 26.39 292.41
1627 0.005716 26.40 292.40
1628 0.005716 26.40 292.40
1629 0.005716 26.40 292.39
1630 0.005716 26.41 292.39
1631 0.005716 26.41 292.38
1632 0.005716 26.41 292.37
1633 0.005716 26.41 292.38
1634 0.005716 26.41 292.38
1635 0.005716 26.41 292.37
1636 0.005715 26.40 292.37
1637 0.005715 26.40 292.38
1638 0.005715 26.39 292.39
1639 0.005715 26.39 292.39
1640 0.005715 26.39 292.39
1641 0.005715 26.39 292.38
1642 0.005715 26.40 292.37
1643 0.005715 26.40 292.37
1644 0.005715 26.40 292.36
1645 0.005715 26.39 292.37
1646 0.005715 26.40 292.36
1647 0.005715 26.40 292.36
1648 0.005715 26.40 292.36
1649 0.005714 26.40 292.35
1651 0.005714 26.40 292.34
1652 0.005714 26.40 292.34
1653 0.005714 26.40 292.34
1654 0.005714 26.40 292.33
1655 0.005714 26.40 292.33
1656 0.005714 26.40 292.33
1657 0.005714 26.40 292.33
1658 0.005714 26.40 292.34
1659 0.005714 26.40 292.33
1660 0.005714 26.41 292.32
1661 0.005714 26.41 292.31
1662 0.005713 26.41 292.30
1663 0.005713 26.41 292.30
1664 0.005713 26.41 292.30
1665 0.005713 26.41 292.29
1666 0.005713 26.41 292.29
1667 0.005713 26.42 292.28
1668 0.005713 26.42 292.27
1669 0.005713 26.42 292.27
1670 0.005713 26.42 292.27
1671 0.005713 26.41 292.28
1672 0.005713 26.41 292.28
1673 0.005713 26.40 292.29
1674 0.005713 26.41 292.28
1675 0.005712 26.41 292.28
1676 0.005712 26.41 292.27
1677 0.005712 26.41 292.28
1678 0.005712 26.40 292.27
1679 0.005712 26.40 292.28
1680 0.005712 26.40 292.28
1681 0.005712 26.40 292.28
1682 0.005712 26.40 292.27
1683 0.005712 26.40 292.27
1684 0.005712 26.40 292.27
1685 0.005712 26.39 292.27
1686 0.005711 26.39 292.27
1687 0.005711 26.39 292.27
1688 0.005711 26.39 292.26
1689 0.005711 26.40 292.25
1690 0.005711 26.40 292.25
1691 0.005711 26.40 292.24
1692 0.005711 26.40 292.25
1693 0.005711 26.39 292.25
1694 0.005711 26.39 292.25
1695 0.005711 26.39 292.25
1696 0.005710 26.39 292.25
1697 0.005710 26.39 292.25
1698 0.005710 26.39 292.24
1699 0.005710 26.39 292.23
1701 0.005710 26.41 292.21
1702 0.005710 26.41 292.20
1703 0.005710 26.41 292.19
1704 0.005710 26.41 292.19
1705 0.005710 26.41 292.19
1706 0.005709 26.41 292.18
1707 0.005709 26.42 292.17
1708 0.005709 26.42 292.17
1709 0.005709 26.42 292.17
1710 0.005709 26.41 292.18
1711 0.005709 26.41 292.18
1712 0.005709 26.41 292.18
1713 0.005709 26.40 292.18
1714 0.005709 26.41 292.16
1715 0.005709 26.41 292.16
1716 0.005709 26.42 292.15
1717 0.005709 26.42 292.14
1718 0.005708 26.42 292.14
1719 0.005708 26.42 292.14
1720 0.005708 26.42 292.14
1721 0.005708 26.42 292.14
1722 0.005708 26.41 292.14
1723 0.005708 26.42 292.13
1724 0.005708 26.42 292.12
1725 0.005708 26.43 292.11
1726 0.005708 26.42 292.11
1727 0.005708 26.42 292.12
1728 0.005708 26.42 292.11
1729 0.005707 26.43 292.10
1730 0.005707 26.43 292.10
1731 0.005707 26.43 292.09
1732 0.005707 26.44 292.08
1733 0.005707 26.44 292.07
1734 0.005707 26.44 292.07
1735 0.005707 26.44 292.07
1736 0.005707 26.44 292.06
1737 0.005707 26.44 292.06
1738 0.005707 26.44 292.06
1739 0.005706 26.43 292.07
1740 0.005706 26.42 292.08
1741 0.005706 26.42 292.07
1742 0.005706 26.42 292.08
1743 0.005706 26.42 292.08
1744 0.005706 26.42 292.07
1745 0.005706 26.42 292.07
1746 0.005706 26.41 292.07
1747 0.005706 26.41 292.07
1748 0.005706 26.41 292.07
1749 0.005706 26.41 292.06
1751 0.005705 26.43 292.04
1752 0.005705 26.43 292.03
1753 0.005705 26.43 292.02
1754 0.005705 26.43 292.03
1755 0.005705 26.43 292.03
1756 0.005705 26.43 292.02
1757 0.005705 26.43 292.02
1758 0.005705 26.43 292.01
1759 0.005705 26.43 292.01
1760 0.005705 26.43 292.01
1761 0.005705 26.43 292.01
1762 0.005704 26.43 292.01
1763 0.005704 26.43 292.01
1764 0.005704 26.43 292.00
1765 0.005704 26.43 291.99
1766 0.005704 26.44 291.98
1767 0.005704 26.44 291.98
1768 0.005704 26.44 291.98
1769 0.005704 26.43 291.99
1770 0.005704 26.43 291.98
1771 0.005704 26.43 291.98
1772 0.005704 26.43 291.98
1773 0.005704 26.43 291.98
1774 0.005703 26.43 291.98
1775 0.005703 26.43 291.97
1776 0.005703 26.43 291.97
1777 0.005703 26.43 291.96
1778 0.005703 26.42 291.97
1779 0.005703 26.43 291.96
1780 0.005703 26.44 291.95
1781 0.005703 26.44 291.95
1782 0.005703 26.44 291.94
1783 0.005703 26.45 291.93
1784 0.005703 26.45 291.92
1785 0.005703 26.45 291.92
1786 0.005702 26.44 291.92
1787 0.005702 26.44 291.93
1788 0.005702 26.44 291.92
1789 0.005702 26.44 291.93
1790 0.005702 26.43 291.93
1791 0.005702 26.44 291.92
1792 0.005702 26.44 291.91
1793 0.005702 26.44 291.91
1794 0.005702 26.44 291.92
1795 0.005702 26.44 291.91
1796 0.005702 26.44 291.91
1797 0.005702 26.44 291.90
1798 0.005701 26.45 291.89
1799 0.005701 26.45 291.89
1801 0.005701 26.44 291.89
1802 0.005701 26.44 291.89
1803 0.005701 26.43 291.90
1804 0.005701 26.43 291.90
1805 0.005701 26.43 291.90
1806 0.005701 26.43 291.90
1807 0.005701 26.43 291.90
1808 0.005701 26.43 291.90
1809 0.005701 26.43 291.90
1810 0.005701 26.43 291.89
1811 0.005701 26.43 291.88
1812 0.005701 26.43 291.89
1813 0.005700 26.44 291.87
1814 0.005700 26.44 291.87
1815 0.005700 26.43 291.88
1816 0.005700 26.43 291.88
1817 0.005700 26.43 291.87
1818 0.005700 26.44 291.86
1819 0.005700 26.43 291.87
1820 0.005700 26.44 291.86
1821 0.005700 26.43 291.86
1822 0.005700 26.43 291.86
1823 0.005700 26.43 291.87
1824 0.005700 26.42 291.87
1825 0.005700 26.42 291.87
1826 0.005700 26.42 291.88
1827 0.005699 26.42 291.88
1828 0.005699 26.42 291.88
1829 0.005699 26.41 291.88
1830 0.005699 26.41 291.88
1831 0.005699 26.41 291.89
1832 0.005699 26.41 291.88
1833 0.005699 26.41 291.88
1834 0.005699 26.41 291.88
1835 0.005699 26.41 291.87
1836 0.005699 26.42 291.86
1837 0.005699 26.42 291.85
1838 0.005699 26.42 291.85
1839 0.005699 26.42 291.85
1840 0.005699 26.42 291.85
1841 0.005699 26.42 291.85
1842 0.005699 26.42 291.85
1843 0.005699 26.42 291.85
1844 0.005698 26.42 291.84
1845 0.005698 26.42 291.84
1846 0.005698 26.42 291.84
1847 0.005698 26.42 291.84
1848 0.005698 26.42 291.84
1849 0.005698 26.42 291.84
1851 0.005698 26.41 291.85
1852 0.005698 26.41 291.85
1853 0.005698 26.41 291.84
1854 0.005698 26.41 291.85
1855 0.005698 26.41 291.84
1856 0.005698 26.41 291.84
1857 0.005698 26.41 291.84
1858 0.005698 26.41 291.84
1859 0.005698 26.41 291.83
1860 0.005697 26.40 291.84
1861 0.005697 26.40 291.84
1862 0.005697 26.40 291.84
1863 0.005697 26.40 291.83
1864 0.005697 26.40 291.83
1865 0.005697 26.40 291.83
1866 0.005697 26.41 291.82
1867 0.005697 26.41 291.82
1868 0.005697 26.41 291.81
1869 0.005697 26.41 291.81
1870 0.005697 26.41 291.81
1871 0.005697 26.41 291.81
1872 0.005697 26.41 291.81
1873 0.005697 26.40 291.82
1874 0.005697 26.40 291.81
1875 0.005697 26.41 291.81
1876 0.005697 26.41 291.80
1877 0.005697 26.41 291.80
1878 0.005696 26.41 291.80
1879 0.005696 26.41 291.79
1880 0.005696 26.41 291.79
1881 0.005696 26.41 291.79
1882 0.005696 26.41 291.78
1883 0.005696 26.42 291.78
1884 0.005696 26.42 291.78
1885 0.005696 26.42 291.77
1886 0.005696 26.42 291.76
1887 0.005696 26.42 291.76
1888 0.005696 26.42 291.76
1889 0.005696 26.43 291.75
1890 0.005696 26.43 291.75
1891 0.005696 26.43 291.75
1892 0.005696 26.43 291.74
1893 0.005696 26.43 291.74
1894 0.005696 26.43 291.74
1895 0.005695 26.43 291.74
1896 0.005695 26.43 291.74
1897 0.005695 26.43 291.74
1898 0.005695 26.43 291.74
1899 0.005695 26.43 291.73
1901 0.005695 26.43 291.73
1902 0.005695 26.43 291.73
1903 0.005695 26.42 291.73
1904 0.005695 26.43 291.73
1905 0.005695 26.42 291.73
1906 0.005695 26.43 291.72
1907 0.005695 26.43 291.72
1908 0.005695 26.43 291.71
1909 0.005695 26.43 291.71
1910 0.005695 26.43 291.72
1911 0.005695 26.43 291.71
1912 0.005695 26.42 291.72
1913 0.005694 26.42 291.72
1914 0.005694 26.43 291.71
1915 0.005694 26.43 291.71
1916 0.005694 26.43 291.71
1917 0.005694 26.43 291.70
1918 0.005694 26.43 291.70
1919 0.005694 26.43 291.70
1920 0.005694 26.43 291.70
1921 0.005694 26.43 291.69
1922 0.005694 26.44 291.68
1923 0.005694 26.44 291.68
1924 0.005694 26.44 291.68
1925 0.005694 26.44 291.68
1926 0.005694 26.43 291.68
1927 0.005694 26.43 291.69
1928 0.005694 26.43 291.68
1929 0.005694 26.43 291.68
1930 0.005694 26.44 291.67
1931 0.005694 26.44 291.67
1932 0.005694 26.44 291.66
1933 0.005693 26.44 291.66
1934 0.005693 26.44 291.66
1935 0.005693 26.44 291.66
1936 0.005693 26.44 291.65
1937 0.005693 26.44 291.66
1938 0.005693 26.44 291.65
1939 0.005693 26.44 291.65
1940 0.005693 26.44 291.65
1941 0.005693 26.44 291.65
1942 0.005693 26.44 291.65
1943 0.005693 26.44 291.65
1944 0.005693 26.44 291.64
1945 0.005693 26.44 291.64
1946 0.005693 26.44 291.64
1947 0.005693 26.44 291.63
1948 0.005693 26.44 291.64
1949 0.005693 26.44 291.63
1951 0.005693 26.44 291.63
1952 0.005693 26.44 291.64
1953 0.005692 26.43 291.64
1954 0.005692 26.43 291.65
1955 0.005692 26.42 291.65
1956 0.005692 26.42 291.65
1957 0.005692 26.42 291.65
1958 0.005692 26.43 291.65
1959 0.005692 26.43 291.64
1960 0.005692 26.43 291.64
1961 0.005692 26.43 291.63
1962 0.005692 26.43 291.64
1963 0.005692 26.43 291.63
1964 0.005692 26.43 291.64
1965 0.005692 26.43 291.63
1966 0.005692 26.43 291.63
1967 0.005692 26.43 291.62
1968 0.005692 26.43 291.63
1969 0.005692 26.43 291.63
1970 0.005692 26.42 291.63
1971 0.005692 26.42 291.63
1972 0.005692 26.42 291.63
1973 0.005691 26.42 291.63
1974 0.005691 26.42 291.62
1975 0.005691 26.43 291.62
1976 0.005691 26.43 291.62
1977 0.005691 26.43 291.62
1978 0.005691 26.43 291.62
1979 0.005691 26.43 291.61
1980 0.005691 26.43 291.61
1981 0.005691 26.43 291.61
1982 0.005691 26.42 291.62
1983 0.005691 26.41 291.62
1984 0.005691 26.41 291.63
1985 0.005691 26.41 291.63
1986 0.005691 26.41 291.62
1987 0.005691 26.42 291.61
1988 0.005691 26.42 291.61
1989 0.005691 26.42 291.61
1990 0.005691 26.41 291.62
1991 0.005691 26.41 291.62
1992 0.005691 26.40 291.63
1993 0.005690 26.40 291.63
1994 0.005690 26.40 291.63
1995 0.005690 26.41 291.62
1996 0.005690 26.41 291.61
1997 0.005690 26.41 291.62
1998 0.005690 26.41 291.61
1999 0.005690 26.40 291.62
2001 0.005690 26.40 291.62
2002 0.005690 26.40 291.62
2003 0.005690 26.40 291.61
2004 0.005690 26.40 291.62
2005 0.005690 26.40 291.62
2006 0.005690 26.40 291.61
2007 0.005690 26.40 291.61
2008 0.005690 26.40 291.61
2009 0.005690 26.40 291.60
2010 0.005690 26.40 291.61
2011 0.005690 26.39 291.62
2012 0.005690 26.39 291.62
2013 0.005689 26.39 291.62
2014 0.005689 26.38 291.62
2015 0.005689 26.39 291.62
2016 0.005689 26.39 291.61
2017 0.005689 26.39 291.61
2018 0.005689 26.39 291.61
2019 0.005689 26.39 291.61
2020 0.005689 26.39 291.61
2021 0.005689 26.39 291.61
2022 0.005689 26.38 291.61
2023 0.005689 26.38 291.61
2024 0.005689 26.38 291.62
2025 0.005689 26.38 291.62
2026 0.005689 26.37 291.62
2027 0.005689 26.37 291.62
2028 0.005689 26.37 291.62
2029 0.005689 26.37 291.62
2030 0.005689 26.37 291.62
2031 0.005689 26.36 291.63
2032 0.005689 26.36 291.63
2033 0.005689 26.36 291.63
2034 0.005688 26.36 291.63
2035 0.005688 26.36 291.63
2036 0.005688 26.36 291.63
2037 0.005688 26.36 291.63
2038 0.005688 26.36 291.63
2039 0.005688 26.35 291.64
2040 0.005688 26.35 291.63
2041 0.005688 26.35 291.63
2042 0.005688 26.35 291.63
2043 0.005688 26.35 291.63
2044 0.005688 26.36 291.62
2045 0.005688 26.36 291.62
2046 0.005688 26.35 291.62
2047 0.005688 26.35 291.62
2048 0.005688 26.35 291.63
2049 0.005688 26.34 291.63
2051 0.005688 26.34 291.63
2052 0.005688 26.35 291.63
2053 0.005688 26.35 291.63
2054 0.005688 26.35 291.62
2055 0.005688 26.35 291.62
2056 0.005687 26.35 291.62
2057 0.005687 26.35 291.62
2058 0.005687 26.35 291.61
2059 0.005687 26.35 291.61
2060 0.005687 26.35 291.62
2061 0.005687 26.35 291.61
2062 0.005687 26.34 291.62
2063 0.005687 26.34 291.62
2064 0.005687 26.34 291.62
2065 0.005687 26.34 291.62
2066 0.005687 26.34 291.62
2067 0.005687 26.34 291.62
2068 0.005687 26.33 291.62
2069 0.005687 26.33 291.62
2070 0.005687 26.34 291.62
2071 0.005687 26.33 291.62
2072 0.005687 26.33 291.62
2073 0.005687 26.34 291.61
2074 0.005687 26.34 291.61
2075 0.005687 26.34 291.61
2076 0.005687 26.34 291.61
2077 0.005687 26.34 291.61
2078 0.005687 26.34 291.60
2079 0.005686 26.34 291.60
2080 0.005686 26.34 291.60
2081 0.005686 26.34 291.60
2082 0.005686 26.34 291.60
2083 0.005686 26.34 291.59
2084 0.005686 26.34 291.59
2085 0.005686 26.34 291.59
2086 0.005686 26.33 291.60
2087 0.005686 26.34 291.59
2088 0.005686 26.33 291.59
2089 0.005686 26.33 291.60
2090 0.005686 26.33 291.60
2091 0.005686 26.33 291.60
2092 0.005686 26.33 291.59
2093 0.005686 26.33 291.59
2094 0.005686 26.34 291.58
2095 0.005686 26.33 291.59
2096 0.005686 26.33 291.59
2097 0.005686 26.33 291.59
2098 0.005686 26.33 291.59
2099 0.005686 26.33 291.59
2101 0.005686 26.34 291.58
2102 0.005686 26.33 291.58
2103 0.005685 26.33 291.58
2104 0.005685 26.33 291.59
2105 0.005685 26.32 291.59
2106 0.005685 26.32 291.59
2107 0.005685 26.32 291.60
2108 0.005685 26.32 291.60
2109 0.005685 26.32 291.60
2110 0.005685 26.31 291.60
2111 0.005685 26.31 291.60
2112 0.005685 26.31 291.60
2113 0.005685 26.32 291.59
2114 0.005685 26.32 291.58
2115 0.005685 26.33 291.57
2116 0.005685 26.33 291.56
2117 0.005685 26.33 291.56
2118 0.005685 26.33 291.56
2119 0.005685 26.33 291.56
2120 0.005685 26.33 291.56
2121 0.005685 26.33 291.56
2122 0.005685 26.33 291.56
2123 0.005685 26.33 291.56
2124 0.005685 26.32 291.57
2125 0.005685 26.32 291.57
2126 0.005684 26.32 291.57
2127 0.005684 26.31 291.58
2128 0.005684 26.31 291.58
2129 0.005684 26.31 291.58
2130 0.005684 26.31 291.58
2131 0.005684 26.31 291.58
2132 0.005684 26.31 291.58
2133 0.005684 26.30 291.58
2134 0.005684 26.30 291.58
2135 0.005684 26.30 291.59
2136 0.005684 26.30 291.59
2137 0.005684 26.30 291.58
2138 0.005684 26.30 291.58
2139 0.005684 26.30 291.58
2140 0.005684 26.30 291.57
2141 0.005684 26.30 291.57
2142 0.005684 26.30 291.57
2143 0.005684 26.31 291.57
2144 0.005684 26.31 291.56
2145 0.005684 26.31 291.56
2146 0.005684 26.31 291.55
2147 0.005683 26.31 291.55
2148 0.005683 26.32 291.54
2149 0.005683 26.31 291.54
2151 0.005683 26.31 291.54
2152 0.005683 26.31 291.55
2153 0.005683 26.31 291.55
2154 0.005683 26.31 291.55
2155 0.005683 26.31 291.55
2156 0.005683 26.31 291.55
2157 0.005683 26.31 291.55
2158 0.005683 26.31 291.54
2159 0.005683 26.31 291.54
2160 0.005683 26.31 291.53
2161 0.005683 26.31 291.53
2162 0.005683 26.32 291.53
2163 0.005683 26.32 291.52
2164 0.005683 26.31 291.53
2165 0.005683 26.31 291.53
2166 0.005683 26.31 291.52
2167 0.005683 26.31 291.53
2168 0.005683 26.31 291.53
2169 0.005683 26.31 291.53
2170 0.005683 26.31 291.53
2171 0.005682 26.31 291.53
2172 0.005682 26.30 291.53
2173 0.005682 26.30 291.53
2174 0.005682 26.30 291.54
2175 0.005682 26.30 291.54
2176 0.005682 26.29 291.54
2177 0.005682 26.30 291.54
2178 0.005682 26.30 291.53
2179 0.005682 26.30 291.53
2180 0.005682 26.30 291.52
2181 0.005682 26.30 291.52
2182 0.005682 26.30 291.52
2183 0.005682 26.29 291.53
2184 0.005682 26.29 291.53
2185 0.005682 26.29 291.54
2186 0.005682 26.29 291.53
2187 0.005682 26.29 291.53
2188 0.005682 26.29 291.53
2189 0.005682 26.29 291.53
2190 0.005682 26.29 291.52
2191 0.005682 26.29 291.52
2192 0.005681 26.29 291.53
2193 0.005681 26.29 291.53
2194 0.005681 26.28 291.53
2195 0.005681 26.29 291.53
2196 0.005681 26.29 291.52
2197 0.005681 26.29 291.52
2198 0.005681 26.29 291.52
2199 0.005681 26.29 291.52
2201 0.005681 26.29 291.52
2202 0.005681 26.29 291.52
2203 0.005681 26.28 291.52
2204 0.005681 26.28 291.52
2205 0.005681 26.28 291.52
2206 0.005681 26.28 291.52
2207 0.005681 26.28 291.52
2208 0.005681 26.28 291.51
2209 0.005681 26.28 291.51
2210 0.005681 26.29 291.50
2211 0.005681 26.29 291.49
2212 0.005681 26.29 291.49
2213 0.005681 26.29 291.49
2214 0.005681 26.30 291.49
2215 0.005680 26.29 291.49
2216 0.005680 26.29 291.49
2217 0.005680 26.29 291.50
2218 0.005680 26.28 291.50
2219 0.005680 26.29 291.50
2220 0.005680 26.29 291.49
2221 0.005680 26.29 291.49
2222 0.005680 26.29 291.48
2223 0.005680 26.30 291.47
2224 0.005680 26.29 291.48
2225 0.005680 26.29 291.48
2226 0.005680 26.29 291.48
2227 0.005680 26.29 291.48
2228 0.005680 26.29 291.48
2229 0.005680 26.29 291.48
2230 0.005680 26.29 291.47
2231 0.005680 26.29 291.47
2232 0.005680 26.29 291.47
2233 0.005680 26.29 291.47
2234 0.005680 26.29 291.47
2235 0.005680 26.30 291.46
2236 0.005680 26.30 291.46
2237 0.005680 26.29 291.46
2238 0.005680 26.29 291.46
2239 0.005679 26.29 291.46
2240 0.005679 26.29 291.46
2241 0.005679 26.29 291.46
2242 0.005679 26.29 291.46
2243 0.005679 26.29 291.46
2244 0.005679 26.29 291.46
2245 0.005679 26.29 291.46
2246 0.005679 26.29 291.46
2247 0.005679 26.29 291.46
2248 0.005679 26.29 291.45
2249 0.005679 26.29 291.45
2251 0.005679 26.29 291.45
2252 0.005679 26.29 291.45
2253 0.005679 26.29 291.45
2254 0.005679 26.29 291.45
2255 0.005679 26.29 291.45
2256 0.005679 26.29 291.44
2257 0.005679 26.30 291.44
2258 0.005679 26.30 291.43
2259 0.005679 26.30 291.43
2260 0.005679 26.30 291.43
2261 0.005679 26.30 291.43
2262 0.005679 26.30 291.42
2263 0.005679 26.30 291.42
2264 0.005679 26.31 291.41
2265 0.005679 26.31 291.41
2266 0.005679 26.30 291.42
2267 0.005678 26.30 291.42
2268 0.005678 26.30 291.42
2269 0.005678 26.30 291.42
2270 0.005678 26.30 291.41
2271 0.005678 26.30 291.41
2272 0.005678 26.30 291.41
2273 0.005678 26.30 291.41
2274 0.005678 26.30 291.41
2275 0.005678 26.30 291.41
2276 0.005678 26.30 291.40
2277 0.005678 26.31 291.40
2278 0.005678 26.31 291.39
2279 0.005678 26.31 291.39
2280 0.005678 26.31 291.39
2281 0.005678 26.30 291.39
2282 0.005678 26.30 291.40
2283 0.005678 26.30 291.40
2284 0.005678 26.30 291.40
2285 0.005678 26.29 291.40
2286 0.005678 26.30 291.40
2287 0.005678 26.29 291.41
2288 0.005678 26.29 291.41
2289 0.005678 26.29 291.41
2290 0.005678 26.29 291.41
2291 0.005677 26.29 291.41
2292 0.005677 26.29 291.41
2293 0.005677 26.29 291.41
2294 0.005677 26.29 291.41
2295 0.005677 26.28 291.41
2296 0.005677 26.28 291.41
2297 0.005677 26.28 291.41
2298 0.005677 26.28 291.41
2299 0.005677 26.29 291.40
2301 0.005677 26.28 291.40
2302 0.005677 26.29 291.40
2303 0.005677 26.28 291.40
2304 0.005677 26.28 291.40
2305 0.005677 26.28 291.40
2306 0.005677 26.28 291.40
2307 0.005677 26.28 291.40
2308 0.005677 26.28 291.40
2309 0.005677 26.28 291.40
2310 0.005677 26.28 291.40
2311 0.005677 26.27 291.41
2312 0.005677 26.27 291.41
2313 0.005677 26.28 291.40
2314 0.005677 26.27 291.40
2315 0.005677 26.27 291.41
2316 0.005677 26.27 291.40
2317 0.005676 26.27 291.40
2318 0.005676 26.27 291.40
2319 0.005676 26.27 291.39
2320 0.005676 26.28 291.39
2321 0.005676 26.28 291.39
2322 0.005676 26.27 291.39
2323 0.005676 26.27 291.39
2324 0.005676 26.27 291.39
2325 0.005676 26.27 291.39
2326 0.005676 26.28 291.39
2327 0.005676 26.28 291.39
2328 0.005676 26.28 291.38
2329 0.005676 26.27 291.39
2330 0.005676 26.27 291.39
2331 0.005676 26.27 291.40
2332 0.005676 26.27 291.39
2333 0.005676 26.27 291.39
2334 0.005676 26.27 291.39
2335 0.005676 26.27 291.38
2336 0.005676 26.27 291.38
2337 0.005676 26.28 291.37
2338 0.005676 26.28 291.36
2339 0.005676 26.28 291.36
2340 0.005676 26.28 291.36
2341 0.005676 26.28 291.36
2342 0.005676 26.28 291.36
2343 0.005675 26.28 291.36
2344 0.005675 26.28 291.36
2345 0.005675 26.28 291.36
2346 0.005675 26.28 291.36
2347 0.005675 26.28 291.35
2348 0.005675 26.28 291.35
2349 0.005675 26.28 291.35
2351 0.005675 26.28 291.35
2352 0.005675 26.28 291.35
2353 0.005675 26.28 291.34
2354 0.005675 26.28 291.34
2355 0.005675 26.28 291.34
2356 0.005675 26.28 291.34
2357 0.005675 26.28 291.34
2358 0.005675 26.28 291.34
2359 0.005675 26.28 291.34
2360 0.005675 26.27 291.35
2361 0.005675 26.27 291.34
2362 0.005675 26.27 291.35
2363 0.005675 26.27 291.34
2364 0.005675 26.28 291.34
2365 0.005675 26.28 291.33
2366 0.005674 26.28 291.33
2367 0.005674 26.27 291.34
2368 0.005674 26.27 291.34
2369 0.005674 26.27 291.33
2370 0.005674 26.28 291.33
2371 0.005674 26.28 291.33
2372 0.005674 26.27 291.33
2373 0.005674 26.28 291.33
2374 0.005674 26.28 291.32
2375 0.005674 26.27 291.33
2376 0.005674 26.27 291.33
2377 0.005674 26.28 291.32
2378 0.005674 26.28 291.32
2379 0.005674 26.27 291.32
2380 0.005674 26.28 291.32
2381 0.005674 26.28 291.32
2382 0.005674 26.27 291.32
2383 0.005674 26.27 291.32
2384 0.005674 26.27 291.32
2385 0.005674 26.27 291.31
2386 0.005674 26.27 291.31
2387 0.005674 26.27 291.31
2388 0.005674 26.27 291.31
2389 0.005674 26.27 291.31
2390 0.005673 26.27 291.31
2391 0.005673 26.27 291.32
2392 0.005673 26.27 291.32
2393 0.005673 26.26 291.32
2394 0.005673 26.26 291.33
2395 0.005673 26.25 291.33
2396 0.005673 26.25 291.34
2397 0.005673 26.25 291.34
2398 0.005673 26.25 291.33
2399 0.005673 26.26 291.33
2401 0.005673 26.26 291.32
2402 0.005673 26.27 291.31
2403 0.005673 26.27 291.31
2404 0.005673 26.27 291.30
2405 0.005673 26.27 291.30
2406 0.005673 26.27 291.29
2407 0.005673 26.28 291.29
2408 0.005673 26.28 291.28
2409 0.005673 26.28 291.27
2410 0.005673 26.29 291.27
2411 0.005673 26.29 291.27
2412 0.005673 26.28 291.27
2413 0.005673 26.28 291.27
2414 0.005673 26.28 291.27
2415 0.005673 26.29 291.27
2416 0.005673 26.29 291.26
2417 0.005673 26.29 291.26
2418 0.005672 26.29 291.26
2419 0.005672 26.29 291.26
2420 0.005672 26.28 291.27
2421 0.005672 26.28 291.27
2422 0.005672 26.28 291.27
2423 0.005672 26.27 291.28
2424 0.005672 26.28 291.27
2425 0.005672 26.28 291.27
2426 0.005672 26.27 291.28
2427 0.005672 26.27 291.28
2428 0.005672 26.27 291.28
2429 0.005672 26.27 291.27
2430 0.005672 26.27 291.27
2431 0.005672 26.27 291.27
2432 0.005672 26.27 291.27
2433 0.005672 26.26 291.28
2434 0.005672 26.26 291.29
2435 0.005672 26.26 291.29
2436 0.005672 26.26 291.29
2437 0.005672 26.26 291.29
2438 0.005672 26.26 291.28
2439 0.005672 26.26 291.28
2440 0.005672 26.26 291.29
2441 0.005672 26.25 291.29
2442 0.005672 26.26 291.29
2443 0.005672 26.25 291.29
2444 0.005672 26.25 291.29
2445 0.005672 26.26 291.28
2446 0.005672 26.26 291.28
2447 0.005672 26.26 291.28
2448 0.005672 26.25 291.28
2449 0.005672 26.25 291.29
2451 0.005671 26.24 291.29
2452 0.005671 26.24 291.30
2453 0.005671 26.24 291.31
2454 0.005671 26.24 291.30
2455 0.005671 26.23 291.31
2456 0.005671 26.24 291.30
2457 0.005671 26.23 291.31
2458 0.005671 26.23 291.31
2459 0.005671 26.23 291.30
2460 0.005671 26.23 291.30
2461 0.005671 26.23 291.30
2462 0.005671 26.24 291.30
2463 0.005671 26.23 291.30
2464 0.005671 26.23 291.30
2465 0.005671 26.23 291.31
2466 0.005671 26.23 291.31
2467 0.005671 26.23 291.31
2468 0.005671 26.23 291.30
2469 0.005671 26.23 291.30
2470 0.005671 26.23 291.30
2471 0.005671 26.23 291.29
2472 0.005671 26.23 291.29
2473 0.005671 26.23 291.29
2474 0.005671 26.23 291.29
2475 0.005671 26.23 291.29
2476 0.005671 26.24 291.28
2477 0.005671 26.24 291.28
2478 0.005671 26.24 291.28
2479 0.005671 26.24 291.28
2480 0.005671 26.23 291.29
2481 0.005670 26.23 291.29
2482 0.005670 26.23 291.29
2483 0.005670 26.23 291.29
2484 0.005670 26.23 291.29
2485 0.005670 26.23 291.28
2486 0.005670 26.23 291.28
2487 0.005670 26.23 291.28
2488 0.005670 26.23 291.28
2489 0.005670 26.23 291.28
2490 0.005670 26.23 291.28
2491 0.005670 26.23 291.28
2492 0.005670 26.23 291.27
2493 0.005670 26.23 291.27
2494 0.005670 26.23 291.28
2495 0.005670 26.23 291.28
2496 0.005670 26.23 291.28
2497 0.005670 26.23 291.28
2498 0.005670 26.23 291.28
2499 0.005670 26.23 291.28
2501 0.005670 26.23 291.28
2502 0.005670 26.23 291.28
2503 0.005670 26.23 291.28
2504 0.005670 26.23 291.27
2505 0.005670 26.23 291.27
2506 0.005670 26.23 291.27
2507 0.005670 26.23 291.27
2508 0.005670 26.22 291.27
2509 0.005670 26.23 291.27
2510 0.005670 26.23 291.27
2511 0.005670 26.23 291.27
2512 0.005670 26.23 291.26
2513 0.005670 26.23 291.26
2514 0.005670 26.23 291.26
2515 0.005669 26.23 291.26
2516 0.005669 26.23 291.26
2517 0.005669 26.23 291.26
2518 0.005669 26.23 291.26
2519 0.005669 26.23 291.25
2520 0.005669 26.23 291.25
2521 0.005669 26.24 291.24
2522 0.005669 26.24 291.24
2523 0.005669 26.24 291.24
2524 0.005669 26.24 291.23
2525 0.005669 26.24 291.24
2526 0.005669 26.24 291.23
2527 0.005669 26.24 291.23
2528 0.005669 26.24 291.23
2529 0.005669 26.24 291.23
2530 0.005669 26.24 291.24
2531 0.005669 26.24 291.23
2532 0.005669 26.24 291.23
2533 0.005669 26.24 291.23
2534 0.005669 26.24 291.23
2535 0.005669 26.24 291.22
2536 0.005669 26.24 291.22
2537 0.005669 26.24 291.22
2538 0.005669 26.24 291.23
2539 0.005669 26.23 291.23
2540 0.005669 26.23 291.24
2541 0.005669 26.23 291.24
2542 0.005669 26.23 291.23
2543 0.005669 26.24 291.23
2544 0.005669 26.24 291.22
2545 0.005669 26.24 291.22
2546 0.005669 26.24 291.21
2547 0.005669 26.24 291.22
2548 0.005669 26.24 291.21
2549 0.005669 26.24 291.21
2551 0.005669 26.24 291.21
2552 0.005668 26.24 291.21
2553 0.005668 26.24 291.21
2554 0.005668 26.24 291.21
2555 0.005668 26.24 291.21
2556 0.005668 26.24 291.22
2557 0.005668 26.24 291.21
2558 0.005668 26.24 291.21
2559 0.005668 26.24 291.21
2560 0.005668 26.24 291.20
2561 0.005668 26.25 291.20
2562 0.005668 26.25 291.20
2563 0.005668 26.25 291.20
2564 0.005668 26.24 291.20
2565 0.005668 26.24 291.20
2566 0.005668 26.25 291.20
2567 0.005668 26.25 291.19
2568 0.005668 26.25 291.19
2569 0.005668 26.25 291.19
2570 0.005668 26.25 291.19
2571 0.005668 26.25 291.19
2572 0.005668 26.25 291.18
2573 0.005668 26.25 291.18
2574 0.005668 26.26 291.17
2575 0.005668 26.26 291.17
2576 0.005668 26.26 291.17
2577 0.005668 26.25 291.18
2578 0.005668 26.25 291.18
2579 0.005668 26.25 291.18
2580 0.005668 26.25 291.18
2581 0.005668 26.25 291.18
2582 0.005668 26.25 291.18
2583 0.005668 26.25 291.18
2584 0.005668 26.25 291.18
2585 0.005668 26.25 291.18
2586 0.005668 26.25 291.18
2587 0.005668 26.25 291.17
2588 0.005668 26.25 291.17
2589 0.005668 26.25 291.17
2590 0.005668 26.25 291.17
2591 0.005668 26.25 291.18
2592 0.005668 26.24 291.18
2593 0.005668 26.24 291.18
2594 0.005668 26.24 291.18
2595 0.005667 26.24 291.18
2596 0.005667 26.24 291.18
2597 0.005667 26.24 291.18
2598 0.005667 26.24 291.18
2599 0.005667 26.24 291.18
2601 0.005667 26.24 291.18
2602 0.005667 26.24 291.18
2603 0.005667 26.24 291.18
2604 0.005667 26.24 291.18
2605 0.005667 26.24 291.17
2606 0.005667 26.24 291.17
2607 0.005667 26.24 291.17
2608 0.005667 26.24 291.17
2609 0.005667 26.24 291.17
2610 0.005667 26.24 291.17
2611 0.005667 26.24 291.17
2612 0.005667 26.24 291.17
2613 0.005667 26.24 291.17
2614 0.005667 26.24 291.17
2615 0.005667 26.24 291.17
2616 0.005667 26.24 291.17
2617 0.005667 26.24 291.17
2618 0.005667 26.24 291.17
2619 0.005667 26.24 291.17
2620 0.005667 26.24 291.17
2621 0.005667 26.24 291.17
2622 0.005667 26.24 291.17
2623 0.005667 26.24 291.17
2624 0.005667 26.24 291.17
2625 0.005667 26.24 291.16
2626 0.005667 26.24 291.16
2627 0.005667 26.24 291.16
2628 0.005667 26.24 291.16
2629 0.005667 26.24 291.16
2630 0.005667 26.24 291.16
2631 0.005667 26.24 291.16
2632 0.005667 26.24 291.16
2633 0.005667 26.24 291.16
2634 0.005667 26.24 291.16
2635 0.005667 26.24 291.16
2636 0.005667 26.24 291.16
2637 0.005667 26.24 291.16
2638 0.005666 26.24 291.16
2639 0.005666 26.24 291.15
2640 0.005666 26.24 291.15
2641 0.005666 26.24 291.15
2642 0.005666 26.24 291.15
2643 0.005666 26.25 291.14
2644 0.005666 26.25 291.14
2645 0.005666 26.25 291.14
2646 0.005666 26.25 291.14
2647 0.005666 26.24 291.14
2648 0.005666 26.24 291.14
2649 0.005666 26.24 291.14
2651 0.005666 26.25 291.14
2652 0.005666 26.25 291.13
2653 0.005666 26.25 291.13
2654 0.005666 26.25 291.13
2655 0.005666 26.24 291.14
2656 0.005666 26.24 291.14
2657 0.005666 26.24 291.14
2658 0.005666 26.24 291.14
2659 0.005666 26.24 291.14
2660 0.005666 26.24 291.14
2661 0.005666 26.24 291.13
2662 0.005666 26.25 291.13
2663 0.005666 26.25 291.13
2664 0.005666 26.25 291.13
2665 0.005666 26.25 291.12
2666 0.005666 26.25 291.12
2667 0.005666 26.25 291.12
2668 0.005666 26.25 291.12
2669 0.005666 26.25 291.12
2670 0.005666 26.25 291.12
2671 0.005666 26.25 291.12
2672 0.005666 26.24 291.13
2673 0.005666 26.24 291.13
2674 0.005666 26.24 291.13
2675 0.005666 26.24 291.13
2676 0.005666 26.24 291.13
2677 0.005666 26.24 291.13
2678 0.005666 26.24 291.12
2679 0.005666 26.24 291.13
2680 0.005666 26.24 291.13
2681 0.005666 26.23 291.14
2682 0.005665 26.23 291.13
2683 0.005665 26.23 291.13
2684 0.005665 26.23 291.13
2685 0.005665 26.23 291.13
2686 0.005665 26.24 291.13
2687 0.005665 26.24 291.13
2688 0.005665 26.23 291.13
2689 0.005665 26.23 291.13
2690 0.005665 26.23 291.13
2691 0.005665 26.23 291.13
2692 0.005665 26.23 291.13
2693 0.005665 26.23 291.13
2694 0.005665 26.23 291.13
2695 0.005665 26.23 291.13
2696 0.005665 26.23 291.13
2697 0.005665 26.23 291.13
2698 0.005665 26.23 291.13
2699 0.005665 26.23 291.12
2701 0.005665 26.23 291.13
2702 0.005665 26.23 291.13
2703 0.005665 26.23 291.13
2704 0.005665 26.23 291.13
2705 0.005665 26.23 291.12
2706 0.005665 26.23 291.12
2707 0.005665 26.23 291.12
2708 0.005665 26.23 291.12
2709 0.005665 26.23 291.12
2710 0.005665 26.23 291.12
2711 0.005665 26.23 291.12
2712 0.005665 26.23 291.12
2713 0.005665 26.23 291.11
2714 0.005665 26.23 291.11
2715 0.005665 26.23 291.11
2716 0.005665 26.23 291.11
2717 0.005665 26.23 291.11
2718 0.005665 26.23 291.12
2719 0.005665 26.23 291.12
2720 0.005665 26.23 291.12
2721 0.005665 26.23 291.12
2722 0.005665 26.23 291.12
2723 0.005665 26.22 291.12
2724 0.005665 26.22 291.12
2725 0.005665 26.22 291.13
2726 0.005665 26.22 291.13
2727 0.005664 26.22 291.12
2728 0.005664 26.22 291.12
2729 0.005664 26.22 291.12
2730 0.005664 26.22 291.12
2731 0.005664 26.22 291.12
2732 0.005664 26.22 291.12
2733 0.005664 26.22 291.12
2734 0.005664 26.22 291.12
2735 0.005664 26.22 291.12
2736 0.005664 26.22 291.12
2737 0.005664 26.22 291.12
2738 0.005664 26.22 291.12
2739 0.005664 26.22 291.11
2740 0.005664 26.22 291.11
2741 0.005664 26.22 291.12
2742 0.005664 26.22 291.12
2743 0.005664 26.22 291.12
2744 0.005664 26.22 291.11
2745 0.005664 26.22 291.12
2746 0.005664 26.22 291.12
2747 0.005664 26.22 291.11
2748 0.005664 26.22 291.11
2749 0.005664 26.22 291.11
2751 0.005664 26.22 291.11
2752 0.005664 26.22 291.11
2753 0.005664 26.22 291.11
2754 0.005664 26.22 291.10
2755 0.005664 26.22 291.11
2756 0.005664 26.22 291.10
2757 0.005664 26.22 291.11
2758 0.005664 26.22 291.10
2759 0.005664 26.22 291.10
2760 0.005664 26.22 291.10
2761 0.005664 26.23 291.09
2762 0.005664 26.22 291.09
2763 0.005664 26.22 291.09
2764 0.005664 26.22 291.10
2765 0.005664 26.22 291.10
2766 0.005664 26.22 291.10
2767 0.005664 26.22 291.10
2768 0.005664 26.22 291.09
2769 0.005664 26.22 291.09
2770 0.005664 26.22 291.09
2771 0.005664 26.22 291.09
2772 0.005664 26.22 291.10
2773 0.005664 26.22 291.10
2774 0.005664 26.22 291.10
2775 0.005664 26.22 291.10
2776 0.005664 26.21 291.10
2777 0.005664 26.21 291.10
2778 0.005663 26.21 291.10
2779 0.005663 26.21 291.11
2780 0.005663 26.21 291.11
2781 0.005663 26.21 291.11
2782 0.005663 26.21 291.10
2783 0.005663 26.21 291.11
2784 0.005663 26.21 291.11
2785 0.005663 26.21 291.10
2786 0.005663 26.21 291.10
2787 0.005663 26.21 291.10
2788 0.005663 26.21 291.10
2789 0.005663 26.22 291.09
2790 0.005663 26.22 291.09
2791 0.005663 26.22 291.09
2792 0.005663 26.21 291.10
2793 0.005663 26.21 291.09
2794 0.005663 26.21 291.10
2795 0.005663 26.21 291.10
2796 0.005663 26.21 291.09
2797 0.005663 26.21 291.09
2798 0.005663 26.22 291.09
2799 0.005663 26.21 291.09
2801 0.005663 26.21 291.09
2802 0.005663 26.21 291.09
2803 0.005663 26.21 291.09
2804 0.005663 26.21 291.09
2805 0.005663 26.21 291.09
2806 0.005663 26.21 291.09
2807 0.005663 26.21 291.09
2808 0.005663 26.21 291.09
2809 0.005663 26.21 291.09
2810 0.005663 26.21 291.09
2811 0.005663 26.21 291.09
2812 0.005663 26.21 291.10
2813 0.005663 26.21 291.09
2814 0.005663 26.21 291.09
2815 0.005663 26.21 291.09
2816 0.005663 26.21 291.09
2817 0.005663 26.20 291.09
2818 0.005663 26.20 291.10
2819 0.005663 26.20 291.10
2820 0.005663 26.21 291.09
2821 0.005663 26.21 291.09
2822 0.005663 26.21 291.09
2823 0.005663 26.20 291.09
2824 0.005663 26.20 291.09
2825 0.005663 26.20 291.09
2826 0.005663 26.20 291.09
2827 0.005663 26.20 291.09
2828 0.005663 26.21 291.08
2829 0.005663 26.21 291.08
2830 0.005663 26.21 291.08
2831 0.005662 26.22 291.07
2832 0.005662 26.22 291.07
2833 0.005662 26.21 291.07
2834 0.005662 26.22 291.06
2835 0.005662 26.21 291.07
2836 0.005662 26.21 291.07
2837 0.005662 26.22 291.07
2838 0.005662 26.22 291.06
2839 0.005662 26.22 291.06
2840 0.005662 26.22 291.06
2841 0.005662 26.22 291.06
2842 0.005662 26.22 291.05
2843 0.005662 26.22 291.05
2844 0.005662 26.22 291.05
2845 0.005662 26.23 291.05
2846 0.005662 26.23 291.04
2847 0.005662 26.23 291.05
2848 0.005662 26.22 291.05
2849 0.005662 26.23 291.04
2851 0.005662 26.22 291.05
2852 0.005662 26.22 291.05
2853 0.005662 26.23 291.04
2854 0.005662 26.22 291.04
2855 0.005662 26.23 291.04
2856 0.005662 26.23 291.04
2857 0.005662 26.23 291.04
2858 0.005662 26.23 291.04
2859 0.005662 26.22 291.04
2860 0.005662 26.22 291.04
2861 0.005662 26.23 291.04
2862 0.005662 26.23 291.03
2863 0.005662 26.23 291.03
2864 0.005662 26.23 291.03
2865 0.005662 26.23 291.03
2866 0.005662 26.23 291.03
2867 0.005662 26.23 291.03
2868 0.005662 26.23 291.03
2869 0.005662 26.23 291.03
2870 0.005662 26.23 291.02
2871 0.005662 26.23 291.02
2872 0.005662 26.23 291.02
2873 0.005662 26.23 291.02
2874 0.005662 26.23 291.02
2875 0.005662 26.23 291.02
2876 0.005662 26.23 291.02
2877 0.005662 26.23 291.02
2878 0.005662 26.23 291.02
2879 0.005662 26.23 291.02
2880 0.005662 26.22 291.03
2881 0.005661 26.23 291.02
2882 0.005661 26.23 291.02
2883 0.005661 26.23 291.02
2884 0.005661 26.23 291.02
2885 0.005661 26.23 291.01
2886 0.005661 26.23 291.02
2887 0.005661 26.23 291.02
2888 0.005661 26.22 291.02
2889 0.005661 26.22 291.03
2890 0.005661 26.22 291.03
2891 0.005661 26.22 291.03
2892 0.005661 26.21 291.03
2893 0.005661 26.21 291.04
2894 0.005661 26.21 291.04
2895 0.005661 26.21 291.03
2896 0.005661 26.22 291.03
2897 0.005661 26.22 291.02
2898 0.005661 26.22 291.02
2899 0.005661 26.23 291.01
2901 0.005661 26.22 291.02
2902 0.005661 26.22 291.02
2903 0.005661 26.22 291.01
2904 0.005661 26.23 291.00
2905 0.005661 26.23 291.00
2906 0.005661 26.23 291.00
2907 0.005661 26.23 291.00
2908 0.005661 26.24 290.99
2909 0.005661 26.23 290.99
2910 0.005661 26.24 290.99
2911 0.005661 26.24 290.99
2912 0.005661 26.24 290.98
2913 0.005661 26.24 290.98
2914 0.005661 26.24 290.98
2915 0.005661 26.24 290.99
2916 0.005661 26.23 290.99
2917 0.005661 26.23 290.99
2918 0.005661 26.24 290.99
2919 0.005661 26.23 290.99
2920 0.005661 26.24 290.99
2921 0.005661 26.24 290.98
2922 0.005661 26.23 290.99
2923 0.005661 26.23 290.99
2924 0.005661 26.24 290.98
2925 0.005661 26.24 290.98
2926 0.005661 26.23 290.99
2927 0.005661 26.23 290.98
2928 0.005661 26.23 290.98
2929 0.005661 26.23 290.98
2930 0.005661 26.24 290.98
2931 0.005661 26.24 290.97
2932 0.005661 26.24 290.97
2933 0.005660 26.24 290.97
2934 0.005660 26.24 290.97
2935 0.005660 26.24 290.98
2936 0.005660 26.23 290.98
2937 0.005660 26.23 290.98
2938 0.005660 26.23 290.98
2939 0.005660 26.24 290.97
2940 0.005660 26.24 290.97
2941 0.005660 26.23 290.98
2942 0.005660 26.23 290.98
2943 0.005660 26.23 290.98
2944 0.005660 26.24 290.97
2945 0.005660 26.24 290.96
2946 0.005660 26.24 290.96
2947 0.005660 26.24 290.96
2948 0.005660 26.24 290.97
2949 0.005660 26.23 290.97
2951 0.005660 26.23 290.98
2952 0.005660 26.24 290.96
2953 0.005660 26.24 290.96
2954 0.005660 26.24 290.96
2955 0.005660 26.24 290.96
2956 0.005660 26.24 290.96
2957 0.005660 26.24 290.96
2958 0.005660 26.24 290.96
2959 0.005660 26.24 290.96
2960 0.005660 26.24 290.96
2961 0.005660 26.24 290.96
2962 0.005660 26.24 290.96
2963 0.005660 26.23 290.96
2964 0.005660 26.23 290.96
2965 0.005660 26.23 290.96
2966 0.005660 26.23 290.96
2967 0.005660 26.23 290.97
2968 0.005660 26.23 290.96
2969 0.005660 26.23 290.97
2970 0.005660 26.23 290.96
2971 0.005660 26.23 290.96
2972 0.005660 26.23 290.96
2973 0.005660 26.23 290.96
2974 0.005660 26.24 290.95
2975 0.005660 26.24 290.95
2976 0.005660 26.24 290.95
2977 0.005660 26.24 290.94
2978 0.005660 26.24 290.94
2979 0.005660 26.24 290.94
2980 0.005660 26.24 290.94
2981 0.005660 26.24 290.94
2982 0.005660 26.24 290.94
2983 0.005659 26.24 290.94
2984 0.005659 26.24 290.93
2985 0.005659 26.25 290.93
2986 0.005659 26.25 290.93
2987 0.005659 26.24 290.93
2988 0.005659 26.24 290.93
2989 0.005659 26.24 290.94
2990 0.005659 26.24 290.94
2991 0.005659 26.24 290.94
2992 0.005659 26.24 290.94
2993 0.005659 26.24 290.94
2994 0.005659 26.24 290.94
2995 0.005659 26.23 290.95
2996 0.005659 26.23 290.95
2997 0.005659 26.23 290.95
2998 0.005659 26.23 290.95
2999 0.005659 26.23 290.94
