0.529177 0.004565263091080851
0.5616936984924623 -0.004731206853080039
0.5942103969849246 -0.004673291326412254
0.6267270954773869 0.0030820121115198162
0.6592437939698492 0.0046255460720772135
0.6917604924623115 -0.0018624777763420752
0.7242771909547738 -0.004607528245685444
0.7567938894472361 0.000774503867603471
0.7893105879396984 0.004641325806176155
0.8218272864321609 0.0004127918123231211
0.8543439849246232 -0.004644794744251612
0.8868606834170855 -0.0019096376853440233
0.9193773819095478 0.004405471199731892
0.9518940804020101 0.003923269008225816
0.9844107788944724 -0.003481227360396133
1.0169274773869346 -0.00666184494019717
1.049444175879397 0.0009577078906204406
1.0819608743718594 0.010881474370876276
1.1144775728643217 0.00830150267921681
1.146994271356784 -0.01110598084267167
1.1795109698492463 -0.036079915084883396
1.2120276683417086 -0.05082683017622003
1.244544366834171 -0.04916977410027812
1.2770610653266332 -0.03800824558510385
1.3095777638190955 -0.02914180774604347
1.3420944623115578 -0.029052746734009816
1.3746111608040201 -0.035431843216088055
1.4071278592964824 -0.041223064748521665
1.4396445577889447 -0.04088072204507398
1.472161256281407 -0.03367110304338894
1.5046779547738693 -0.02281629908964078
1.5371946532663316 -0.012569332964858404
1.569711351758794 -0.0057876151313394075
1.6022280502512563 -0.0031308961163745153
1.6347447487437186 -0.0035465367526512637
1.6672614472361809 -0.005217100854849832
1.6997781457286432 -0.006415507657266062
1.7322948442211055 -0.006089712232949296
1.7648115427135678 -0.0041384222171814145
1.79732824120603 -0.0013294103640077992
1.8298449396984924 0.0011369088310289044
1.8623616381909547 0.002254869737782883
1.894878336683417 0.0017293297278797581
1.9273950351758793 0.00010639661763889308
1.9599117336683418 -0.0015468842400423455
1.9924284321608041 -0.0022255140335118995
2.024945130653266 -0.0015059001555073337
2.0574618291457285 0.0002688497377789645
2.089978527638191 0.0022077500299815256
2.122495226130653 0.003347859281973342
2.1550119246231154 0.003125765275399317
2.1875286231155777 0.0016163581887553846
2.22004532160804 -0.0005479091165625505
2.2525620201005023 -0.0025017818384185375
2.2850787185929646 -0.0035388906775892792
2.317595417085427 -0.003389257226672271
2.3501121155778892 -0.0022792283078274522
2.3826288140703515 -0.0007800484977451561
2.4151455125628143 0.00046107071756296136
2.4476622110552766 0.0009809509249976145
2.480178909547739 0.0006503432497879658
2.512695608040201 -0.0003262316463406023
2.5452123065326635 -0.0015353096110288789
2.577729005025126 -0.002535699993131857
2.610245703517588 -0.0030193511840366227
2.6427624020100504 -0.002897121218211396
2.6752791005025127 -0.0022925309759784795
2.707795798994975 -0.0014629107134283004
2.7403124974874373 -0.0006892852365467661
2.7728291959798996 -0.0001790772754475256
2.805345894472362 -1.2396510612688871e-5
2.8378625929648242 -0.00014145453542369069
2.8703792914572865 -0.00043258780101496086
2.902895989949749 -0.0007281296639689572
2.935412688442211 -0.0009034306880835175
2.9679293869346735 -0.0009011089424575403
3.0004460854271358 -0.0007359502117196826
3.032962783919598 -0.00047499853843646633
3.0654794824120604 -0.00020463019529870508
3.0979961809045227 1.781719504378998e-6
3.130512879396985 0.00010506651341302131
3.1630295778894473 0.00010566874908590762
3.1955462763819096 3.482031837620525e-5
3.228062974874372 -6.258260174263341e-5
3.260579673366834 -0.0001459214290662203
3.2930963718592965 -0.000191397069784216
3.325613070351759 -0.00019602636018589692
3.358129768844221 -0.00017346692402497865
3.3906464673366834 -0.00014476138341024125
3.4231631658291457 -0.00012825781175251905
3.455679864321608 -0.00013247491222045937
3.4881965628140703 -0.00015399423079998087
3.5207132613065326 -0.00018034695659707722
3.553229959798995 -0.0001960992519229876
3.5857466582914572 -0.0001894646219398055
3.6182633567839195 -0.00015694477809802265
3.650780055276382 -0.00010451200824945772
3.683296753768844 -4.523967123759576e-5
3.7158134522613064 5.456991289065627e-6
3.7483301507537687 3.509610559149223e-5
3.780846849246231 3.805460403327743e-5
3.8133635477386933 1.6920576342727145e-5
3.8458802462311557 -1.895870536827715e-5
3.878396944723618 -5.699340010778542e-5
3.9109136432160803 -8.556777237345159e-5
3.9434303417085426 -9.749038804329757e-5
3.975947040201005 -9.161671556512374e-5
4.008463738693467 -7.231044952504817e-5
4.0409804371859295 -4.718076934295823e-5
4.073497135678392 -2.4077049829429598e-5
4.106013834170854 -8.470326179121912e-6
4.138530532663316 -2.084060099605267e-6
4.171047231155779 -3.086002720920078e-6
4.203563929648241 -7.5423216685521766e-6
4.236080628140703 -1.139650203185738e-5
4.268597326633166 -1.2122548298520996e-5
4.301114025125628 -9.435276410840743e-6
4.33363072361809 -4.903243564058357e-6
4.3661474221105525 -7.969977673383255e-7
4.398664120603015 1.1922219300686265e-6
4.431180819095477 7.35449987132597e-7
4.463697517587939 -1.1751448028007871e-6
4.496214216080402 -2.9724537853326183e-6
4.528730914572864 -3.4833209383577923e-6
4.561247613065326 -2.5464453301538015e-6
4.593764311557789 -9.414688975084573e-7
4.626281010050251 2.708276838347956e-7
4.658797708542713 5.163907985661353e-7
4.6913144070351755 3.470847786957165e-8
4.723831105527638 -4.5723021457888535e-7
4.7563478040201 -4.5664177150683827e-7
4.7888645025125625 -9.0438106781221e-8
4.821381201005025 1.500368398410501e-7
4.853897899497487 5.650383627653355e-8
4.886414597989949 -8.10043729870813e-8
4.918931296482412 -2.505078100512037e-8
4.951447994974874 1.8671755697141634e-8
4.983964693467336 -2.781973762466805e-9
5.016481391959799 0.0
5.048998090452261 0.0
5.081514788944723 0.0
5.1140314874371855 0.0
5.146548185929648 0.0
5.179064884422111 0.0
5.211581582914573 0.0
5.244098281407036 0.0
5.276614979899498 0.0
5.30913167839196 0.0
5.3416483768844225 0.0
5.374165075376885 0.0
5.406681773869347 0.0
5.439198472361809 0.0
5.471715170854272 0.0
5.504231869346734 0.0
5.536748567839196 0.0
5.569265266331659 0.0
5.601781964824121 0.0
5.634298663316583 0.0
5.6668153618090455 0.0
5.699332060301508 0.0
5.73184875879397 0.0
5.7643654572864325 0.0
5.796882155778895 0.0
5.829398854271357 0.0
5.861915552763819 0.0
5.894432251256282 0.0
5.926948949748744 0.0
5.959465648241206 0.0
5.991982346733669 0.0
6.024499045226131 0.0
6.057015743718593 0.0
6.0895324422110555 0.0
6.122049140703518 0.0
6.15456583919598 0.0
6.187082537688442 0.0
6.219599236180905 0.0
6.252115934673367 0.0
6.284632633165829 0.0
6.317149331658292 0.0
6.349666030150754 0.0
6.382182728643216 0.0
6.4146994271356785 0.0
6.447216125628141 0.0
6.479732824120603 0.0
6.5122495226130654 0.0
6.544766221105528 0.0
6.57728291959799 0.0
6.609799618090452 0.0
6.642316316582915 0.0
6.674833015075377 0.0
6.707349713567839 0.0
6.739866412060302 0.0
6.772383110552764 0.0
6.804899809045226 0.0
6.8374165075376885 0.0
6.869933206030151 0.0
6.902449904522613 0.0
6.934966603015075 0.0
6.967483301507538 0.0
7.0 0.0
