0.529177 -0.013487274898864143
0.5616936984924623 -1.4951433115584223e-5
0.5942103969849246 0.01020785123796486
0.6267270954773869 0.002999749166519905
0.6592437939698492 -0.00717991965808551
0.6917604924623115 -0.004492115009327335
0.7242771909547738 0.004530333229354255
0.7567938894472361 0.005111664410435424
0.7893105879396984 -0.0021778424031140275
0.8218272864321609 -0.005100095956834139
0.8543439849246232 5.85442294323002e-5
0.8868606834170855 0.0044978955153283096
0.9193773819095478 0.0017841200597104034
0.9518940804020101 -0.0032724227991138832
0.9844107788944724 -0.0031569804742161978
1.0169274773869346 0.0014501080493687368
1.049444175879397 0.003727463138602616
1.0819608743718594 0.0007193152783315782
1.1144775728643217 -0.003161585513623777
1.146994271356784 -0.0025682253065610894
1.1795109698492463 0.0019433623253917176
1.2120276683417086 0.0049273735783117445
1.244544366834171 0.002528624849503558
1.2770610653266332 -0.003583977157404661
1.3095777638190955 -0.008517233430438864
1.3420944623115578 -0.009198008983617001
1.3746111608040201 -0.006735801574961897
1.4071278592964824 -0.004492034685881663
1.4396445577889447 -0.00459030340107347
1.472161256281407 -0.00631411462302367
1.5046779547738693 -0.0073221950119659596
1.5371946532663316 -0.00599058583969736
1.569711351758794 -0.0027006113413108324
1.6022280502512563 0.0007055048515667295
1.6347447487437186 0.0024657901532236792
1.6672614472361809 0.0020776492042386963
1.6997781457286432 0.0003760095029861077
1.7322948442211055 -0.0012680046041282367
1.7648115427135678 -0.001882483959207093
1.79732824120603 -0.001345975960987289
1.8298449396984924 -0.00021977762565938974
1.8623616381909547 0.0007589392933482486
1.894878336683417 0.0011313409933677576
1.9273950351758793 0.0008818138213655402
1.9599117336683418 0.00031573064188705757
1.9924284321608041 -0.0001916242079573749
2.024945130653266 -0.00040167759215137266
2.0574618291457285 -0.00028480394092866845
2.089978527638191 3.111589330728748e-5
2.122495226130653 0.00036705790961377716
2.1550119246231154 0.0005841634412036001
2.1875286231155777 0.0006243355189212707
2.22004532160804 0.0005027860766517733
2.2525620201005023 0.00027640566418085655
2.2850787185929646 1.2172172034752293e-5
2.317595417085427 -0.00023206039929846156
2.3501121155778892 -0.0004146122695374288
2.3826288140703515 -0.0005111794391154945
2.4151455125628143 -0.0005154801942239828
2.4476622110552766 -0.00044022312488323223
2.480178909547739 -0.0003158352088235006
2.512695608040201 -0.00018423425211722133
2.5452123065326635 -8.760353301795476e-5
2.577729005025126 -5.5446220585508854e-5
2.610245703517588 -9.492966472635089e-5
2.6427624020100504 -0.000188653297016117
2.6752791005025127 -0.00030100856395165465
2.707795798994975 -0.000390784578542025
2.7403124974874373 -0.00042525599707232686
2.7728291959798996 -0.00039063963242824684
2.805345894472362 -0.0002954853802066282
2.8378625929648242 -0.00016639925632944141
2.8703792914572865 -3.825969537274432e-5
2.902895989949749 5.724247603211552e-5
2.935412688442211 0.00010079784374283918
2.9679293869346735 8.97281324796495e-5
3.0004460854271358 3.6607985862247006e-5
3.032962783919598 -3.650131549193247e-5
3.0654794824120604 -0.00010575369151410996
3.0979961809045227 -0.00015248868857042908
3.130512879396985 -0.00016748620492990085
3.1630295778894473 -0.00015171818597536912
3.1955462763819096 -0.00011403818200506066
3.228062974874372 -6.710612035476515e-5
3.260579673366834 -2.3125595475903538e-5
3.2930963718592965 9.302732621563337e-6
3.325613070351759 2.6536631253293308e-5
3.358129768844221 2.9489946200556005e-5
3.3906464673366834 2.2047317600026872e-5
3.4231631658291457 9.10390934905081e-6
3.455679864321608 -5.048500725024496e-6
3.4881965628140703 -1.7575797016888828e-5
3.5207132613065326 -2.7158976990904193e-5
3.553229959798995 -3.351540340190695e-5
3.5857466582914572 -3.677383278954949e-5
3.6182633567839195 -3.7041252824110416e-5
3.650780055276382 -3.432205511444408e-5
3.683296753768844 -2.874008305298048e-5
3.7158134522613064 -2.0862389419562533e-5
3.7483301507537687 -1.1885318713211745e-5
3.780846849246231 -3.522198142036359e-6
3.8133635477386933 2.4164484671018727e-6
3.8458802462311557 4.604589037171536e-6
3.878396944723618 2.707871317397803e-6
3.9109136432160803 -2.409065245956299e-6
3.9434303417085426 -8.891940979083301e-6
3.975947040201005 -1.4477110767074919e-5
4.008463738693467 -1.724580090467498e-5
4.0409804371859295 -1.627681382387891e-5
4.073497135678392 -1.194998532128011e-5
4.106013834170854 -5.779198488653492e-6
4.138530532663316 1.6777408973212005e-7
4.171047231155779 4.043865317271411e-6
4.203563929648241 4.893482014267647e-6
4.236080628140703 2.9586394703073893e-6
4.268597326633166 -4.963645210409595e-7
4.301114025125628 -3.762646997529373e-6
4.33363072361809 -5.419359297320625e-6
4.3661474221105525 -4.906159233541985e-6
4.398664120603015 -2.6887041713052895e-6
4.431180819095477 4.775802153744735e-8
4.463697517587939 2.022144656166347e-6
4.496214216080402 2.488768927833007e-6
4.528730914572864 1.5574096892123634e-6
4.561247613065326 4.0241729948320426e-8
4.593764311557789 -1.0802886549754476e-6
4.626281010050251 -1.2456066542654298e-6
4.658797708542713 -6.086657435844245e-7
4.6913144070351755 1.7200562751895632e-7
4.723831105527638 4.839538405576604e-7
4.7563478040201 2.3476735577787622e-7
4.7888645025125625 -1.529093083263433e-7
4.821381201005025 -2.3447404373655445e-7
4.853897899497487 -2.8012834718538215e-8
4.886414597989949 9.423121127838385e-8
4.918931296482412 9.605344075680478e-9
4.951447994974874 -1.9977392184955534e-8
4.983964693467336 3.0142359719320666e-9
5.016481391959799 0.0
5.048998090452261 0.0
5.081514788944723 0.0
5.1140314874371855 0.0
5.146548185929648 0.0
5.179064884422111 0.0
5.211581582914573 0.0
5.244098281407036 0.0
5.276614979899498 0.0
5.30913167839196 0.0
5.3416483768844225 0.0
5.374165075376885 0.0
5.406681773869347 0.0
5.439198472361809 0.0
5.471715170854272 0.0
5.504231869346734 0.0
5.536748567839196 0.0
5.569265266331659 0.0
5.601781964824121 0.0
5.634298663316583 0.0
5.6668153618090455 0.0
5.699332060301508 0.0
5.73184875879397 0.0
5.7643654572864325 0.0
5.796882155778895 0.0
5.829398854271357 0.0
5.861915552763819 0.0
5.894432251256282 0.0
5.926948949748744 0.0
5.959465648241206 0.0
5.991982346733669 0.0
6.024499045226131 0.0
6.057015743718593 0.0
6.0895324422110555 0.0
6.122049140703518 0.0
6.15456583919598 0.0
6.187082537688442 0.0
6.219599236180905 0.0
6.252115934673367 0.0
6.284632633165829 0.0
6.317149331658292 0.0
6.349666030150754 0.0
6.382182728643216 0.0
6.4146994271356785 0.0
6.447216125628141 0.0
6.479732824120603 0.0
6.5122495226130654 0.0
6.544766221105528 0.0
6.57728291959799 0.0
6.609799618090452 0.0
6.642316316582915 0.0
6.674833015075377 0.0
6.707349713567839 0.0
6.739866412060302 0.0
6.772383110552764 0.0
6.804899809045226 0.0
6.8374165075376885 0.0
6.869933206030151 0.0
6.902449904522613 0.0
6.934966603015075 0.0
6.967483301507538 0.0
7.0 0.0
