0.529177 3607.352195870485
0.5616936984924623 3303.594924664058
0.5942103969849246 2868.2296541873698
0.6267270954773869 2378.147235773192
0.6592437939698492 1890.0152429587665
0.6917604924623115 1441.9227716830776
0.7242771909547738 1055.878583454954
0.7567938894472361 740.9361995650929
0.7893105879396984 496.5843455557837
0.8218272864321609 316.02894949976996
0.8543439849246232 189.06442561395346
0.8868606834170855 104.34602565444385
0.9193773819095478 50.99568529315576
0.9518940804020101 19.57542985582961
0.9844107788944724 2.5314999677070773
1.0169274773869346 -5.753800946249555
1.049444175879397 -9.161946578895027
1.0819608743718594 -10.166739411377819
1.1144775728643217 -10.197545139865213
1.146994271356784 -9.974988617185772
1.1795109698492463 -9.785602126595279
1.2120276683417086 -9.684274207965927
1.244544366834171 -9.628367770779846
1.2770610653266332 -9.555655875011098
1.3095777638190955 -9.42121510094961
1.3420944623115578 -9.207838441593367
1.3746111608040201 -8.92196784065385
1.4071278592964824 -8.583843204272739
1.4396445577889447 -8.217356563283147
1.472161256281407 -7.84245200822761
1.5046779547738693 -7.471000114811602
1.5371946532663316 -7.105882673604867
1.569711351758794 -6.7424255862562745
1.6022280502512563 -6.371150093621509
1.6347447487437186 -5.980913583712436
1.6672614472361809 -5.561746952108422
1.6997781457286432 -5.106968237993669
1.7322948442211055 -4.614400345618492
1.7648115427135678 -4.086712392371965
1.79732824120603 -3.5310299460424517
1.8298449396984924 -2.958023646801678
1.8623616381909547 -2.380700549299604
1.894878336683417 -1.8131027324486695
1.9273950351758793 -1.2690775250242154
1.9599117336683418 -0.7612349547770805
1.9924284321608041 -0.30015954619938157
2.024945130653266 0.10609891531169069
2.0574618291457285 0.4522645246256616
2.089978527638191 0.7358366827255622
2.122495226130653 0.956900198300275
2.1550119246231154 1.1177963401443662
2.1875286231155777 1.222706661585562
2.22004532160804 1.2771964989410094
2.2525620201005023 1.2877573912472826
2.2850787185929646 1.261378736522829
2.317595417085427 1.2051699226118444
2.3501121155778892 1.126045751600202
2.3826288140703515 1.0304807216346035
2.4151455125628143 0.9243318958402824
2.4476622110552766 0.8127257391847706
2.480178909547739 0.7000013665615938
2.512695608040201 0.5897009556793478
2.5452123065326635 0.48459742430043207
2.577729005025126 0.38674962351518616
2.610245703517588 0.2975760332359414
2.6427624020100504 0.21793905998447372
2.6752791005025127 0.1482333570589276
2.707795798994975 0.08847297355703176
2.7403124974874373 0.038373485495810655
2.7728291959798996 -0.0025735052145705595
2.805345894472362 -0.03503504694504045
2.8378625929648242 -0.05978134680560743
2.8703792914572865 -0.07764007397321393
2.902895989949749 -0.08945990966725503
2.935412688442211 -0.09608245155982331
2.9679293869346735 -0.0983213805409946
3.0004460854271358 -0.0969477164867385
3.032962783919598 -0.09268000094016315
3.0654794824120604 -0.08617832349926857
3.0979961809045227 -0.07804123263213114
3.130512879396985 -0.06880472106951174
3.1630295778894473 -0.058942634712082054
3.1955462763819096 -0.048868009467128104
3.228062974874372 -0.03893498324305256
3.260579673366834 -0.029441054183109827
3.2930963718592965 -0.020629557465326798
3.325613070351759 -0.012692310232637283
3.358129768844221 -0.005772427841634453
3.3906464673366834 3.2653606581334316e-5
3.4231631658291457 0.004667900824472326
3.455679864321608 0.00811710844504887
3.4881965628140703 0.010398996310186703
3.5207132613065326 0.011562973109050745
3.553229959798995 0.011684588855018774
3.5857466582914572 0.010860728523255148
3.6182633567839195 0.009204627654582964
3.650780055276382 0.006840815501391262
3.683296753768844 0.0039001104875637793
3.7158134522613064 0.0005148050716456964
3.7483301507537687 -0.00318581825996489
3.780846849246231 -0.007079501493819862
3.8133635477386933 -0.011054428907129932
3.8458802462311557 -0.015011939549992803
3.878396944723618 -0.018868450734316866
3.9109136432160803 -0.02255653920860823
3.9434303417085426 -0.026025161050483803
3.975947040201005 -0.02923902819622981
4.008463738693467 -0.032177197384953615
4.0409804371859295 -0.03483096451788015
4.073497135678392 -0.037201192425754925
4.106013834170854 -0.039295231257483465
4.138530532663316 -0.041123616686832065
4.171047231155779 -0.04269675054132449
4.203563929648241 -0.044021780079276596
4.236080628140703 -0.04509989492561317
4.268597326633166 -0.04592425374340792
4.301114025125628 -0.04647873535554936
4.33363072361809 -0.04673768071398854
4.3661474221105525 -0.04666675249143282
4.398664120603015 -0.04622498796771879
4.431180819095477 -0.045368058296617164
4.463697517587939 -0.04405267332151652
4.496214216080402 -0.04224198616367403
4.528730914572864 -0.03991175628260635
4.561247613065326 -0.03705692415826434
4.593764311557789 -0.033698135862607614
4.626281010050251 -0.029887632331224268
4.658797708542713 -0.025713786980645637
4.6913144070351755 -0.02130343736297391
4.723831105527638 -0.01682101278117898
4.7563478040201 -0.012463311231670104
4.7888645025125625 -0.008448626730682918
4.821381201005025 -0.004998773088686903
4.853897899497487 -0.0023123935795297257
4.886414597989949 -0.000527788774036253
4.918931296482412 0.0003266618927000309
4.951447994974874 0.0003965644483514552
4.983964693467336 8.229294803641096e-5
5.016481391959799 0.0
5.048998090452261 0.0
5.081514788944723 0.0
5.1140314874371855 0.0
5.146548185929648 0.0
5.179064884422111 0.0
5.211581582914573 0.0
5.244098281407036 0.0
5.276614979899498 0.0
5.30913167839196 0.0
5.3416483768844225 0.0
5.374165075376885 0.0
5.406681773869347 0.0
5.439198472361809 0.0
5.471715170854272 0.0
5.504231869346734 0.0
5.536748567839196 0.0
5.569265266331659 0.0
5.601781964824121 0.0
5.634298663316583 0.0
5.6668153618090455 0.0
5.699332060301508 0.0
5.73184875879397 0.0
5.7643654572864325 0.0
5.796882155778895 0.0
5.829398854271357 0.0
5.861915552763819 0.0
5.894432251256282 0.0
5.926948949748744 0.0
5.959465648241206 0.0
5.991982346733669 0.0
6.024499045226131 0.0
6.057015743718593 0.0
6.0895324422110555 0.0
6.122049140703518 0.0
6.15456583919598 0.0
6.187082537688442 0.0
6.219599236180905 0.0
6.252115934673367 0.0
6.284632633165829 0.0
6.317149331658292 0.0
6.349666030150754 0.0
6.382182728643216 0.0
6.4146994271356785 0.0
6.447216125628141 0.0
6.479732824120603 0.0
6.5122495226130654 0.0
6.544766221105528 0.0
6.57728291959799 0.0
6.609799618090452 0.0
6.642316316582915 0.0
6.674833015075377 0.0
6.707349713567839 0.0
6.739866412060302 0.0
6.772383110552764 0.0
6.804899809045226 0.0
6.8374165075376885 0.0
6.869933206030151 0.0
6.902449904522613 0.0
6.934966603015075 0.0
6.967483301507538 0.0
7.0 0.0
