0.529177 -0.0017208043087748592
0.5616936984924623 -1.4015658507560147e-5
0.5942103969849246 0.0012932462313983706
0.6267270954773869 0.00039647057769798266
0.6592437939698492 -0.0008968232107804397
0.6917604924623115 -0.0005841311319727538
0.7242771909547738 0.0005484667441919555
0.7567938894472361 0.0006552242637098971
0.7893105879396984 -0.00023923192031816143
0.8218272864321609 -0.0006392360888298754
0.8543439849246232 -3.5929429202496976e-5
0.8868606834170855 0.0005405612645859037
0.9193773819095478 0.0002659046440385282
0.9518940804020101 -0.00035707452315136834
0.9844107788944724 -0.00041835767194697837
1.0169274773869346 0.00010041476622291157
1.049444175879397 0.000444513933075541
1.0819608743718594 0.0001811705805607744
1.1144775728643217 -0.0003037341751905842
1.146994271356784 -0.0003947569921933791
1.1795109698492463 -1.1801463074334606e-5
1.2120276683417086 0.0003495703974181197
1.244544366834171 0.00019679524939419935
1.2770610653266332 -0.0004864771889856456
1.3095777638190955 -0.0013014387116641046
1.3420944623115578 -0.0018344943932220303
1.3746111608040201 -0.001957850542964934
1.4071278592964824 -0.0018194630697507819
1.4396445577889447 -0.0016377953828623504
1.472161256281407 -0.0015261311985454995
1.5046779547738693 -0.0014609468943831416
1.5371946532663316 -0.0013580376732988952
1.569711351758794 -0.001160921485848121
1.6022280502512563 -0.0008794571905355042
1.6347447487437186 -0.0005746605672243277
1.6672614472361809 -0.00031781089705873455
1.6997781457286432 -0.00015291753834389965
1.7322948442211055 -7.919446795767726e-5
1.7648115427135678 -5.7780765075676754e-5
1.79732824120603 -3.707239534378459e-5
1.8298449396984924 1.6738427575546666e-5
1.8623616381909547 0.00010031801986087885
1.894878336683417 0.00017619503893229194
1.9273950351758793 0.00019689715037429778
1.9599117336683418 0.0001363952472956953
1.9924284321608041 1.0262526075166534e-5
2.024945130653266 -0.00012769881709573383
2.0574618291457285 -0.0002110449276528925
2.089978527638191 -0.00019464109004729835
2.122495226130653 -7.8786019173549e-5
2.1550119246231154 8.89429505264161e-5
2.1875286231155777 0.00023465265667255153
2.22004532160804 0.0002911116579298323
2.2525620201005023 0.0002268904452193965
2.2850787185929646 5.879339408920714e-5
2.317595417085427 -0.00015665807148934618
2.3501121155778892 -0.00034736876943952666
2.3826288140703515 -0.00045404523831393817
2.4151455125628143 -0.00045098108250840596
2.4476622110552766 -0.0003519771881315137
2.480178909547739 -0.00020096912561484714
2.512695608040201 -5.291749005209567e-5
2.5452123065326635 4.6605883994743635e-5
2.577729005025126 7.552143165412417e-5
2.610245703517588 3.8966261854511686e-5
2.6427624020100504 -3.6989572038237384e-5
2.6752791005025127 -0.00011774586602086856
2.707795798994975 -0.0001733249021640404
2.7403124974874373 -0.00018760933272687907
2.7728291959798996 -0.00016121655676215596
2.805345894472362 -0.00010821002581451467
2.8378625929648242 -4.891842269216795e-5
2.8703792914572865 -2.022484011376946e-6
2.902895989949749 2.1293655947829393e-5
2.935412688442211 1.9569926791973558e-5
2.9679293869346735 -3.593326027839794e-7
3.0004460854271358 -2.725634163880386e-5
3.032962783919598 -5.0049595586187934e-5
3.0654794824120604 -6.14255046116341e-5
3.0979961809045227 -5.943956796272687e-5
3.130512879396985 -4.700517064293308e-5
3.1630295778894473 -2.9857744436867506e-5
3.1955462763819096 -1.398819500764148e-5
3.228062974874372 -3.5261923585494515e-6
3.260579673366834 2.8701651899609715e-7
3.2930963718592965 -1.109528625420353e-6
3.325613070351759 -4.732113154659601e-6
3.358129768844221 -7.539336763784377e-6
3.3906464673366834 -7.669907915897056e-6
3.4231631658291457 -5.017585408495506e-6
3.455679864321608 -1.0305550972589117e-6
3.4881965628140703 2.0824126067964244e-6
3.5207132613065326 2.3672606062064006e-6
3.553229959798995 -1.0442050211167953e-6
3.5857466582914572 -7.580216731639666e-6
3.6182633567839195 -1.5442616245309182e-5
3.650780055276382 -2.226672580718514e-5
3.683296753768844 -2.5958166133932536e-5
3.7158134522613064 -2.5397275237537542e-5
3.7483301507537687 -2.0772845289229735e-5
3.780846849246231 -1.3454394149903237e-5
3.8133635477386933 -5.478966386363027e-6
3.8458802462311557 1.1441882179497043e-6
3.878396944723618 5.060340129148244e-6
3.9109136432160803 5.919611396620894e-6
3.9434303417085426 4.355072178441333e-6
3.975947040201005 1.630207123071159e-6
4.008463738693467 -8.894372740542167e-7
4.0409804371859295 -2.2351729285219335e-6
4.073497135678392 -2.126235301602719e-6
4.106013834170854 -9.649862704463885e-7
4.138530532663316 4.3388729409343796e-7
4.171047231155779 1.250100808647403e-6
4.203563929648241 1.0252429092361126e-6
4.236080628140703 -1.5821370880075847e-7
4.268597326633166 -1.7501849924883572e-6
4.301114025125628 -3.0127882268971007e-6
4.33363072361809 -3.3727066011124407e-6
4.3661474221105525 -2.6829268904293713e-6
4.398664120603015 -1.2744662853947375e-6
4.431180819095477 2.2200026705831988e-7
4.463697517587939 1.1936512009924627e-6
4.496214216080402 1.3411244594863092e-6
4.528730914572864 7.998669957487436e-7
4.561247613065326 2.4517760266462574e-8
4.593764311557789 -4.961975719197653e-7
4.626281010050251 -5.251027914709994e-7
4.658797708542713 -1.8593897266327986e-7
4.6913144070351755 1.7432239474146627e-7
4.723831105527638 2.719667122619285e-7
4.7563478040201 1.0214927215201897e-7
4.7888645025125625 -9.966930747395963e-8
4.821381201005025 -1.229439590133552e-7
4.853897899497487 -6.705988653266104e-9
4.886414597989949 5.046229034633143e-8
4.918931296482412 1.9626327230071183e-9
4.951447994974874 -1.0607720923871966e-8
4.983964693467336 1.6498802324349526e-9
5.016481391959799 0.0
5.048998090452261 0.0
5.081514788944723 0.0
5.1140314874371855 0.0
5.146548185929648 0.0
5.179064884422111 0.0
5.211581582914573 0.0
5.244098281407036 0.0
5.276614979899498 0.0
5.30913167839196 0.0
5.3416483768844225 0.0
5.374165075376885 0.0
5.406681773869347 0.0
5.439198472361809 0.0
5.471715170854272 0.0
5.504231869346734 0.0
5.536748567839196 0.0
5.569265266331659 0.0
5.601781964824121 0.0
5.634298663316583 0.0
5.6668153618090455 0.0
5.699332060301508 0.0
5.73184875879397 0.0
5.7643654572864325 0.0
5.796882155778895 0.0
5.829398854271357 0.0
5.861915552763819 0.0
5.894432251256282 0.0
5.926948949748744 0.0
5.959465648241206 0.0
5.991982346733669 0.0
6.024499045226131 0.0
6.057015743718593 0.0
6.0895324422110555 0.0
6.122049140703518 0.0
6.15456583919598 0.0
6.187082537688442 0.0
6.219599236180905 0.0
6.252115934673367 0.0
6.284632633165829 0.0
6.317149331658292 0.0
6.349666030150754 0.0
6.382182728643216 0.0
6.4146994271356785 0.0
6.447216125628141 0.0
6.479732824120603 0.0
6.5122495226130654 0.0
6.544766221105528 0.0
6.57728291959799 0.0
6.609799618090452 0.0
6.642316316582915 0.0
6.674833015075377 0.0
6.707349713567839 0.0
6.739866412060302 0.0
6.772383110552764 0.0
6.804899809045226 0.0
6.8374165075376885 0.0
6.869933206030151 0.0
6.902449904522613 0.0
6.934966603015075 0.0
6.967483301507538 0.0
7.0 0.0
