0.529177 88.28764098661122
0.5616936984924623 74.84916391581828
0.5942103969849246 56.508216564001486
0.6267270954773869 36.128580426304325
0.6592437939698492 16.159322198749578
0.6917604924623115 -1.4608576814916887
0.7242771909547738 -15.372845618554493
0.7567938894472361 -24.822387469750538
0.7893105879396984 -29.633577302829508
0.8218272864321609 -30.13228784520288
0.8543439849246232 -27.029558046349848
0.8868606834170855 -21.280856443228913
0.9193773819095478 -13.939902958434686
0.9518940804020101 -6.02516220490179
0.9844107788944724 1.5863739983378764
1.0169274773869346 8.229012705707646
1.049444175879397 13.479037589446307
1.0819608743718594 17.149443572103337
1.1144775728643217 19.25652169335808
1.146994271356784 19.968703562937662
1.1795109698492463 19.548579317088297
1.2120276683417086 18.297674579620434
1.244544366834171 16.510983128315274
1.2770610653266332 14.445103834137626
1.3095777638190955 12.30078894396138
1.3420944623115578 10.218281563384153
1.3746111608040201 8.282282151239997
1.4071278592964824 6.532784242855996
1.4396445577889447 4.978218793201449
1.472161256281407 3.608091054027682
1.5046779547738693 2.403295683043325
1.5371946532663316 1.3432983038801467
1.569711351758794 0.4101922665086022
1.6022280502512563 -0.40981565386027796
1.6347447487437186 -1.126679324426732
1.6672614472361809 -1.7477182385027845
1.6997781457286432 -2.27906830822576
1.7322948442211055 -2.726914394635969
1.7648115427135678 -3.098268395946434
1.79732824120603 -3.4012444860982214
1.8298449396984924 -3.6449088270128414
1.8623616381909547 -3.8388435847773508
1.894878336683417 -3.992576594579077
1.9273950351758793 -4.115006534779241
1.9599117336683418 -4.213916594324473
1.9924284321608041 -4.295630807417183
2.024945130653266 -4.364834433183205
2.0574618291457285 -4.424555906904061
2.089978527638191 -4.47629243666961
2.122495226130653 -4.520252055757737
2.1550119246231154 -4.55567950893419
2.1875286231155777 -4.5812301634450705
2.22004532160804 -4.595354659155419
2.2525620201005023 -4.5966575504535285
2.2850787185929646 -4.584196403195165
2.317595417085427 -4.557694184319189
2.3501121155778892 -4.517647263179242
2.3826288140703515 -4.465323174645164
2.4151455125628143 -4.402655100546326
2.4476622110552766 -4.332052081626898
2.480178909547739 -4.25615354974434
2.512695608040201 -4.177562488081094
2.5452123065326635 -4.098592607288083
2.577729005025126 -4.021061320219815
2.610245703517588 -3.946152671755044
2.6427624020100504 -3.8743639661261113
2.6752791005025127 -3.8055382054735674
2.707795798994975 -3.7389732586507307
2.7403124974874373 -3.6735893917448266
2.7728291959798996 -3.60813051009427
2.805345894472362 -3.541371787659955
2.8378625929648242 -3.472307362148058
2.8703792914572865 -3.400296031664766
2.902895989949749 -3.325149595100811
2.935412688442211 -3.247156589266524
2.9679293869346735 -3.167042567685712
3.0004460854271358 -3.0858756871457445
3.032962783919598 -3.004932362196996
3.0654794824120604 -2.925541536818855
3.0979961809045227 -2.848927446830203
3.130512879396985 -2.7760696603381803
3.1630295778894473 -2.7075960146612488
3.1955462763819096 -2.6437193504116294
3.228062974874372 -2.5842233341827523
3.260579673366834 -2.5284968549258338
3.2930963718592965 -2.4756111265178333
3.325613070351759 -2.4244292727598804
3.358129768844221 -2.3737351975814818
3.3906464673366834 -2.3223671600644593
3.4231631658291457 -2.2693417049213167
3.455679864321608 -2.2139553016349964
3.4881965628140703 -2.1558539405195916
3.5207132613065326 -2.0950646473629604
3.553229959798995 -2.031986985974072
3.5857466582914572 -1.967346691779312
3.6182633567839195 -1.9021172282718908
3.650780055276382 -1.837417960008679
3.683296753768844 -1.7743995636210457
3.7158134522613064 -1.7141281301737763
3.7483301507537687 -1.6574791351504246
3.780846849246231 -1.6050511538105638
3.8133635477386933 -1.5571070518908527
3.8458802462311557 -1.5135476206305611
3.878396944723618 -1.4739195251368074
3.9109136432160803 -1.4374562833909295
3.9434303417085426 -1.4031480645808188
3.975947040201005 -1.3698336308352737
4.008463738693467 -1.3363059355579026
4.0409804371859295 -1.3014218605967471
4.073497135678392 -1.2642063801195036
4.106013834170854 -1.2239420680580224
4.138530532663316 -1.180236239806618
4.171047231155779 -1.1330600033707015
4.203563929648241 -1.0827559136469063
4.236080628140703 -1.0300135716552177
4.268597326633166 -0.9758151732548868
4.301114025125628 -0.9213554796424432
4.33363072361809 -0.8679427654788014
4.3661474221105525 -0.8168888446944038
4.398664120603015 -0.7693971670396422
4.431180819095477 -0.7264581593717594
4.463697517587939 -0.6887604467065103
4.496214216080402 -0.6566253747641895
4.528730914572864 -0.629970462026904
4.561247613065326 -0.608305170730091
4.593764311557789 -0.5907598699814116
4.626281010050251 -0.5761462570571894
4.658797708542713 -0.563044999153135
4.6913144070351755 -0.5499141448490263
4.723831105527638 -0.5352101012686035
4.7563478040201 -0.5175118173465307
4.7888645025125625 -0.4956383537246438
4.821381201005025 -0.46875030583760235
4.853897899497487 -0.4364265770454949
4.886414597989949 -0.3987097183598962
4.918931296482412 -0.3561153541231761
4.951447994974874 -0.30960394668181834
4.983964693467336 -0.2605161278588639
5.016481391959799 -0.21047582386927388
5.048998090452261 -0.16126819332384912
5.081514788944723 -0.11470175600879884
5.1140314874371855 -0.07246580181345053
5.146548185929648 -0.035995055723105907
5.179064884422111 -0.00635350643642596
5.211581582914573 0.01585178531058773
5.244098281407036 0.030518191493683844
5.276614979899498 0.03805066681889002
5.30913167839196 0.03931867432402214
5.3416483768844225 0.035569317393310484
5.374165075376885 0.028303579216299113
5.406681773869347 0.01912681325302401
5.439198472361809 0.009588202392478706
5.471715170854272 0.0010263523072353564
5.504231869346734 -0.005560933492233744
5.536748567839196 -0.009605712362827035
5.569265266331659 -0.011004086627508514
5.601781964824121 -0.010087393518915633
5.634298663316583 -0.007530048080298002
5.6668153618090455 -0.004203189268082497
5.699332060301508 -0.0009936912556440802
5.73184875879397 0.0013818765601172345
5.7643654572864325 0.0025309877473773668
5.796882155778895 0.0024662439591338625
5.829398854271357 0.0015785062860231847
5.861915552763819 0.00048400940249848645
5.894432251256282 -0.00023807838624634314
5.926948949748744 -0.0003431955901760375
5.959465648241206 -9.076926107809413e-5
5.991982346733669 6.07621950621251e-6
6.024499045226131 0.0
6.057015743718593 0.0
6.0895324422110555 0.0
6.122049140703518 0.0
6.15456583919598 0.0
6.187082537688442 0.0
6.219599236180905 0.0
6.252115934673367 0.0
6.284632633165829 0.0
6.317149331658292 0.0
6.349666030150754 0.0
6.382182728643216 0.0
6.4146994271356785 0.0
6.447216125628141 0.0
6.479732824120603 0.0
6.5122495226130654 0.0
6.544766221105528 0.0
6.57728291959799 0.0
6.609799618090452 0.0
6.642316316582915 0.0
6.674833015075377 0.0
6.707349713567839 0.0
6.739866412060302 0.0
6.772383110552764 0.0
6.804899809045226 0.0
6.8374165075376885 0.0
6.869933206030151 0.0
6.902449904522613 0.0
6.934966603015075 0.0
6.967483301507538 0.0
7.0 0.0
