0.529177 97.88092029532629
0.5616936984924623 81.74628966825202
0.5942103969849246 67.6282974630509
0.6267270954773869 55.30214842142317
0.6592437939698492 44.61465997283682
0.6917604924623115 35.420113184043544
0.7242771909547738 27.562458414109983
0.7567938894472361 20.88291760663361
0.7893105879396984 15.233583543172529
0.8218272864321609 10.485287337036652
0.8543439849246232 6.526899622990072
0.8868606834170855 3.259340195537902
0.9193773819095478 0.5894073022141129
0.9518940804020101 -1.5729952709183976
0.9844107788944724 -3.313501250761533
1.0169274773869346 -4.70936310184652
1.049444175879397 -5.825398420567865
1.0819608743718594 -6.711747577815686
1.1144775728643217 -7.404231260990741
1.146994271356784 -7.926972834471258
1.1795109698492463 -8.296289760769696
1.2120276683417086 -8.524739399550526
1.244544366834171 -8.624465997592495
1.2770610653266332 -8.609401720192693
1.3095777638190955 -8.496239731493517
1.3420944623115578 -8.304335623506802
1.3746111608040201 -8.054804547353001
1.4071278592964824 -7.769108024618561
1.4396445577889447 -7.467412493197628
1.472161256281407 -7.166978268320634
1.5046779547738693 -6.880808523124131
1.5371946532663316 -6.616746657262411
1.569711351758794 -6.37715001296317
1.6022280502512563 -6.1591885308963015
1.6347447487437186 -5.955727814084582
1.6672614472361809 -5.756672241275453
1.6997781457286432 -5.5505808123498355
1.7322948442211055 -5.326337488460922
1.7648115427135678 -5.07466283411668
1.79732824120603 -4.789291136215979
1.8298449396984924 -4.467697389402247
1.8623616381909547 -4.1113291278127235
1.894878336683417 -3.72536656047879
1.9273950351758793 -3.318090691895236
1.9599117336683418 -2.8999766794051425
1.9924284321608041 -2.4826462930794264
2.024945130653266 -2.077810326077042
2.0574618291457285 -1.6963131079353388
2.089978527638191 -1.34736228511656
2.122495226130653 -1.0379934353151157
2.1550119246231154 -0.7727859600394709
2.1875286231155777 -0.5538179662578386
2.22004532160804 -0.3808259870710913
2.2525620201005023 -0.25152147566620897
2.2850787185929646 -0.16200990289803485
2.317595417085427 -0.10725897247453986
2.3501121155778892 -0.08156837138449191
2.3826288140703515 -0.07900281044510393
2.4151455125628143 -0.09376113997939228
2.4476622110552766 -0.12046554185866398
2.480178909547739 -0.1543650382859596
2.512695608040201 -0.1914560405674024
2.5452123065326635 -0.22852897834343366
2.577729005025126 -0.2631541103564814
2.610245703517588 -0.2936215769015007
2.6427624020100504 -0.31885093366287265
2.6752791005025127 -0.3382842202495908
2.707795798994975 -0.35177450491022455
2.7403124974874373 -0.3594792271081815
2.7728291959798996 -0.3617648919472458
2.805345894472362 -0.3591270380586593
2.8378625929648242 -0.35212710292108795
2.8703792914572865 -0.34134596533908734
2.902895989949749 -0.32735260164116653
2.935412688442211 -0.3106854406637467
2.9679293869346735 -0.2918435917528086
3.0004460854271358 -0.27128507248676215
3.032962783919598 -0.24942938857475383
3.0654794824120604 -0.22666222598496688
3.0979961809045227 -0.20334052048059448
3.130512879396985 -0.17979670082360144
3.1630295778894473 -0.15634140330496393
3.1955462763819096 -0.13326438813487584
3.228062974874372 -0.11083372980840522
3.260579673366834 -0.08929359514115731
3.2930963718592965 -0.068861066903537
3.325613070351759 -0.04972252883379724
3.358129768844221 -0.032030115544614546
3.3906464673366834 -0.015898667251804
3.4231631658291457 -0.0014035333411470674
3.455679864321608 0.011420542029554781
3.4881965628140703 0.022579330256291996
3.5207132613065326 0.032117802971470155
3.553229959798995 0.04011765203097184
3.5857466582914572 0.04669376669329495
3.6182633567839195 0.05198982876640912
3.650780055276382 0.056173205378456714
3.683296753768844 0.05942932169892856
3.7158134522613064 0.0619556871741338
3.7483301507537687 0.06395573366904728
3.780846849246231 0.06563260698942486
3.8133635477386933 0.06718303837021722
3.8458802462311557 0.06879141226590946
3.878396944723618 0.0706241424026075
3.9109136432160803 0.07282446941763965
3.9434303417085426 0.07550779917085038
3.975947040201005 0.07875770860499642
4.008463738693467 0.08262275287091825
4.0409804371859295 0.08711421004488784
4.073497135678392 0.09220489502354212
4.106013834170854 0.0978291594934717
4.138530532663316 0.10388416851088778
4.171047231155779 0.1102325056446034
4.203563929648241 0.11670610861455089
4.236080628140703 0.12311147813301204
4.268597326633166 0.12923603784946636
4.301114025125628 0.1348554577883192
4.33363072361809 0.1397416932858846
4.3661474221105525 0.14367144258881126
4.398664120603015 0.14643469542630783
4.431180819095477 0.14784303792981746
4.463697517587939 0.14773740090817
4.496214216080402 0.14599499136352279
4.528730914572864 0.14253523111034383
4.561247613065326 0.13732463765421699
4.593764311557789 0.13038071283222052
4.626281010050251 0.12177504053852317
4.658797708542713 0.11163591647272142
4.6913144070351755 0.10015091371275275
4.723831105527638 0.087569793964974
4.7563478040201 0.07420806336682517
4.7888645025125625 0.060451192882737814
4.821381201005025 0.04675901676330341
4.853897899497487 0.03366901904877295
4.886414597989949 0.02179603901970495
4.918931296482412 0.011824283649502831
4.951447994974874 0.004485330883255756
4.983964693467336 0.000512935124163505
5.016481391959799 0.0
5.048998090452261 0.0
5.081514788944723 0.0
5.1140314874371855 0.0
5.146548185929648 0.0
5.179064884422111 0.0
5.211581582914573 0.0
5.244098281407036 0.0
5.276614979899498 0.0
5.30913167839196 0.0
5.3416483768844225 0.0
5.374165075376885 0.0
5.406681773869347 0.0
5.439198472361809 0.0
5.471715170854272 0.0
5.504231869346734 0.0
5.536748567839196 0.0
5.569265266331659 0.0
5.601781964824121 0.0
5.634298663316583 0.0
5.6668153618090455 0.0
5.699332060301508 0.0
5.73184875879397 0.0
5.7643654572864325 0.0
5.796882155778895 0.0
5.829398854271357 0.0
5.861915552763819 0.0
5.894432251256282 0.0
5.926948949748744 0.0
5.959465648241206 0.0
5.991982346733669 0.0
6.024499045226131 0.0
6.057015743718593 0.0
6.0895324422110555 0.0
6.122049140703518 0.0
6.15456583919598 0.0
6.187082537688442 0.0
6.219599236180905 0.0
6.252115934673367 0.0
6.284632633165829 0.0
6.317149331658292 0.0
6.349666030150754 0.0
6.382182728643216 0.0
6.4146994271356785 0.0
6.447216125628141 0.0
6.479732824120603 0.0
6.5122495226130654 0.0
6.544766221105528 0.0
6.57728291959799 0.0
6.609799618090452 0.0
6.642316316582915 0.0
6.674833015075377 0.0
6.707349713567839 0.0
6.739866412060302 0.0
6.772383110552764 0.0
6.804899809045226 0.0
6.8374165075376885 0.0
6.869933206030151 0.0
6.902449904522613 0.0
6.934966603015075 0.0
6.967483301507538 0.0
7.0 0.0
