0.529177 164.47992765242014
0.5616936984924623 118.01299123905909
0.5942103969849246 72.3748836764027
0.6267270954773869 32.25196730717238
0.6592437939698492 0.33092104818956614
0.6917604924623115 -22.42791693757718
0.7242771909547738 -36.40510214597376
0.7567938894472361 -42.88465602966838
0.7893105879396984 -43.62732056379403
0.8218272864321609 -40.50566761084363
0.8543439849246232 -35.23285139053249
0.8868606834170855 -29.19562990673583
0.9193773819095478 -23.384148109258177
0.9518940804020101 -18.398684010955122
0.9844107788944724 -14.507885969467367
1.0169274773869346 -11.733159641931394
1.049444175879397 -9.938060528075994
1.0819608743718594 -8.9078188628298
1.1144775728643217 -8.410716415829881
1.146994271356784 -8.238715473374782
1.1795109698492463 -8.228859936403182
1.2120276683417086 -8.269383695420288
1.244544366834171 -8.295380380347865
1.2770610653266332 -8.278703665323576
1.3095777638190955 -8.215915166084415
1.3420944623115578 -8.116963598593543
1.3746111608040201 -7.99615114401837
1.4071278592964824 -7.865997386779043
1.4396445577889447 -7.733926945387736
1.472161256281407 -7.601290854323111
1.5046779547738693 -7.464045818102818
1.5371946532663316 -7.314400597270776
1.569711351758794 -7.142832655842881
1.6022280502512563 -6.940026183176087
1.6347447487437186 -6.698443101545138
1.6672614472361809 -6.413384198196752
1.6997781457286432 -6.08351318546454
1.7322948442211055 -5.710897200102863
1.7648115427135678 -5.300664598856088
1.79732824120603 -4.860400358818936
1.8298449396984924 -4.399398054847495
1.8623616381909547 -3.927872440593319
1.894878336683417 -3.4562144002625814
1.9273950351758793 -2.9943454158144505
1.9599117336683418 -2.5512052070591267
1.9924284321608041 -2.134386011709239
2.024945130653266 -1.7499111396084572
2.0574618291457285 -1.4021441969981083
2.089978527638191 -1.0938084139862667
2.122495226130653 -0.8260921775939778
2.1550119246231154 -0.5988163859859696
2.1875286231155777 -0.41064079456350555
2.22004532160804 -0.2592893889285506
2.2525620201005023 -0.14177837681495475
2.2850787185929646 -0.05463415879182776
2.317595417085427 0.005907733184585595
2.3501121155778892 0.04372847874378749
2.3826288140703515 0.06267957845426508
2.4151455125628143 0.0664649980568015
2.4476622110552766 0.0585509420873791
2.480178909547739 0.04210117585427042
2.512695608040201 0.019935071247118685
2.5452123065326635 -0.005494836199147812
2.577729005025126 -0.03210910209634221
2.610245703517588 -0.058194669066551796
2.6427624020100504 -0.08238819912259032
2.6752791005025127 -0.10365211851649292
2.707795798994975 -0.12124568904471289
2.7403124974874373 -0.1346930481736308
2.7728291959798996 -0.14374980247714575
2.805345894472362 -0.14836943014449844
2.8378625929648242 -0.14867045756591324
2.8703792914572865 -0.14490512600895045
2.902895989949749 -0.13743005718663426
2.935412688442211 -0.12667925855083695
2.9679293869346735 -0.11313967628825594
3.0004460854271358 -0.09732940128913015
3.032962783919598 -0.07977855560750413
3.0654794824120604 -0.061012829125388635
3.0979961809045227 -0.04153959372195004
3.130512879396985 -0.021836491316719275
3.1630295778894473 -0.0023423694740927203
3.1955462763819096 0.016549578682429456
3.228062974874372 0.03449662656163355
3.260579673366834 0.051209444965991224
3.2930963718592965 0.06645332710320417
3.325613070351759 0.08004789028746018
3.358129768844221 0.09186544265406837
3.3906464673366834 0.10182820749685106
3.4231631658291457 0.10990460036850891
3.455679864321608 0.1161047545641054
3.4881965628140703 0.12047548871601066
3.5207132613065326 0.12309490572044979
3.553229959798995 0.12406680488743405
3.5857466582914572 0.1235150789835302
3.6182633567839195 0.12157825472240802
3.650780055276382 0.11840431939094742
3.683296753768844 0.1141459579015418
3.7158134522613064 0.10895630396993283
3.7483301507537687 0.102985286744115
3.780846849246231 0.09637663054036238
3.8133635477386933 0.08926554091095795
3.8458802462311557 0.08177708565511921
3.878396944723618 0.07402525517773029
3.9109136432160803 0.06611266340001976
3.9434303417085426 0.0581308288203104
3.975947040201005 0.05016095586773872
4.008463738693467 0.04227511991985011
4.0409804371859295 0.03453774574018098
4.073497135678392 0.027007259063850597
4.106013834170854 0.019737784984442897
4.138530532663316 0.012780764972092129
4.171047231155779 0.00618636702523645
4.203563929648241 4.5707839149145e-6
4.236080628140703 -0.005714178477546739
4.268597326633166 -0.010918836180110247
4.301114025125628 -0.015558212643611569
4.33363072361809 -0.01958205639340349
4.3661474221105525 -0.022942776940510612
4.398664120603015 -0.025597782213310438
4.431180819095477 -0.02751236653250544
4.463697517587939 -0.028663041925710786
4.496214216080402 -0.029041158992470173
4.528730914572864 -0.02865661380496931
4.561247613065326 -0.027541384838002614
4.593764311557789 -0.02575258906011868
4.626281010050251 -0.023374689490708533
4.658797708542713 -0.020520428154611636
4.6913144070351755 -0.01732999887110509
4.723831105527638 -0.013967914113777624
4.7563478040201 -0.010616959699120798
4.7888645025125625 -0.007468570706521405
4.821381201005025 -0.004708902211120858
4.853897899497487 -0.0024998095027513045
4.886414597989949 -0.0009538948432918914
4.918931296482412 -0.00010272183652659805
4.951447994974874 0.00014275552649678502
4.983964693467336 4.055380685485943e-5
5.016481391959799 0.0
5.048998090452261 0.0
5.081514788944723 0.0
5.1140314874371855 0.0
5.146548185929648 0.0
5.179064884422111 0.0
5.211581582914573 0.0
5.244098281407036 0.0
5.276614979899498 0.0
5.30913167839196 0.0
5.3416483768844225 0.0
5.374165075376885 0.0
5.406681773869347 0.0
5.439198472361809 0.0
5.471715170854272 0.0
5.504231869346734 0.0
5.536748567839196 0.0
5.569265266331659 0.0
5.601781964824121 0.0
5.634298663316583 0.0
5.6668153618090455 0.0
5.699332060301508 0.0
5.73184875879397 0.0
5.7643654572864325 0.0
5.796882155778895 0.0
5.829398854271357 0.0
5.861915552763819 0.0
5.894432251256282 0.0
5.926948949748744 0.0
5.959465648241206 0.0
5.991982346733669 0.0
6.024499045226131 0.0
6.057015743718593 0.0
6.0895324422110555 0.0
6.122049140703518 0.0
6.15456583919598 0.0
6.187082537688442 0.0
6.219599236180905 0.0
6.252115934673367 0.0
6.284632633165829 0.0
6.317149331658292 0.0
6.349666030150754 0.0
6.382182728643216 0.0
6.4146994271356785 0.0
6.447216125628141 0.0
6.479732824120603 0.0
6.5122495226130654 0.0
6.544766221105528 0.0
6.57728291959799 0.0
6.609799618090452 0.0
6.642316316582915 0.0
6.674833015075377 0.0
6.707349713567839 0.0
6.739866412060302 0.0
6.772383110552764 0.0
6.804899809045226 0.0
6.8374165075376885 0.0
6.869933206030151 0.0
6.902449904522613 0.0
6.934966603015075 0.0
6.967483301507538 0.0
7.0 0.0
