0.529177 170.77902838885262
0.5616936984924623 123.70702552285485
0.5942103969849246 77.25811450647728
0.6267270954773869 36.25804140288062
0.6592437939698492 3.4938676298815494
0.6917604924623115 -20.00957524085871
0.7242771909547738 -34.59926496913525
0.7567938894472361 -41.55022464210347
0.7893105879396984 -42.6318489999592
0.8218272864321609 -39.736293357325536
0.8543439849246232 -34.60136926357873
0.8868606834170855 -28.638991239662033
0.9193773819095478 -22.86182770045835
0.9518940804020101 -17.888293392038037
0.9844107788944724 -14.0001890440532
1.0169274773869346 -11.227340771882751
1.049444175879397 -9.437773432868028
1.0819608743718594 -8.418257526355092
1.1144775728643217 -7.936726019197749
1.146994271356784 -7.783812496438998
1.1795109698492463 -7.794951755185878
1.2120276683417086 -7.856956067817748
1.244544366834171 -7.90393921896856
1.2770610653266332 -7.907298701853847
1.3095777638190955 -7.86362345287057
1.3420944623115578 -7.783260015871974
1.3746111608040201 -7.681134844346104
1.4071278592964824 -7.57047444274167
1.4396445577889447 -7.4593699302716345
1.472161256281407 -7.349706867721579
1.5046779547738693 -7.237787605916424
1.5371946532663316 -7.115953192319125
1.569711351758794 -6.974602513806644
1.6022280502512563 -6.804152868392748
1.6347447487437186 -6.596646490943158
1.6672614472361809 -6.346853774599538
1.6997781457286432 -6.052840755077796
1.7322948442211055 -5.716050468204742
1.7648115427135678 -5.340996440989443
1.79732824120603 -4.9346871739734866
1.8298449396984924 -4.505900061370141
1.8623616381909547 -4.064408937853614
1.894878336683417 -3.6202476467595375
1.9273950351758793 -3.1830676764218424
1.9599117336683418 -2.7616245465064253
1.9924284321608041 -2.363407445816108
2.024945130653266 -1.9944107238329138
2.0574618291457285 -1.65903448725129
2.089978527638191 -1.3600944547586664
2.122495226130653 -1.0989177518462157
2.1550119246231154 -0.8755007063350035
2.1875286231155777 -0.688706139552778
2.22004532160804 -0.5364804087710695
2.2525620201005023 -0.41607392822385236
2.2850787185929646 -0.3242525960444027
2.317595417085427 -0.25749113208360086
2.3501121155778892 -0.21214255535312532
2.3826288140703515 -0.1845807681121414
2.4151455125628143 -0.1713154129704435
2.4476622110552766 -0.16907983353701184
2.480178909547739 -0.17489414022020355
2.512695608040201 -0.18610612569392515
2.5452123065326635 -0.20041316470366155
2.577729005025126 -0.21586834730169357
2.610245703517588 -0.2308740056604961
2.6427624020100504 -0.24416556638107068
2.6752791005025127 -0.2547883464868619
2.707795798994975 -0.2620695550937171
2.7403124974874373 -0.2655873967391358
2.7728291959798996 -0.26513881985289345
2.805345894472362 -0.26070713020914127
2.8378625929648242 -0.25243040322970955
2.8703792914572865 -0.24057138448432625
2.902895989949749 -0.22548936467813974
2.935412688442211 -0.20761435130856398
2.9679293869346735 -0.1874237298737853
3.0004460854271358 -0.1654215080799304
3.032962783919598 -0.14212016172723452
3.0654794824120604 -0.11802504585472207
3.0979961809045227 -0.093621294741979
3.130512879396985 -0.0693631055941637
3.1630295778894473 -0.045665279946547344
3.1955462763819096 -0.02289688151762448
3.228062974874372 -0.0013768575579433673
3.260579673366834 0.01862853857397795
3.2930963718592965 0.036906693585649464
3.325613070351759 0.053298125627350146
3.358129768844221 0.06769470262673849
3.3906464673366834 0.0800367733268672
3.4231631658291457 0.09030939918346803
3.455679864321608 0.09853787578305173
3.4881965628140703 0.1047827307174316
3.5207132613065326 0.10913438061430725
3.553229959798995 0.11170762307233417
3.5857466582914572 0.11263612947169577
3.6182633567839195 0.1120670920291218
3.650780055276382 0.11015616314836052
3.683296753768844 0.10706280730039452
3.7158134522613064 0.10294616566534387
3.7483301507537687 0.09796151198725056
3.780846849246231 0.09225735499927623
3.8133635477386933 0.08597321890300691
3.8458802462311557 0.07923810929571573
3.878396944723618 0.07216964821856209
3.9109136432160803 0.06487383924053347
3.9434303417085426 0.057445402276186996
3.975947040201005 0.04996859872403547
4.008463738693467 0.04251845101953222
4.0409804371859295 0.03516224731629336
4.073497135678392 0.027961212149591574
4.106013834170854 0.020972217981238828
4.138530532663316 0.014249410765501125
4.171047231155779 0.007845625358811503
4.203563929648241 0.0018134738856474542
4.236080628140703 -0.003793997820025652
4.268597326633166 -0.008923173822438457
4.301114025125628 -0.013520318381893048
4.33363072361809 -0.017532653455532454
4.3661474221105525 -0.02091007328658634
4.398664120603015 -0.02360747102966343
4.431180819095477 -0.025587613349614458
4.463697517587939 -0.026824456131294028
4.496214216080402 -0.027306748160526695
4.528730914572864 -0.027041720229078692
4.561247613065326 -0.026058604951060715
4.593764311557789 -0.02441167803965527
4.626281010050251 -0.02218245529638807
4.658797708542713 -0.019480621510354013
4.6913144070351755 -0.016443208287228117
4.723831105527638 -0.013231477931810787
4.7563478040201 -0.010024910321590141
4.7888645025125625 -0.007011629634575911
4.821381201005025 -0.004374548234068243
4.853897899497487 -0.002272446349365964
4.886414597989949 -0.000815148798892551
4.918931296482412 -3.190422353327449e-5
4.951447994974874 0.00016798152296360058
4.983964693467336 4.3257749211988994e-5
5.016481391959799 0.0
5.048998090452261 0.0
5.081514788944723 0.0
5.1140314874371855 0.0
5.146548185929648 0.0
5.179064884422111 0.0
5.211581582914573 0.0
5.244098281407036 0.0
5.276614979899498 0.0
5.30913167839196 0.0
5.3416483768844225 0.0
5.374165075376885 0.0
5.406681773869347 0.0
5.439198472361809 0.0
5.471715170854272 0.0
5.504231869346734 0.0
5.536748567839196 0.0
5.569265266331659 0.0
5.601781964824121 0.0
5.634298663316583 0.0
5.6668153618090455 0.0
5.699332060301508 0.0
5.73184875879397 0.0
5.7643654572864325 0.0
5.796882155778895 0.0
5.829398854271357 0.0
5.861915552763819 0.0
5.894432251256282 0.0
5.926948949748744 0.0
5.959465648241206 0.0
5.991982346733669 0.0
6.024499045226131 0.0
6.057015743718593 0.0
6.0895324422110555 0.0
6.122049140703518 0.0
6.15456583919598 0.0
6.187082537688442 0.0
6.219599236180905 0.0
6.252115934673367 0.0
6.284632633165829 0.0
6.317149331658292 0.0
6.349666030150754 0.0
6.382182728643216 0.0
6.4146994271356785 0.0
6.447216125628141 0.0
6.479732824120603 0.0
6.5122495226130654 0.0
6.544766221105528 0.0
6.57728291959799 0.0
6.609799618090452 0.0
6.642316316582915 0.0
6.674833015075377 0.0
6.707349713567839 0.0
6.739866412060302 0.0
6.772383110552764 0.0
6.804899809045226 0.0
6.8374165075376885 0.0
6.869933206030151 0.0
6.902449904522613 0.0
6.934966603015075 0.0
6.967483301507538 0.0
7.0 0.0
