0.529177 10.128867591769449
0.5616936984924623 13.673511583570871
0.5942103969849246 15.470657495345222
0.6267270954773869 15.530862699215504
0.6592437939698492 13.991230405821625
0.6917604924623115 11.122683756995684
0.7242771909547738 7.314795579051861
0.7567938894472361 3.0401406324108393
0.7893105879396984 -1.1965601463307394
0.8218272864321609 -4.916572366519176
0.8543439849246232 -7.7232516924395895
0.8868606834170855 -9.34709231888337
0.9193773819095478 -9.672634636513976
0.9518940804020101 -8.74338019006791
0.9844107788944724 -6.744738092087573
1.0169274773869346 -3.9687614430840767
1.049444175879397 -0.7672922161309543
1.0819608743718594 2.498397941026269
1.1144775728643217 5.503499449476294
1.146994271356784 7.994666887379935
1.1795109698492463 9.81025528020291
1.2120276683417086 10.88485742659941
1.244544366834171 11.239934296323554
1.2770610653266332 10.96434386387591
1.3095777638190955 10.18959315910979
1.3420944623115578 9.064625027298462
1.3746111608040201 7.734081357548348
1.4071278592964824 6.3225776456456515
1.4396445577889447 4.925949949087226
1.472161256281407 3.60902841551615
1.5046779547738693 2.408485697442302
1.5371946532663316 1.3388086278300761
1.569711351758794 0.39942793865157
1.6022280502512563 -0.4185998018037935
1.6347447487437186 -1.12739416759905
1.6672614472361809 -1.7389596662615077
1.6997781457286432 -2.263702378128073
1.7322948442211055 -2.7103073912658147
1.7648115427135678 -3.0863809869279066
1.79732824120603 -3.3992886568776157
1.8298449396984924 -3.656768948512763
1.8623616381909547 -3.8671075957445282
1.894878336683417 -4.0388553774646425
1.9273950351758793 -4.180222553051863
1.9599117336683418 -4.298360548300479
1.9924284321608041 -4.398747068049488
2.024945130653266 -4.484839415683382
2.0574618291457285 -4.558076849361896
2.089978527638191 -4.618222256693116
2.122495226130653 -4.663957993638178
2.1550119246231154 -4.693604310245064
2.1875286231155777 -4.70581634483824
2.22004532160804 -4.700134191207326
2.2525620201005023 -4.677301338786492
2.2850787185929646 -4.6393183861837315
2.317595417085427 -4.589249873897643
2.3501121155778892 -4.530843084146909
2.3826288140703515 -4.468042885688192
2.4151455125628143 -4.404494167169105
2.4476622110552766 -4.343114558074376
2.480178909547739 -4.285798967786832
2.512695608040201 -4.233289339190378
2.5452123065326635 -4.185213493525225
2.577729005025126 -4.140270887728548
2.610245703517588 -4.096523995585812
2.6427624020100504 -4.05174368076041
2.6752791005025127 -4.003755542034924
2.707795798994975 -3.950740606214822
2.7403124974874373 -3.8914558122960443
2.7728291959798996 -3.825354901891842
2.805345894472362 -3.7526060275667987
2.8378625929648242 -3.6740163899958134
2.8703792914572865 -3.5908848940234748
2.902895989949749 -3.50481026309717
2.935412688442211 -3.417484070385399
2.9679293869346735 -3.3304961429275863
3.0004460854271358 -3.2451746319366066
3.032962783919598 -3.1624758398847916
3.0654794824120604 -3.0829308495849546
3.0979961809045227 -3.0066482225611253
3.130512879396985 -2.9333654251968255
3.1630295778894473 -2.8625368210505258
3.1955462763819096 -2.793443346656204
3.228062974874372 -2.7253083816231083
3.260579673366834 -2.657405599140475
3.2930963718592965 -2.5891473259980557
3.325613070351759 -2.5201456327631604
3.358129768844221 -2.450242465300107
3.3906464673366834 -2.3795091046013113
3.4231631658291457 -2.30821867589475
3.455679864321608 -2.2367980129165517
3.4881965628140703 -2.165766747222733
3.5207132613065326 -2.095671996985402
3.553229959798995 -2.0270265546641895
3.5857466582914572 -1.9602571914692817
3.6182633567839195 -1.8956678437898518
3.650780055276382 -1.8334202877085772
3.683296753768844 -1.773532705990874
3.7158134522613064 -1.7158945434894122
3.7483301507537687 -1.6602944200021739
3.780846849246231 -1.606456752100712
3.8133635477386933 -1.554082189581095
3.8458802462311557 -1.5028869962261524
3.878396944723618 -1.4526370402090834
3.9109136432160803 -1.4031730040587718
3.9434303417085426 -1.354424644521714
3.975947040201005 -1.3064132817980862
4.008463738693467 -1.2592430288132164
4.0409804371859295 -1.2130824525447679
4.073497135678392 -1.1681392840691842
4.106013834170854 -1.1246313879728405
4.138530532663316 -1.0827574282775458
4.171047231155779 -1.0426705272293475
4.203563929648241 -1.004457740307771
4.236080628140703 -0.968127429490778
4.268597326633166 -0.9336056928532344
4.301114025125628 -0.9007419999961712
4.33363072361809 -0.8693231912729971
4.3661474221105525 -0.8390941202706017
4.398664120603015 -0.8097825355471286
4.431180819095477 -0.7811253713389306
4.463697517587939 -0.752893484712331
4.496214216080402 -0.7249120481719729
4.528730914572864 -0.6970742639750824
4.561247613065326 -0.6693467659315502
4.593764311557789 -0.6417659507314966
4.626281010050251 -0.6144254525752331
4.658797708542713 -0.5874559509429673
4.6913144070351755 -0.560999388957498
4.723831105527638 -0.5351803914782067
4.7563478040201 -0.5100781334913336
4.7888645025125625 -0.4857020654126245
4.821381201005025 -0.4619747218202974
4.853897899497487 -0.43872432154421404
4.886414597989949 -0.41568903648840205
4.918931296482412 -0.39253372048369783
4.951447994974874 -0.36887862973162555
4.983964693467336 -0.3443383376052225
5.016481391959799 -0.3185677671990561
5.048998090452261 -0.29131116131611634
5.081514788944723 -0.26244900438359764
5.1140314874371855 -0.23203751428445685
5.146548185929648 -0.20033542124656378
5.179064884422111 -0.16781339904446213
5.211581582914573 -0.1351427225054067
5.244098281407036 -0.10316145672732091
5.276614979899498 -0.07281864582182607
5.30913167839196 -0.04509941543801688
5.3416483768844225 -0.02093643381340371
5.374165075376885 -0.001115543935156893
5.406681773869347 0.013814696421832195
5.439198472361809 0.023618648870979086
5.471715170854272 0.02842334105662303
5.504231869346734 0.02873241822635464
5.536748567839196 0.02539703672482574
5.569265266331659 0.01954065332392929
5.601781964824121 0.012440378419341869
5.634298663316583 0.005374485312131583
5.6668153618090455 -0.0005467562059493503
5.699332060301508 -0.004542421369478689
5.73184875879397 -0.006284161312578362
5.7643654572864325 -0.005948586527665611
5.796882155778895 -0.00416930026767659
5.829398854271357 -0.0018709964770096121
5.861915552763819 7.63112802815158e-6
5.894432251256282 0.000854121219163062
5.926948949748744 0.000673834498229553
5.959465648241206 0.0001284765803575283
5.991982346733669 -1.1976833775406703e-5
6.024499045226131 0.0
6.057015743718593 0.0
6.0895324422110555 0.0
6.122049140703518 0.0
6.15456583919598 0.0
6.187082537688442 0.0
6.219599236180905 0.0
6.252115934673367 0.0
6.284632633165829 0.0
6.317149331658292 0.0
6.349666030150754 0.0
6.382182728643216 0.0
6.4146994271356785 0.0
6.447216125628141 0.0
6.479732824120603 0.0
6.5122495226130654 0.0
6.544766221105528 0.0
6.57728291959799 0.0
6.609799618090452 0.0
6.642316316582915 0.0
6.674833015075377 0.0
6.707349713567839 0.0
6.739866412060302 0.0
6.772383110552764 0.0
6.804899809045226 0.0
6.8374165075376885 0.0
6.869933206030151 0.0
6.902449904522613 0.0
6.934966603015075 0.0
6.967483301507538 0.0
7.0 0.0
