0.529177 -0.4147650019294815
0.5616936984924623 -0.27428761170631333
0.5942103969849246 -0.018821593355824007
0.6267270954773869 0.21564575677075482
0.6592437939698492 0.3175558830698719
0.6917604924623115 0.25153594386938494
0.7242771909547738 0.06773523960873717
0.7567938894472361 -0.1318346064290381
0.7893105879396984 -0.24858163878161577
0.8218272864321609 -0.23443447763565928
0.8543439849246232 -0.10883169409862603
0.8868606834170855 0.058526426768366946
0.9193773819095478 0.186153650021879
0.9518940804020101 0.21943474570070975
0.9844107788944724 0.1517664420462097
1.0169274773869346 0.021457984445078182
1.049444175879397 -0.11036645240164944
1.0819608743718594 -0.1883043707766774
1.1144775728643217 -0.1846681774713943
1.146994271356784 -0.10708558526675915
1.1795109698492463 0.008861647758749314
1.2120276683417086 0.11656636960651667
1.244544366834171 0.17690719814345357
1.2770610653266332 0.17133489134903357
1.3095777638190955 0.10584938972533564
1.3420944623115578 0.006077804899177863
1.3746111608040201 -0.0933779871375009
1.4071278592964824 -0.1609111651468993
1.4396445577889447 -0.17724191404158773
1.472161256281407 -0.13974876916654466
1.5046779547738693 -0.0613897439725406
1.5371946532663316 0.03455797748938494
1.569711351758794 0.12178578851126076
1.6022280502512563 0.17798753074566775
1.6347447487437186 0.18986758070241194
1.6672614472361809 0.15520732862569275
1.6997781457286432 0.08197388641929138
1.7322948442211055 -0.01483517662200029
1.7648115427135678 -0.11752179506220273
1.79732824120603 -0.2100388976814429
1.8298449396984924 -0.28141421147302026
1.8623616381909547 -0.32766204639483476
1.894878336683417 -0.3520104120216274
1.9273950351758793 -0.36363452844307176
1.9599117336683418 -0.37534245439201186
1.9924284321608041 -0.40077978844055906
2.024945130653266 -0.45171523030694516
2.0574618291457285 -0.5358657836841303
2.089978527638191 -0.6555586008416867
2.122495226130653 -0.8073457201735437
2.1550119246231154 -0.9825217217694444
2.1875286231155777 -1.1683658481706516
2.22004532160804 -1.3498512595742795
2.2525620201005023 -1.5115363476215862
2.2850787185929646 -1.639370020951901
2.317595417085427 -1.72219321618104
2.3501121155778892 -1.7527890949568246
2.3826288140703515 -1.7284112826328055
2.4151455125628143 -1.650791934083827
2.4476622110552766 -1.5256912372442457
2.480178909547739 -1.3620923852613487
2.512695608040201 -1.1711694136847655
2.5452123065326635 -0.9651605707986164
2.577729005025126 -0.7562699176723982
2.610245703517588 -0.5556986121009686
2.6427624020100504 -0.3728792064321169
2.6752791005025127 -0.21495550791769347
2.707795798994975 -0.08652075250938651
2.7403124974874373 0.010399169674201403
2.7728291959798996 0.0761510706943227
2.805345894472362 0.1130958381727396
2.8378625929648242 0.1251403846345056
2.8703792914572865 0.11721572497845045
2.902895989949749 0.09475261080842756
2.935412688442211 0.06319819802229176
2.9679293869346735 0.027606829900832963
3.0004460854271358 -0.0076734766244044295
3.032962783919598 -0.03920866318003391
3.0654794824120604 -0.06458056847804983
3.0979961809045227 -0.08239199126182939
3.130512879396985 -0.09219016983661277
3.1630295778894473 -0.09432812237537291
3.1955462763819096 -0.08978517673858732
3.228062974874372 -0.07996786479452567
3.260579673366834 -0.06651051679364173
3.2930963718592965 -0.05109179298051458
3.325613070351759 -0.03527948528790148
3.358129768844221 -0.02041165229456965
3.3906464673366834 -0.007517911204558914
3.4231631658291457 0.0027191692061023787
3.455679864321608 0.00996590274553455
3.4881965628140703 0.014208376385795418
3.5207132613065326 0.015699878267696477
3.553229959798995 0.014893144119923818
3.5857466582914572 0.012365713739200146
3.6182633567839195 0.008746023739149678
3.650780055276382 0.0046466691164823715
3.683296753768844 0.0006097116292949067
3.7158134522613064 -0.002932830824647681
3.7483301507537687 -0.005681949018253363
3.780846849246231 -0.007478347166397725
3.8133635477386933 -0.0082945873382414
3.8458802462311557 -0.008215464742534095
3.878396944723618 -0.007410122734654578
3.9109136432160803 -0.006099743077356834
3.9434303417085426 -0.004524597228737548
3.975947040201005 -0.002913860776970978
4.008463738693467 -0.0014609401041525416
4.0409804371859295 -0.0003062180185224861
4.073497135678392 0.00047181748414004687
4.106013834170854 0.0008570496684114914
4.138530532663316 0.0008886799350875663
4.171047231155779 0.0006482369262812426
4.203563929648241 0.0002427577073831344
4.236080628140703 -0.00021347872097976506
4.268597326633166 -0.0006162788195069879
4.301114025125628 -0.0008857870761858067
4.33363072361809 -0.0009760069133335492
4.3661474221105525 -0.0008785900026850868
4.398664120603015 -0.000620661130597
4.431180819095477 -0.00025724256556713954
4.463697517587939 0.0001404191552865086
4.496214216080402 0.0004987283755326644
4.528730914572864 0.0007555562660854775
4.561247613065326 0.0008716648935660487
4.593764311557789 0.0008376721307286061
4.626281010050251 0.0006751044911652571
4.658797708542713 0.0004310198110033525
4.6913144070351755 0.00016686120761733036
4.723831105527638 -5.65040154469898e-5
4.7563478040201 -0.00019439572315604892
4.7888645025125625 -0.00023055091878632084
4.821381201005025 -0.00018175470540882088
4.853897899497487 -9.156486703432165e-5
4.886414597989949 -1.2325874195084907e-5
4.918931296482412 2.0655375919886865e-5
4.951447994974874 1.1384763638488948e-5
4.983964693467336 -5.830770533066243e-7
5.016481391959799 0.0
5.048998090452261 0.0
5.081514788944723 0.0
5.1140314874371855 0.0
5.146548185929648 0.0
5.179064884422111 0.0
5.211581582914573 0.0
5.244098281407036 0.0
5.276614979899498 0.0
5.30913167839196 0.0
5.3416483768844225 0.0
5.374165075376885 0.0
5.406681773869347 0.0
5.439198472361809 0.0
5.471715170854272 0.0
5.504231869346734 0.0
5.536748567839196 0.0
5.569265266331659 0.0
5.601781964824121 0.0
5.634298663316583 0.0
5.6668153618090455 0.0
5.699332060301508 0.0
5.73184875879397 0.0
5.7643654572864325 0.0
5.796882155778895 0.0
5.829398854271357 0.0
5.861915552763819 0.0
5.894432251256282 0.0
5.926948949748744 0.0
5.959465648241206 0.0
5.991982346733669 0.0
6.024499045226131 0.0
6.057015743718593 0.0
6.0895324422110555 0.0
6.122049140703518 0.0
6.15456583919598 0.0
6.187082537688442 0.0
6.219599236180905 0.0
6.252115934673367 0.0
6.284632633165829 0.0
6.317149331658292 0.0
6.349666030150754 0.0
6.382182728643216 0.0
6.4146994271356785 0.0
6.447216125628141 0.0
6.479732824120603 0.0
6.5122495226130654 0.0
6.544766221105528 0.0
6.57728291959799 0.0
6.609799618090452 0.0
6.642316316582915 0.0
6.674833015075377 0.0
6.707349713567839 0.0
6.739866412060302 0.0
6.772383110552764 0.0
6.804899809045226 0.0
6.8374165075376885 0.0
6.869933206030151 0.0
6.902449904522613 0.0
6.934966603015075 0.0
6.967483301507538 0.0
7.0 0.0
