0.529177 -21.191725177026456
0.5616936984924623 -15.618898846059892
0.5942103969849246 -9.45402484162878
0.6267270954773869 -3.5617924570542527
0.6592437939698492 1.3966571703585942
0.6917604924623115 4.994337210551748
0.7242771909547738 7.047799752885112
0.7567938894472361 7.601280771039455
0.7893105879396984 6.886593734960115
0.8218272864321609 5.264295038050477
0.8543439849246232 3.1549624558847427
0.8868606834170855 0.9709648946409288
0.9193773819095478 -0.9413676893309457
0.9518940804020101 -2.3415619535171572
0.9844107788944724 -3.112772116533961
1.0169274773869346 -3.2575444538815646
1.049444175879397 -2.8753458436676738
1.0819608743718594 -2.128303935374788
1.1144775728643217 -1.2028004104195134
1.146994271356784 -0.2741896452571382
1.1795109698492463 0.5197626880890311
1.2120276683417086 1.093615479529035
1.244544366834171 1.4167535123033304
1.2770610653266332 1.5055848672236607
1.3095777638190955 1.408938620978006
1.3420944623115578 1.1907871014282136
1.3746111608040201 0.914123167125581
1.4071278592964824 0.6288368430014089
1.4396445577889447 0.3650821063311014
1.472161256281407 0.1322445932073606
1.5046779547738693 -0.07750369564746507
1.5371946532663316 -0.2827713157530525
1.569711351758794 -0.5055573061963514
1.6022280502512563 -0.764613081686548
1.6347447487437186 -1.0707588893783395
1.6672614472361809 -1.4247200223544496
1.6997781457286432 -1.817433830246955
1.7322948442211055 -2.2323038165141043
1.7648115427135678 -2.648604692878507
1.79732824120603 -3.0451812003011582
1.8298449396984924 -3.403699374935968
1.8623616381909547 -3.7109406426316127
1.894878336683417 -3.9599070689000655
1.9273950351758793 -4.149767691231318
1.9599117336683418 -4.284875964603998
1.9924284321608041 -4.3732037366244185
2.024945130653266 -4.424565727713343
2.0574618291457285 -4.448964591825643
2.089978527638191 -4.455294513223635
2.122495226130653 -4.45052825365201
2.1550119246231154 -4.439403268848764
2.1875286231155777 -4.424535201802428
2.22004532160804 -4.406831848004003
2.2525620201005023 -4.3860597429938935
2.2850787185929646 -4.361424599928796
2.317595417085427 -4.332057536910725
2.3501121155778892 -4.297341272083941
2.3826288140703515 -4.2570545147409575
2.4151455125628143 -4.211350851523093
2.4476622110552766 -4.16061548124344
2.480178909547739 -4.105257085780977
2.512695608040201 -4.045493423631342
2.5452123065326635 -3.9811802999520296
2.577729005025126 -3.9117179066124663
2.610245703517588 -3.836049950823508
2.6427624020100504 -3.752752969990979
2.6752791005025127 -3.6601984392091254
2.707795798994975 -3.5567603734907607
2.7403124974874373 -3.441036723410434
2.7728291959798996 -3.3120536641417857
2.805345894472362 -3.1694269087402063
2.8378625929648242 -3.0134620598091715
2.8703792914572865 -2.845185239084458
2.902895989949749 -2.6663043889511755
2.935412688442211 -2.479109573592723
2.9679293869346735 -2.286326530032966
3.0004460854271358 -2.0909412302135024
3.032962783919598 -1.8960142765772616
3.0654794824120604 -1.7045028259144601
3.0979961809045227 -1.5191048886863427
3.130512879396985 -1.34213686741532
3.1630295778894473 -1.1754506864308496
3.1955462763819096 -1.020392385771629
3.228062974874372 -0.8778000621605315
3.260579673366834 -0.7480358639568294
3.2930963718592965 -0.6310445667349995
3.325613070351759 -0.5264301180704933
3.358129768844221 -0.4335413765784324
3.3906464673366834 -0.351558927754013
3.4231631658291457 -0.2795761310917442
3.455679864321608 -0.2166692102637171
3.4881965628140703 -0.1619530170046346
3.5207132613065326 -0.11462088239204604
3.553229959798995 -0.07396856010564079
3.5857466582914572 -0.039403556924298755
3.6182633567839195 -0.010442077658808557
3.650780055276382 0.013303627836648957
3.683296753768844 0.03214451443818689
3.7158134522613064 0.04633766766710323
3.7483301507537687 0.05611029001920542
3.780846849246231 0.06168258484285616
3.8133635477386933 0.06328790109910187
3.8458802462311557 0.06118903730020975
3.878396944723618 0.055690094879537355
3.9109136432160803 0.04714368590248341
3.9434303417085426 0.035953618735220516
3.975947040201005 0.022573405081857345
4.008463738693467 0.00750106177838461
4.0409804371859295 -0.008729261411644984
4.073497135678392 -0.02555828842014307
4.106013834170854 -0.0424147359753988
4.138530532663316 -0.058730045886477455
4.171047231155779 -0.07395424236165127
4.203563929648241 -0.0875724161251128
4.236080628140703 -0.0991213031247753
4.268597326633166 -0.10820537192012125
4.301114025125628 -0.11451177032904525
4.33363072361809 -0.1178234230428643
4.3661474221105525 -0.11802953362894186
4.398664120603015 -0.11513274305616505
4.431180819095477 -0.10925224630227603
4.463697517587939 -0.10062227850175987
4.496214216080402 -0.08958555629578768
4.528730914572864 -0.07658149614508147
4.561247613065326 -0.062129319692758145
4.593764311557789 -0.046806480899249436
4.626281010050251 -0.031223189042066224
4.658797708542713 -0.015994130157196196
4.6913144070351755 -0.0017087794458348071
4.723831105527638 0.011098079014118412
4.7563478040201 0.021973876200718223
4.7888645025125625 0.030572055502489093
4.821381201005025 0.0366704769039643
4.853897899497487 0.040182995006034616
4.886414597989949 0.041163136420436786
4.918931296482412 0.03979927091131685
4.951447994974874 0.036401224415385514
4.983964693467336 0.03137888706623926
5.016481391959799 0.02521398365024652
5.048998090452261 0.01842675117768522
5.081514788944723 0.011539759556399076
5.1140314874371855 0.0050414693396305665
5.146548185929648 -0.0006476973321696278
5.179064884422111 -0.005204023453188711
5.211581582914573 -0.008421409625952947
5.244098281407036 -0.010222532484476687
5.276614979899498 -0.010658962462912314
5.30913167839196 -0.009899854070681613
5.3416483768844225 -0.008209852092477377
5.374165075376885 -0.005917941536608851
5.406681773869347 -0.0033800126147980336
5.439198472361809 -0.0009388056969328318
5.471715170854272 0.001114471840992337
5.504231869346734 0.002572320512626902
5.536748567839196 0.003332621350637055
5.569265266331659 0.003406320391150075
5.601781964824121 0.002909050464950269
5.634298663316583 0.0020366081753309118
5.6668153618090455 0.0010266736517223762
5.699332060301508 0.00011189923316123895
5.73184875879397 -0.0005278391436149832
5.7643654572864325 -0.0008041369619604666
5.796882155778895 -0.0007389747242996236
5.829398854271357 -0.000454458373496891
5.861915552763819 -0.00012867381883552298
5.894432251256282 7.7572623922606e-5
5.926948949748744 0.00010227338862023316
5.959465648241206 2.630361086630728e-5
5.991982346733669 -1.7881229723570868e-6
6.024499045226131 0.0
6.057015743718593 0.0
6.0895324422110555 0.0
6.122049140703518 0.0
6.15456583919598 0.0
6.187082537688442 0.0
6.219599236180905 0.0
6.252115934673367 0.0
6.284632633165829 0.0
6.317149331658292 0.0
6.349666030150754 0.0
6.382182728643216 0.0
6.4146994271356785 0.0
6.447216125628141 0.0
6.479732824120603 0.0
6.5122495226130654 0.0
6.544766221105528 0.0
6.57728291959799 0.0
6.609799618090452 0.0
6.642316316582915 0.0
6.674833015075377 0.0
6.707349713567839 0.0
6.739866412060302 0.0
6.772383110552764 0.0
6.804899809045226 0.0
6.8374165075376885 0.0
6.869933206030151 0.0
6.902449904522613 0.0
6.934966603015075 0.0
6.967483301507538 0.0
7.0 0.0
