0.529177 0.001020555139575663
0.5616936984924623 -0.0003695649201631568
0.5942103969849246 -0.0008733832916618667
0.6267270954773869 9.38943933306291e-5
0.6592437939698492 0.0007267291175594437
0.6917604924623115 7.854344897850751e-5
0.7242771909547738 -0.000600320136584287
0.7567938894472361 -0.0002021655643034137
0.7893105879396984 0.0004900357279211676
0.8218272864321609 0.00030783467900619144
0.8543439849246232 -0.0003824282545110691
0.8868606834170855 -0.000413872742399235
0.9193773819095478 0.0002556383905130133
0.9518940804020101 0.0005302914053686436
0.9844107788944724 -7.217200970899285e-5
1.0169274773869346 -0.0006556922724598735
1.049444175879397 -0.00024127822916852892
1.0819608743718594 0.0007684516438075661
1.1144775728643217 0.0009091543174690742
1.146994271356784 -0.0007269424665992119
1.1795109698492463 -0.003542441038348443
1.2120276683417086 -0.006086462805228621
1.244544366834171 -0.007386996294769688
1.2770610653266332 -0.0075635939929270535
1.3095777638190955 -0.007353718237823159
1.3420944623115578 -0.007287261103556375
1.3746111608040201 -0.007334968637678685
1.4071278592964824 -0.007170115080327832
1.4396445577889447 -0.006600129549156009
1.472161256281407 -0.005731384498915304
1.5046779547738693 -0.004814753630910218
1.5371946532663316 -0.004014170493348956
1.569711351758794 -0.003323920069590258
1.6022280502512563 -0.0026569965382350347
1.6347447487437186 -0.0019735402657374834
1.6672614472361809 -0.0013258919531722313
1.6997781457286432 -0.0008048207503748017
1.7322948442211055 -0.0004589102880458995
1.7648115427135678 -0.0002619837915744938
1.79732824120603 -0.00014531024930874992
1.8298449396984924 -5.5449405977014976e-5
1.8623616381909547 1.2827479679344833e-5
1.894878336683417 2.9397364301075868e-5
1.9273950351758793 -3.0249479948452063e-5
1.9599117336683418 -0.00015125919935599086
1.9924284321608041 -0.00027753509880312777
2.024945130653266 -0.00034089973053141875
2.0574618291457285 -0.00029997075040455456
2.089978527638191 -0.0001638085919353216
2.122495226130653 1.2546675009161845e-5
2.1550119246231154 0.00015597695158930946
2.1875286231155777 0.0002098855731560434
2.22004532160804 0.0001576335179720445
2.2525620201005023 2.516595662882537e-5
2.2850787185929646 -0.0001353266397927655
2.317595417085427 -0.00027041043250619623
2.3501121155778892 -0.0003467256539124719
2.3826288140703515 -0.0003602073389288307
2.4151455125628143 -0.00033163262310154096
2.4476622110552766 -0.0002930012991555486
2.480178909547739 -0.0002721361032627101
2.512695608040201 -0.0002820773761413875
2.5452123065326635 -0.00031852665313181205
2.577729005025126 -0.0003646982520990605
2.610245703517588 -0.00040016380967244913
2.6427624020100504 -0.00040945754500398834
2.6752791005025127 -0.00038721151264553555
2.707795798994975 -0.0003385997549116837
2.7403124974874373 -0.0002758884143645446
2.7728291959798996 -0.00021315500407581567
2.805345894472362 -0.00016145866135275355
2.8378625929648242 -0.00012607754808868776
2.8703792914572865 -0.00010632780572450429
2.902895989949749 -9.744054642624178e-5
2.935412688442211 -9.335810653965382e-5
2.9679293869346735 -8.924175546098922e-5
3.0004460854271358 -8.28609565246552e-5
3.032962783919598 -7.462453982043371e-5
3.0654794824120604 -6.656050749143105e-5
3.0979961809045227 -6.0869804997309984e-5
3.130512879396985 -5.870615080993957e-5
3.1630295778894473 -5.9620141541927296e-5
3.1955462763819096 -6.177541223451044e-5
3.228062974874372 -6.273679792911935e-5
3.260579673366834 -6.0449127715855866e-5
3.2930963718592965 -5.401106051294846e-5
3.325613070351759 -4.397718959125996e-5
3.358129768844221 -3.21250815318308e-5
3.3906464673366834 -2.082013384097081e-5
3.4231631658291457 -1.2234372775310476e-5
3.455679864321608 -7.694799535329366e-6
3.4881965628140703 -7.36111337573675e-6
3.5207132613065326 -1.0300215137704072e-5
3.553229959798995 -1.4887328006807365e-5
3.5857466582914572 -1.9366646029084222e-5
3.6182633567839195 -2.237430896911974e-5
3.650780055276382 -2.3264161427505314e-5
3.683296753768844 -2.216115404962693e-5
3.7158134522613064 -1.9765023694162664e-5
3.7483301507537687 -1.700466179954674e-5
3.780846849246231 -1.4678576008009259e-5
3.8133635477386933 -1.3202928585087648e-5
3.8458802462311557 -1.2536274198282626e-5
3.878396944723618 -1.228113353590743e-5
3.9109136432160803 -1.1901808989023266e-5
3.9434303417085426 -1.0964852378947398e-5
3.975947040201005 -9.31160582240409e-6
4.008463738693467 -7.1065860538510606e-6
4.0409804371859295 -4.756282180551352e-6
4.073497135678392 -2.740909792464663e-6
4.106013834170854 -1.4300255770649528e-6
4.138530532663316 -9.529991302770213e-7
4.171047231155779 -1.1691414556480595e-6
4.203563929648241 -1.7411699673175463e-6
4.236080628140703 -2.275903113968525e-6
4.268597326633166 -2.4726421656851016e-6
4.301114025125628 -2.220878229763912e-6
4.33363072361809 -1.6132398172885587e-6
4.3661474221105525 -8.763833534430887e-7
4.398664120603015 -2.563403995736735e-7
4.431180819095477 8.847450772009324e-8
4.463697517587939 1.4068888276597136e-7
4.496214216080402 5.613458142761374e-9
4.528730914572864 -1.619898739591008e-7
4.561247613065326 -2.4343046334251994e-7
4.593764311557789 -2.0810159639950143e-7
4.626281010050251 -1.0758543567135348e-7
4.658797708542713 -2.2384710973710753e-8
4.6913144070351755 -2.7915803002542816e-10
4.723831105527638 -2.8852923605882097e-8
4.7563478040201 -5.867212848897907e-8
4.7888645025125625 -5.368804067984456e-8
4.821381201005025 -2.204126303695375e-8
4.853897899497487 1.926252934936201e-9
4.886414597989949 2.484966898919083e-9
4.918931296482412 -3.1046170079207513e-9
4.951447994974874 -7.499352250306401e-10
4.983964693467336 1.3415046851150692e-10
5.016481391959799 0.0
5.048998090452261 0.0
5.081514788944723 0.0
5.1140314874371855 0.0
5.146548185929648 0.0
5.179064884422111 0.0
5.211581582914573 0.0
5.244098281407036 0.0
5.276614979899498 0.0
5.30913167839196 0.0
5.3416483768844225 0.0
5.374165075376885 0.0
5.406681773869347 0.0
5.439198472361809 0.0
5.471715170854272 0.0
5.504231869346734 0.0
5.536748567839196 0.0
5.569265266331659 0.0
5.601781964824121 0.0
5.634298663316583 0.0
5.6668153618090455 0.0
5.699332060301508 0.0
5.73184875879397 0.0
5.7643654572864325 0.0
5.796882155778895 0.0
5.829398854271357 0.0
5.861915552763819 0.0
5.894432251256282 0.0
5.926948949748744 0.0
5.959465648241206 0.0
5.991982346733669 0.0
6.024499045226131 0.0
6.057015743718593 0.0
6.0895324422110555 0.0
6.122049140703518 0.0
6.15456583919598 0.0
6.187082537688442 0.0
6.219599236180905 0.0
6.252115934673367 0.0
6.284632633165829 0.0
6.317149331658292 0.0
6.349666030150754 0.0
6.382182728643216 0.0
6.4146994271356785 0.0
6.447216125628141 0.0
6.479732824120603 0.0
6.5122495226130654 0.0
6.544766221105528 0.0
6.57728291959799 0.0
6.609799618090452 0.0
6.642316316582915 0.0
6.674833015075377 0.0
6.707349713567839 0.0
6.739866412060302 0.0
6.772383110552764 0.0
6.804899809045226 0.0
6.8374165075376885 0.0
6.869933206030151 0.0
6.902449904522613 0.0
6.934966603015075 0.0
6.967483301507538 0.0
7.0 0.0
