0.529177 0.822666451424368
0.5616936984924623 0.01665190249849502
0.5942103969849246 -0.6351811310371431
0.6267270954773869 -0.2093781288396599
0.6592437939698492 0.4542674519130401
0.6917604924623115 0.3167671570885773
0.7242771909547738 -0.2858141286053524
0.7567938894472361 -0.37254462803633714
0.7893105879396984 0.12225688469976603
0.8218272864321609 0.3861648116899232
0.8543439849246232 0.043689645931010546
0.8868606834170855 -0.3503150683083618
0.9193773819095478 -0.21133870262008259
0.9518940804020101 0.244638534150738
0.9844107788944724 0.36303659540004674
1.0169274773869346 -0.03849373071125228
1.049444175879397 -0.447915154420059
1.0819608743718594 -0.30737445425251053
1.1144775728643217 0.33356371733549395
1.146994271356784 0.8625924886068788
1.1795109698492463 0.6774430600945038
1.2120276683417086 -0.34925706604468587
1.244544366834171 -1.872551845656517
1.2770610653266332 -3.3972692433412703
1.3095777638190955 -4.574876864638554
1.3420944623115578 -5.29060755721855
1.3746111608040201 -5.588627290120826
1.4071278592964824 -5.56782995642601
1.4396445577889447 -5.324364793672316
1.472161256281407 -4.937626874537386
1.5046779547738693 -4.469284098005232
1.5371946532663316 -3.960970651684022
1.569711351758794 -3.434634489442942
1.6022280502512563 -2.900262907209651
1.6347447487437186 -2.366975907825406
1.6672614472361809 -1.849629821932126
1.6997781457286432 -1.3676648333009211
1.7322948442211055 -0.9395533138616088
1.7648115427135678 -0.5783326186884779
1.79732824120603 -0.29080803980406245
1.8298449396984924 -0.07906518727259026
1.8623616381909547 0.0584508987742538
1.894878336683417 0.12749102965386783
1.9273950351758793 0.13909135053438604
1.9599117336683418 0.10922557522400211
1.9924284321608041 0.05609487498816179
2.024945130653266 -0.004036475784459981
2.0574618291457285 -0.06043192260744945
2.089978527638191 -0.10917492434936094
2.122495226130653 -0.15177866560071607
2.1550119246231154 -0.19213205967747626
2.1875286231155777 -0.23344361782625356
2.22004532160804 -0.2765152918997842
2.2525620201005023 -0.31975142664003897
2.2850787185929646 -0.36039319888163845
2.317595417085427 -0.3960239995863617
2.3501121155778892 -0.42552092491860094
2.3826288140703515 -0.4491224237053757
2.4151455125628143 -0.4678069410815624
2.4476622110552766 -0.4824701694358282
2.480178909547739 -0.4933683112798235
2.512695608040201 -0.5000517288660262
2.5452123065326635 -0.5017200577929657
2.577729005025126 -0.49773823731283073
2.610245703517588 -0.48802899749546214
2.6427624020100504 -0.47317307557545973
2.6752791005025127 -0.45421835757332474
2.707795798994975 -0.43233331006621256
2.7403124974874373 -0.40848535252075635
2.7728291959798996 -0.38327965394722696
2.805345894472362 -0.35699690792085903
2.8378625929648242 -0.3297729958603668
2.8703792914572865 -0.301810566499114
2.902895989949749 -0.2735172182814267
2.935412688442211 -0.24551462120990664
2.9679293869346735 -0.21852845673890897
3.0004460854271358 -0.19322010856217275
3.032962783919598 -0.17003860656257075
3.0654794824120604 -0.14915339084831203
3.0979961809045227 -0.1304877612396922
3.130512879396985 -0.11382929371484352
3.1630295778894473 -0.09896503248967292
3.1955462763819096 -0.08578526366875394
3.228062974874372 -0.07431855951165289
3.260579673366834 -0.06469225110623711
3.2930963718592965 -0.05704270671986933
3.325613070351759 -0.051417142179730035
3.358129768844221 -0.047707877493394335
3.3906464673366834 -0.04564323760132538
3.4231631658291457 -0.04483475444266105
3.455679864321608 -0.04485820303699484
3.4881965628140703 -0.04533465187000729
3.5207132613065326 -0.04598066071866924
3.553229959798995 -0.046611826951448165
3.5857466582914572 -0.04710440721498799
3.6182633567839195 -0.04733737804269822
3.650780055276382 -0.047145204202365676
3.683296753768844 -0.046306881271220846
3.7158134522613064 -0.04458150774900105
3.7483301507537687 -0.04178071817921136
3.780846849246231 -0.03785148548899997
3.8133635477386933 -0.03293566656424218
3.8458802462311557 -0.027378280472930783
3.878396944723618 -0.02167326663999347
3.9109136432160803 -0.016357605191046787
3.9434303417085426 -0.011884255501627194
3.975947040201005 -0.008514064286885059
4.008463738693467 -0.006262567022531584
4.0409804371859295 -0.00492027527133132
4.073497135678392 -0.004140226894094212
4.106013834170854 -0.0035629228388529555
4.138530532663316 -0.0029349988625426704
4.171047231155779 -0.0021796870831849446
4.203563929648241 -0.0013945126810313013
4.236080628140703 -0.0007790445168325277
4.268597326633166 -0.0005229171244423014
4.301114025125628 -0.0007009741170804773
4.33363072361809 -0.0012207632472609475
4.3661474221105525 -0.0018469343115157244
4.398664120603015 -0.0022944044743553604
4.431180819095477 -0.002350512373197944
4.463697517587939 -0.0019701226321444665
4.496214216080402 -0.001296222094310906
4.528730914572864 -0.0005912513722137192
4.561247613065326 -0.00010856331346076331
4.593764311557789 3.2082228415220015e-5
4.626281010050251 -0.00010320875742308999
4.658797708542713 -0.00031605270481804837
4.6913144070351755 -0.0004076936331784964
4.723831105527638 -0.0003069225260787789
4.7563478040201 -0.00010346067790578672
4.7888645025125625 4.4340333431591716e-5
4.821381201005025 5.6697977072417416e-5
4.853897899497487 -2.8077200795451063e-6
4.886414597989949 -2.3469964617106598e-5
4.918931296482412 2.734742452048522e-6
4.951447994974874 5.056273039372172e-6
4.983964693467336 -8.61523062667402e-7
5.016481391959799 0.0
5.048998090452261 0.0
5.081514788944723 0.0
5.1140314874371855 0.0
5.146548185929648 0.0
5.179064884422111 0.0
5.211581582914573 0.0
5.244098281407036 0.0
5.276614979899498 0.0
5.30913167839196 0.0
5.3416483768844225 0.0
5.374165075376885 0.0
5.406681773869347 0.0
5.439198472361809 0.0
5.471715170854272 0.0
5.504231869346734 0.0
5.536748567839196 0.0
5.569265266331659 0.0
5.601781964824121 0.0
5.634298663316583 0.0
5.6668153618090455 0.0
5.699332060301508 0.0
5.73184875879397 0.0
5.7643654572864325 0.0
5.796882155778895 0.0
5.829398854271357 0.0
5.861915552763819 0.0
5.894432251256282 0.0
5.926948949748744 0.0
5.959465648241206 0.0
5.991982346733669 0.0
6.024499045226131 0.0
6.057015743718593 0.0
6.0895324422110555 0.0
6.122049140703518 0.0
6.15456583919598 0.0
6.187082537688442 0.0
6.219599236180905 0.0
6.252115934673367 0.0
6.284632633165829 0.0
6.317149331658292 0.0
6.349666030150754 0.0
6.382182728643216 0.0
6.4146994271356785 0.0
6.447216125628141 0.0
6.479732824120603 0.0
6.5122495226130654 0.0
6.544766221105528 0.0
6.57728291959799 0.0
6.609799618090452 0.0
6.642316316582915 0.0
6.674833015075377 0.0
6.707349713567839 0.0
6.739866412060302 0.0
6.772383110552764 0.0
6.804899809045226 0.0
6.8374165075376885 0.0
6.869933206030151 0.0
6.902449904522613 0.0
6.934966603015075 0.0
6.967483301507538 0.0
7.0 0.0
