0.529177 3.4157229482719345
0.5616936984924623 4.7681195622104156
0.5942103969849246 4.361642434144471
0.6267270954773869 2.4738290053670653
0.6592437939698492 -0.14871543080630545
0.6917604924623115 -2.578607292509446
0.7242771909547738 -4.031833972517404
0.7567938894472361 -4.109126698473915
0.7893105879396984 -2.8809634970016305
0.8218272864321609 -0.8095581694349221
0.8543439849246232 1.4403289424182049
0.8868606834170855 3.221159939237566
0.9193773819095478 4.078164669465366
0.9518940804020101 3.8363414199687895
0.9844107788944724 2.5928337934744263
1.0169274773869346 0.6392027617075087
1.049444175879397 -1.6472934390382648
1.0819608743718594 -3.9059756151469855
1.1144775728643217 -5.863673288260088
1.146994271356784 -7.36546241382581
1.1795109698492463 -8.369879429386401
1.2120276683417086 -8.921053776121369
1.244544366834171 -9.111938144593466
1.2770610653266332 -9.050152792506594
1.3095777638190955 -8.833232522518585
1.3420944623115578 -8.535326527767722
1.3746111608040201 -8.203922752004985
1.4071278592964824 -7.863376429855919
1.4396445577889447 -7.521717529059629
1.472161256281407 -7.17787887840359
1.5046779547738693 -6.82756632796378
1.5371946532663316 -6.467049169323616
1.569711351758794 -6.094934897061478
1.6022280502512563 -5.7124309049531234
1.6347447487437186 -5.322728622913132
1.6672614472361809 -4.930071498224152
1.6997781457286432 -4.538893530384996
1.7322948442211055 -4.15322456046556
1.7648115427135678 -3.7764041759196516
1.79732824120603 -3.4110488941107633
1.8298449396984924 -3.059175687454456
1.8623616381909547 -2.7223849762099235
1.894878336683417 -2.402030226302884
1.9273950351758793 -2.099333480851328
1.9599117336683418 -1.8154354943601447
1.9924284321608041 -1.5513898410411002
2.024945130653266 -1.3081209995391418
2.0574618291457285 -1.086368412604827
2.089978527638191 -0.8866346984667643
2.122495226130653 -0.7091495738046092
2.1550119246231154 -0.5538541281549101
2.1875286231155777 -0.42040449882557596
2.22004532160804 -0.3081904883492257
2.2525620201005023 -0.21636328841537988
2.2850787185929646 -0.14386680926725148
2.317595417085427 -0.08946853200512805
2.3501121155778892 -0.05178765820346598
2.3826288140703515 -0.029320097468371387
2.4151455125628143 -0.02046115900697032
2.4476622110552766 -0.023527536301912733
2.480178909547739 -0.03678029358303547
2.512695608040201 -0.0584501916017075
2.5452123065326635 -0.08676600271894586
2.577729005025126 -0.11998565138287631
2.610245703517588 -0.15642924563172755
2.6427624020100504 -0.19451246618416462
2.6752791005025127 -0.23277842817338978
2.707795798994975 -0.2699260517750304
2.7403124974874373 -0.30483315371981234
2.7728291959798996 -0.33657285231987544
2.805345894472362 -0.3644223961771331
2.8378625929648242 -0.3878641071815423
2.8703792914572865 -0.40657870198845103
2.902895989949749 -0.4204317647367475
2.935412688442211 -0.4294545451645604
2.9679293869346735 -0.43382052591300635
3.0004460854271358 -0.43381933299269804
3.032962783919598 -0.42982956102031267
3.0654794824120604 -0.4222919680195787
3.0979961809045227 -0.41168428888369135
3.130512879396985 -0.3984986512615478
3.1630295778894473 -0.3832222822780409
3.1955462763819096 -0.3663218964092039
3.228062974874372 -0.3482318769780477
3.260579673366834 -0.32934612361742666
3.2930963718592965 -0.31001324717647094
3.325613070351759 -0.2905346575994372
3.358129768844221 -0.2711650096878202
3.3906464673366834 -0.2521144424164845
3.4231631658291457 -0.233552062414617
3.455679864321608 -0.21561017201503319
3.4881965628140703 -0.19838881661445384
3.5207132613065326 -0.18196031462315432
3.553229959798995 -0.16637352646375803
3.5857466582914572 -0.1516577087381279
3.6182633567839195 -0.1378258794231897
3.650780055276382 -0.12487768534958832
3.683296753768844 -0.11280181180273985
3.7158134522613064 -0.10157800521500349
3.7483301507537687 -0.0911787945310607
3.780846849246231 -0.08157099707216275
3.8133635477386933 -0.0727170836340747
3.8458802462311557 -0.06457645862087702
3.878396944723618 -0.05710668787355644
3.9109136432160803 -0.05026468292732034
3.9434303417085426 -0.04400782870595776
3.975947040201005 -0.03829502448195399
4.008463738693467 -0.033087596884456616
4.0409804371859295 -0.028350039625934187
4.073497135678392 -0.024050537457014798
4.106013834170854 -0.020161240991114937
4.138530532663316 -0.016658273221651143
4.171047231155779 -0.013521466153406436
4.203563929648241 -0.010733845115282747
4.236080628140703 -0.008280897099950835
4.268597326633166 -0.006149676106417701
4.301114025125628 -0.004327811438713525
4.33363072361809 -0.002802493148067242
4.3661474221105525 -0.0015595116863096337
4.398664120603015 -0.0005824262922260459
4.431180819095477 0.0001480709121892687
4.463697517587939 0.0006545397935724395
4.496214216080402 0.0009628852881746752
4.528730914572864 0.001102134036671032
4.561247613065326 0.0011038862621717271
4.593764311557789 0.0010014501920068142
4.626281010050251 0.0008286808558750636
4.658797708542713 0.0006185591501548515
4.6913144070351755 0.00040156256113732525
4.723831105527638 0.00020389947655985452
4.7563478040201 4.5710223673722794e-5
4.7888645025125625 -6.0612096206114074e-5
4.821381201005025 -0.00011174842796890516
4.853897899497487 -0.00011407273484564939
4.886414597989949 -8.302383122327228e-5
4.918931296482412 -4.0425117219911044e-5
4.951447994974874 -8.57471542303756e-6
4.983964693467336 5.800184226245619e-7
5.016481391959799 0.0
5.048998090452261 0.0
5.081514788944723 0.0
5.1140314874371855 0.0
5.146548185929648 0.0
5.179064884422111 0.0
5.211581582914573 0.0
5.244098281407036 0.0
5.276614979899498 0.0
5.30913167839196 0.0
5.3416483768844225 0.0
5.374165075376885 0.0
5.406681773869347 0.0
5.439198472361809 0.0
5.471715170854272 0.0
5.504231869346734 0.0
5.536748567839196 0.0
5.569265266331659 0.0
5.601781964824121 0.0
5.634298663316583 0.0
5.6668153618090455 0.0
5.699332060301508 0.0
5.73184875879397 0.0
5.7643654572864325 0.0
5.796882155778895 0.0
5.829398854271357 0.0
5.861915552763819 0.0
5.894432251256282 0.0
5.926948949748744 0.0
5.959465648241206 0.0
5.991982346733669 0.0
6.024499045226131 0.0
6.057015743718593 0.0
6.0895324422110555 0.0
6.122049140703518 0.0
6.15456583919598 0.0
6.187082537688442 0.0
6.219599236180905 0.0
6.252115934673367 0.0
6.284632633165829 0.0
6.317149331658292 0.0
6.349666030150754 0.0
6.382182728643216 0.0
6.4146994271356785 0.0
6.447216125628141 0.0
6.479732824120603 0.0
6.5122495226130654 0.0
6.544766221105528 0.0
6.57728291959799 0.0
6.609799618090452 0.0
6.642316316582915 0.0
6.674833015075377 0.0
6.707349713567839 0.0
6.739866412060302 0.0
6.772383110552764 0.0
6.804899809045226 0.0
6.8374165075376885 0.0
6.869933206030151 0.0
6.902449904522613 0.0
6.934966603015075 0.0
6.967483301507538 0.0
7.0 0.0
