0.529177 97.87737620353255
0.5616936984924623 81.73903248529342
0.5942103969849246 67.62159359074059
0.6267270954773869 55.31645780421496
0.6592437939698492 44.65577700624078
0.6917604924623115 35.467257460421195
0.7242771909547738 27.593534577832088
0.7567938894472361 20.90091854276858
0.7893105879396984 15.259983886338205
0.8218272864321609 10.53379225802081
0.8543439849246232 6.590816297070717
0.8868606834170855 3.3223943188884277
0.9193773819095478 0.6427012149418374
0.9518940804020101 -1.5255609920407665
0.9844107788944724 -3.2613288759410466
1.0169274773869346 -4.641581803025531
1.049444175879397 -5.730975926353608
1.0819608743718594 -6.576890716362755
1.1144775728643217 -7.214054475411444
1.146994271356784 -7.673166312329272
1.1795109698492463 -7.985854144492066
1.2120276683417086 -8.183393081416227
1.244544366834171 -8.292334761934171
1.2770610653266332 -8.331689765714543
1.3095777638190955 -8.313750175651364
1.3420944623115578 -8.24731476315344
1.3746111608040201 -8.14070280965717
1.4071278592964824 -8.002850020259132
1.4396445577889447 -7.842564574103278
1.472161256281407 -7.6671725114633205
1.5046779547738693 -7.481755958616759
1.5371946532663316 -7.28940678834806
1.569711351758794 -7.0921335353579025
1.6022280502512563 -6.891754844082243
1.6347447487437186 -6.690308400529602
1.6672614472361809 -6.489917065315467
1.6997781457286432 -6.292374725845548
1.7322948442211055 -6.098793214363923
1.7648115427135678 -5.909522644679043
1.79732824120603 -5.724354330444271
1.8298449396984924 -5.542865706088321
1.8623616381909547 -5.364729032787579
1.894878336683417 -5.189864680210292
1.9273950351758793 -5.01841877612344
1.9599117336683418 -4.85062672441677
1.9924284321608041 -4.686656944210313
2.024945130653266 -4.526512827259921
2.0574618291457285 -4.37002614864582
2.089978527638191 -4.2169283754655
2.122495226130653 -4.066956889013056
2.1550119246231154 -3.919947945807337
2.1875286231155777 -3.7758828335307726
2.22004532160804 -3.6348775365956953
2.2525620201005023 -3.497128298839641
2.2850787185929646 -3.3628383893616274
2.317595417085427 -3.232152920174258
2.3501121155778892 -3.105120927318808
2.3826288140703515 -2.981691744360262
2.4151455125628143 -2.861740866987418
2.4476622110552766 -2.7451125832745333
2.480178909547739 -2.631664114081161
2.512695608040201 -2.5212984045233497
2.5452123065326635 -2.4139782592333177
2.577729005025126 -2.3097209874494524
2.610245703517588 -2.208578158539126
2.6427624020100504 -2.1106082372779156
2.6752791005025127 -2.015850417611034
2.707795798994975 -1.9243063000122334
2.7403124974874373 -1.8359330256367912
2.7728291959798996 -1.7506480988378712
2.805345894472362 -1.668343274362769
2.8378625929648242 -1.5889031247697858
2.8703792914572865 -1.5122234368233194
2.902895989949749 -1.4382252814399408
2.935412688442211 -1.3668620997956964
2.9679293869346735 -1.2981189865377587
3.0004460854271358 -1.232005085403216
3.032962783919598 -1.1685413044739335
3.0654794824120604 -1.1077462217862717
3.0979961809045227 -1.0496230593700488
3.130512879396985 -0.9941500593112664
3.1630295778894473 -0.9412756894710128
3.1955462763819096 -0.8909190632303421
3.228062974874372 -0.8429749875238599
3.260579673366834 -0.7973223179843671
3.2930963718592965 -0.7538338924262575
3.325613070351759 -0.7123862553278286
3.358129768844221 -0.6728676350156775
3.3906464673366834 -0.6351831058677249
3.4231631658291457 -0.5992564513500724
3.455679864321608 -0.5650288301378623
3.4881965628140703 -0.5324548434737721
3.5207132613065326 -0.5014969420916486
3.553229959798995 -0.4721192640114964
3.5857466582914572 -0.4442819618255953
3.6182633567839195 -0.41793688885030633
3.650780055276382 -0.3930252157937275
3.683296753768844 -0.36947720057412425
3.7158134522613064 -0.34721399038352274
3.7483301507537687 -0.3261510454271388
3.780846849246231 -0.3062025725297417
3.8133635477386933 -0.28728626190047635
3.8458802462311557 -0.26932763298555074
3.878396944723618 -0.25226340211401066
3.9109136432160803 -0.23604346126751352
3.9434303417085426 -0.22063127320143394
3.975947040201005 -0.2060027111572822
4.008463738693467 -0.1921435720721547
4.0409804371859295 -0.1790461470962441
4.073497135678392 -0.16670532716659636
4.106013834170854 -0.1551147482397255
4.138530532663316 -0.14426344323777585
4.171047231155779 -0.1341333759672807
4.203563929648241 -0.12469810184808239
4.236080628140703 -0.11592264993606705
4.268597326633166 -0.10776456970648951
4.301114025125628 -0.100175952011341
4.33363072361809 -0.09310613067140139
4.3661474221105525 -0.08650470872748883
4.398664120603015 -0.08032453558024599
4.431180819095477 -0.07452428691931345
4.463697517587939 -0.06907036265948818
4.496214216080402 -0.063937909579181
4.528730914572864 -0.059110883183905116
4.561247613065326 -0.054581174797647236
4.593764311557789 -0.05034693279031899
4.626281010050251 -0.04641029070518243
4.658797708542713 -0.042774772015718554
4.6913144070351755 -0.03944266677251562
4.723831105527638 -0.03641266843590074
4.7563478040201 -0.03367802205497128
4.7888645025125625 -0.03122537288930971
4.821381201005025 -0.02903442505817111
4.853897899497487 -0.027078431675590764
4.886414597989949 -0.025325450461764376
4.918931296482412 -0.023740220787487942
4.951447994974874 -0.02228645697431375
4.983964693467336 -0.02092931395634423
5.016481391959799 -0.019637768222310115
5.048998090452261 -0.018386669846279347
5.081514788944723 -0.017158258393294545
5.1140314874371855 -0.015942992316809068
5.146548185929648 -0.014739612159644366
5.179064884422111 -0.013554435259493403
5.211581582914573 -0.012399956136334822
5.244098281407036 -0.01129289493565011
5.276614979899498 -0.010251889773542189
5.30913167839196 -0.00929506263383928
5.3416483768844225 -0.008437699566286483
5.374165075376885 -0.007690273455352781
5.406681773869347 -0.0070570029229770626
5.439198472361809 -0.006535087398106043
5.471715170854272 -0.006114691206732914
5.504231869346734 -0.005779675135897833
5.536748567839196 -0.005508999439427953
5.569265266331659 -0.005278654851053943
5.601781964824121 -0.005063924425257937
5.634298663316583 -0.004841744291752548
5.6668153618090455 -0.004592919330946188
5.699332060301508 -0.0043039619148430575
5.73184875879397 -0.003968357497683428
5.7643654572864325 -0.003587117009942631
5.796882155778895 -0.0031685476694747194
5.829398854271357 -0.0027272542716900716
5.861915552763819 -0.002282464452662225
5.894432251256282 -0.0018558456011419366
5.926948949748744 -0.0014690401465031755
5.959465648241206 -0.0011411830791416833
5.991982346733669 -0.0008866758279850728
6.024499045226131 -0.000713471505207508
6.057015743718593 -0.0006220783768640104
6.0895324422110555 -0.000605414633014334
6.122049140703518 -0.0006495544882341164
6.15456583919598 -0.0007353023368636968
6.187082537688442 -0.0008404290659314029
6.219599236180905 -0.0009423146542530958
6.252115934673367 -0.00102067570884401
6.284632633165829 -0.0010600260050068755
6.317149331658292 -0.0010515300373299397
6.349666030150754 -0.000993967590147804
6.382182728643216 -0.0008936297756463318
6.4146994271356785 -0.0007631063278381589
6.447216125628141 -0.0006190864715449607
6.479732824120603 -0.00047946192779591
6.5122495226130654 -0.00036016645810832415
6.544766221105528 -0.0002722850655914044
6.57728291959799 -0.0002199911818934197
6.609799618090452 -0.00019979967731842407
6.642316316582915 -0.00020144410342481933
6.674833015075377 -0.00021039936478928212
6.707349713567839 -0.00021169751420302418
6.739866412060302 -0.00019427247082148824
6.772383110552764 -0.00015469917968857771
6.804899809045226 -9.898090524984582e-5
6.8374165075376885 -4.114167774105226e-5
6.869933206030151 2.0037716694787377e-6
6.902449904522613 1.916935082135751e-5
6.934966603015075 1.290467156422892e-5
6.967483301507538 1.1374347650416894e-6
7.0 0.0
