0.529177 -11.734630380578892
0.5616936984924623 -7.015394650379676
0.5942103969849246 -2.451276130901533
0.6267270954773869 1.366667033164049
0.6592437939698492 4.0532811931552715
0.6917604924623115 5.445313126847395
0.7242771909547738 5.591850186609008
0.7567938894472361 4.71865941157921
0.7893105879396984 3.171182562955437
0.8218272864321609 1.3452291903067817
0.8543439849246232 -0.38316316815871687
0.8868606834170855 -1.7171563996307668
0.9193773819095478 -2.478551100628465
0.9518940804020101 -2.622055352796451
0.9844107788944724 -2.224196041484902
1.0169274773869346 -1.4514817233921349
1.049444175879397 -0.5160052769060712
1.0819608743718594 0.3716590229614667
1.1144775728643217 1.0428823385173018
1.146994271356784 1.3976946009570383
1.1795109698492463 1.4142972858062421
1.2120276683417086 1.1417697683027654
1.244544366834171 0.6797119005768764
1.2770610653266332 0.15072734640125418
1.3095777638190955 -0.3276898347594397
1.3420944623115578 -0.6660968253108877
1.3746111608040201 -0.8169860468660772
1.4071278592964824 -0.7781457952987694
1.4396445577889447 -0.5863998056593118
1.472161256281407 -0.30445263174624415
1.5046779547738693 -0.004549362307443516
1.5371946532663316 0.24727554640412563
1.569711351758794 0.4033012537183822
1.6022280502512563 0.4407379915301135
1.6347447487437186 0.3624144190616789
1.6672614472361809 0.19234148036775878
1.6997781457286432 -0.03215968158474425
1.7322948442211055 -0.26967996279199724
1.7648115427135678 -0.4832881010006531
1.79732824120603 -0.6468903334662173
1.8298449396984924 -0.7485125987132051
1.8623616381909547 -0.7903633342575631
1.894878336683417 -0.7861666724002134
1.9273950351758793 -0.7566879765890917
1.9599117336683418 -0.7245611807702517
1.9924284321608041 -0.7094795003213221
2.024945130653266 -0.7245786664425395
2.0574618291457285 -0.7744997316949593
2.089978527638191 -0.8552470448194072
2.122495226130653 -0.9556265092414833
2.1550119246231154 -1.05980957266911
2.1875286231155777 -1.1504443579542567
2.22004532160804 -1.2117274883348728
2.2525620201005023 -1.231939555687859
2.2850787185929646 -1.205102486346732
2.317595417085427 -1.1316021430375258
2.3501121155778892 -1.0178002256161562
2.3826288140703515 -0.874808770204254
2.4151455125628143 -0.7167010154626041
2.4476622110552766 -0.5584773687587585
2.480178909547739 -0.4140973998237314
2.512695608040201 -0.29483815069943375
2.5452123065326635 -0.2081598499462416
2.577729005025126 -0.15716807046919712
2.610245703517588 -0.14067113509372575
2.6427624020100504 -0.15375493529973028
2.6752791005025127 -0.18874214373863651
2.707795798994975 -0.2363727072806796
2.7403124974874373 -0.2870372513971233
2.7728291959798996 -0.3319112416047574
2.805345894472362 -0.3638699725961487
2.8378625929648242 -0.378106214431682
2.8703792914572865 -0.3724171355006547
2.902895989949749 -0.34716920656319417
2.935412688442211 -0.30498473839361395
2.9679293869346735 -0.2502186702513427
3.0004460854271358 -0.18830798143244465
3.032962783919598 -0.12507888008258305
3.0654794824120604 -0.0660901400824514
3.0979961809045227 -0.016076819116278784
3.130512879396985 0.02146026966693171
3.1630295778894473 0.044494849475086085
3.1955462763819096 0.05254120711470023
3.228062974874372 0.046559931619412964
3.260579673366834 0.028731451520798146
3.2930963718592965 0.0021348560931073735
3.325613070351759 -0.029626054030813975
3.358129768844221 -0.06280772735954088
3.3906464673366834 -0.09388521247092285
3.4231631658291457 -0.11985340936553257
3.455679864321608 -0.1384497598883172
3.4881965628140703 -0.14828673942065507
3.5207132613065326 -0.14889212093839888
3.553229959798995 -0.14066353784801322
3.5857466582914572 -0.12475075259135338
3.6182633567839195 -0.10288386276806705
3.650780055276382 -0.0771682985341613
3.683296753768844 -0.049867950334373745
3.7158134522613064 -0.02319635357162042
3.7483301507537687 0.0008670858442201279
3.780846849246231 0.020722869187011383
3.8133635477386933 0.035250868460934726
3.8458802462311557 0.04385994604854204
3.878396944723618 0.046488725103699835
3.9109136432160803 0.04356242946414568
3.9434303417085426 0.035913790119593614
3.975947040201005 0.024678100942765013
4.008463738693467 0.011173549166414887
4.0409804371859295 -0.003222016121071647
4.073497135678392 -0.017187570036185207
4.106013834170854 -0.02955992724491807
4.138530532663316 -0.039412666632415494
4.171047231155779 -0.04610875365870015
4.203563929648241 -0.04932514221036399
4.236080628140703 -0.04905001592851477
4.268597326633166 -0.045555421926110284
4.301114025125628 -0.039349726712316624
4.33363072361809 -0.031115499083171017
4.3661474221105525 -0.021639056958520086
4.398664120603015 -0.011738008684915258
4.431180819095477 -0.0021927166817476973
4.463697517587939 0.006313212257737177
4.496214216080402 0.013239451300250948
4.528730914572864 0.018219887639133958
4.561247613065326 0.021076804725453258
4.593764311557789 0.021818567873197026
4.626281010050251 0.020622354591978365
4.658797708542713 0.017804539429562283
4.6913144070351755 0.013782129195533344
4.723831105527638 0.009029108641698258
4.7563478040201 0.004031685644804384
4.7888645025125625 -0.0007537696892541135
4.821381201005025 -0.00493678071325121
4.853897899497487 -0.008220221183364629
4.886414597989949 -0.01041746396185772
4.918931296482412 -0.011458484545073588
4.951447994974874 -0.011385163410523091
4.983964693467336 -0.010336942274079775
5.016481391959799 -0.008528760701665306
5.048998090452261 -0.006223774233149015
5.081514788944723 -0.0037036922367406078
5.1140314874371855 -0.0012396521324262721
5.146548185929648 0.0009336346738564316
5.179064884422111 0.002638151114297216
5.211581582914573 0.0037655652122339234
5.244098281407036 0.004282019182937802
5.276614979899498 0.004224637837978662
5.30913167839196 0.003690523439217941
5.3416483768844225 0.002819772858856595
5.374165075376885 0.0017746696357789915
5.406681773869347 0.0007176028357207542
5.439198472361809 -0.00020960216170351487
5.471715170854272 -0.0009024170121847419
5.504231869346734 -0.00130434147285996
5.536748567839196 -0.0014102930381341139
5.569265266331659 -0.0012622555732377805
5.601781964824121 -0.0009378521044709487
5.634298663316583 -0.0005335817895684158
5.6668153618090455 -0.00014540933443640824
5.699332060301508 0.00014993461445556022
5.73184875879397 0.00030934554342820775
5.7643654572864325 0.00033017079113051295
5.796882155778895 0.00024723904971324373
5.829398854271357 0.00011965072735620197
5.861915552763819 9.425471944268793e-6
5.894432251256282 -4.2709832996479236e-5
5.926948949748744 -3.550859764800407e-5
5.959465648241206 -6.864711394882761e-6
5.991982346733669 6.013015081407502e-7
6.024499045226131 0.0
6.057015743718593 0.0
6.0895324422110555 0.0
6.122049140703518 0.0
6.15456583919598 0.0
6.187082537688442 0.0
6.219599236180905 0.0
6.252115934673367 0.0
6.284632633165829 0.0
6.317149331658292 0.0
6.349666030150754 0.0
6.382182728643216 0.0
6.4146994271356785 0.0
6.447216125628141 0.0
6.479732824120603 0.0
6.5122495226130654 0.0
6.544766221105528 0.0
6.57728291959799 0.0
6.609799618090452 0.0
6.642316316582915 0.0
6.674833015075377 0.0
6.707349713567839 0.0
6.739866412060302 0.0
6.772383110552764 0.0
6.804899809045226 0.0
6.8374165075376885 0.0
6.869933206030151 0.0
6.902449904522613 0.0
6.934966603015075 0.0
6.967483301507538 0.0
7.0 0.0
