0.529177 -28.565351930032193
0.5616936984924623 -44.003128525167995
0.5942103969849246 -53.867756914214624
0.6267270954773869 -58.64799389612381
0.6592437939698492 -58.877875343434425
0.6917604924623115 -55.18012303196883
0.7242771909547738 -48.27944109059354
0.7567938894472361 -38.988992858186975
0.7893105879396984 -28.1750415075403
0.8218272864321609 -16.706667133797964
0.8543439849246232 -5.398908015831694
0.8868606834170855 5.041890016771504
0.9193773819095478 14.062523318336389
0.9518940804020101 21.29114036717874
0.9844107788944724 26.545966067631525
1.0169274773869346 29.824428800084206
1.049444175879397 31.27549901958446
1.0819608743718594 31.16026556154793
1.1144775728643217 29.806966326936163
1.146994271356784 27.56675054567495
1.1795109698492463 24.775499474750177
1.2120276683417086 21.72536541064801
1.244544366834171 18.647694856046655
1.2770610653266332 15.707075209074901
1.3095777638190955 13.004706146284661
1.3420944623115578 10.588342107075732
1.3746111608040201 8.465733514249223
1.4071278592964824 6.61873704106074
1.4396445577889447 5.01590662333183
1.472161256281407 3.6222155579125683
1.5046779547738693 2.405403055738134
1.5371946532663316 1.3391372198675526
1.569711351758794 0.4036545070612192
1.6022280502512563 -0.4152483891866723
1.6347447487437186 -1.1279996376233612
1.6672614472361809 -1.7431060764865833
1.6997781457286432 -2.268610464887388
1.7322948442211055 -2.712940373679885
1.7648115427135678 -3.0851487276340777
1.79732824120603 -3.3946874050816405
1.8298449396984924 -3.650919870358848
1.8623616381909547 -3.86257736220432
1.894878336683417 -4.037316536205253
1.9273950351758793 -4.1814684270739235
1.9599117336683418 -4.300000186134639
1.9924284321608041 -4.39665709937799
2.024945130653266 -4.474220353891724
2.0574618291457285 -4.53480660601781
2.089978527638191 -4.580144399937126
2.122495226130653 -4.611783031086816
2.1550119246231154 -4.631214190103492
2.1875286231155777 -4.639909437779352
2.22004532160804 -4.63929309957166
2.2525620201005023 -4.630678711886503
2.2850787185929646 -4.61519794841297
2.317595417085427 -4.59374571531589
2.3501121155778892 -4.56695629179012
2.3826288140703515 -4.535215553036323
2.4151455125628143 -4.4987055731889996
2.4476622110552766 -4.457471680550952
2.480178909547739 -4.411498945459243
2.512695608040201 -4.360785026177837
2.5452123065326635 -4.305398659220373
2.577729005025126 -4.245516946270072
2.610245703517588 -4.1814389847877464
2.6427624020100504 -4.11357745758869
2.6752791005025127 -4.042432917440237
2.707795798994975 -3.968557343028806
2.7403124974874373 -3.892514046119686
2.7728291959798996 -3.8148403463674185
2.805345894472362 -3.736017919556616
2.8378625929648242 -3.656453754438189
2.8703792914572865 -3.5764726038178196
2.902895989949749 -3.496320005344387
2.935412688442211 -3.416173597150191
2.9679293869346735 -3.336159673945076
3.0004460854271358 -3.256371726994985
3.032962783919598 -3.1768880098006775
3.0654794824120604 -3.0977858366914006
3.0979961809045227 -3.019151194128426
3.130512879396985 -2.941083165429518
3.1630295778894473 -2.863693502074966
3.1955462763819096 -2.7871023192055873
3.228062974874372 -2.711431292904308
3.260579673366834 -2.63679587864317
3.2930963718592965 -2.563297977352704
3.325613070351759 -2.491020198298429
3.358129768844221 -2.420022472859273
3.3906464673366834 -2.3503413314447243
3.4231631658291457 -2.2819917331198667
3.455679864321608 -2.2149709871682717
3.4881965628140703 -2.149264063962619
3.5207132613065326 -2.084849475653755
3.553229959798995 -2.021704914423026
3.5857466582914572 -1.9598119502916234
3.6182633567839195 -1.8991592841230158
3.650780055276382 -1.8397442903715273
3.683296753768844 -1.781572832915117
3.7158134522613064 -1.7246575636581838
3.7483301507537687 -1.669015091509209
3.780846849246231 -1.6146625216388202
3.8133635477386933 -1.5616139039939299
3.8458802462311557 -1.509877097707431
3.878396944723618 -1.4594514644977608
3.9109136432160803 -1.4103266656074993
3.9434303417085426 -1.3624826736449904
3.975947040201005 -1.315890944299099
4.008463738693467 -1.2705165433944785
4.0409804371859295 -1.2263209092889156
4.073497135678392 -1.1832648609670287
4.106013834170854 -1.1413114445149404
4.138530532663316 -1.1004282448939193
4.171047231155779 -1.0605888700883952
4.203563929648241 -1.0217734299585572
4.236080628140703 -0.9839679679935216
4.268597326633166 -0.9471629443341953
4.301114025125628 -0.9113509961425734
4.33363072361809 -0.8765243017533066
4.3661474221105525 -0.8426719358012633
4.398664120603015 -0.8097776159047498
4.431180819095477 -0.7778182046877191
4.463697517587939 -0.7467632463722111
4.496214216080402 -0.7165756926497124
4.528730914572864 -0.6872138202088536
4.561247613065326 -0.6586341779220675
4.593764311557789 -0.6307952431998274
4.626281010050251 -0.6036613326523366
4.658797708542713 -0.5772062194337195
4.6913144070351755 -0.5514158724581648
4.723831105527638 -0.5262897613956738
4.7563478040201 -0.5018402699497528
4.7888645025125625 -0.47808992639875214
4.821381201005025 -0.4550663853606238
4.853897899497487 -0.4327953624051588
4.886414597989949 -0.4112920112456777
4.918931296482412 -0.39055151487264084
4.951447994974874 -0.37053990675303794
4.983964693467336 -0.3511863153617014
5.016481391959799 -0.33237790476778173
5.048998090452261 -0.3139587411988032
5.081514788944723 -0.2957336320523609
5.1140314874371855 -0.2774776520782325
5.146548185929648 -0.25895159579340543
5.179064884422111 -0.23992299452038424
5.211581582914573 -0.22019164519952028
5.244098281407036 -0.19961786691783345
5.276614979899498 -0.17815099534891488
5.30913167839196 -0.1558550238933094
5.3416483768844225 -0.13292789129809535
5.374165075376885 -0.10971079137925699
5.406681773869347 -0.0866841306869901
5.439198472361809 -0.06444746252418554
5.471715170854272 -0.04368193572736345
5.504231869346734 -0.025095533643252566
5.536748567839196 -0.009353611885671853
5.569265266331659 0.003000126114784507
5.601781964824121 0.011624234310147585
5.634298663316583 0.01645096714673855
5.6668153618090455 0.017735560793880722
5.699332060301508 0.01606917862955015
5.73184875879397 0.012342014797468437
5.7643654572864325 0.007646526359167183
5.796882155778895 0.003118253775028279
5.829398854271357 -0.00027533973661775235
5.861915552763819 -0.0019673624010465574
5.894432251256282 -0.001985120650715544
5.926948949748744 -0.0010033413600467611
5.959465648241206 -9.950175808626227e-5
5.991982346733669 2.0034092813148163e-5
6.024499045226131 0.0
6.057015743718593 0.0
6.0895324422110555 0.0
6.122049140703518 0.0
6.15456583919598 0.0
6.187082537688442 0.0
6.219599236180905 0.0
6.252115934673367 0.0
6.284632633165829 0.0
6.317149331658292 0.0
6.349666030150754 0.0
6.382182728643216 0.0
6.4146994271356785 0.0
6.447216125628141 0.0
6.479732824120603 0.0
6.5122495226130654 0.0
6.544766221105528 0.0
6.57728291959799 0.0
6.609799618090452 0.0
6.642316316582915 0.0
6.674833015075377 0.0
6.707349713567839 0.0
6.739866412060302 0.0
6.772383110552764 0.0
6.804899809045226 0.0
6.8374165075376885 0.0
6.869933206030151 0.0
6.902449904522613 0.0
6.934966603015075 0.0
6.967483301507538 0.0
7.0 0.0
