0.529177 -28.56534433921479
0.5616936984924623 -44.003126105630145
0.5942103969849246 -53.867758270034756
0.6267270954773869 -58.64799788014352
0.6592437939698492 -58.877881020785935
0.6917604924623115 -55.180129653066615
0.7242771909547738 -48.279448069342834
0.7567938894472361 -38.98899975272616
0.7893105879396984 -28.175048001990945
0.8218272864321609 -16.7066730202514
0.8543439849246232 -5.398913176430142
0.8868606834170855 5.041885627470037
0.9193773819095478 14.062519690301997
0.9518940804020101 21.29113745063296
0.9844107788944724 26.545963787080836
1.0169274773869346 29.824427066279895
1.049444175879397 31.275497739161437
1.0819608743718594 31.1602646442916
1.1144775728643217 29.80696569077554
1.146994271356784 27.566750119625794
1.1795109698492463 24.7754992001519
1.2120276683417086 21.72536524107818
1.244544366834171 18.647694756318742
1.2770610653266332 15.707075153670303
1.3095777638190955 13.00470611754281
1.3420944623115578 10.588342093396932
1.3746111608040201 8.465733508443009
1.4071278592964824 6.618737038974359
1.4396445577889447 5.015906622767943
1.472161256281407 3.6222155578379898
1.5046779547738693 2.4054030557526858
1.5371946532663316 1.3391372198657336
1.569711351758794 0.4036545070430293
1.6022280502512563 -0.4152483891994052
1.6347447487437186 -1.1279996376215422
1.6672614472361809 -1.7431060764720314
1.6997781457286432 -2.268610464871017
1.7322948442211055 -2.712940373672609
1.7648115427135678 -3.0851487276377156
1.79732824120603 -3.3946874050925544
1.8298449396984924 -3.6509198703734
1.8623616381909547 -3.8625773622152337
1.894878336683417 -4.037316536207072
1.9273950351758793 -4.1814684270684666
1.9599117336683418 -4.300000186121906
1.9924284321608041 -4.396657099365257
2.024945130653266 -4.47422035388081
2.0574618291457285 -4.534806606012353
2.089978527638191 -4.580144399938945
2.122495226130653 -4.611783031095911
2.1550119246231154 -4.631214190114406
2.1875286231155777 -4.639909437792085
2.22004532160804 -4.639293099578936
2.2525620201005023 -4.630678711890141
2.2850787185929646 -4.615197948409332
2.317595417085427 -4.593745715308614
2.3501121155778892 -4.566956291779206
2.3826288140703515 -4.5352155530254095
2.4151455125628143 -4.498705573181724
2.4476622110552766 -4.4574716805473145
2.480178909547739 -4.411498945462881
2.512695608040201 -4.360785026185113
2.5452123065326635 -4.305398659231287
2.577729005025126 -4.245516946280986
2.610245703517588 -4.18143898479866
2.6427624020100504 -4.113577457594147
2.6752791005025127 -4.042432917440237
2.707795798994975 -3.968557343023349
2.7403124974874373 -3.892514046110591
2.7728291959798996 -3.8148403463546856
2.805345894472362 -3.736017919543883
2.8378625929648242 -3.6564537544254563
2.8703792914572865 -3.5764726038087247
2.902895989949749 -3.49632000533893
2.935412688442211 -3.41617359715201
2.9679293869346735 -3.336159673954171
3.0004460854271358 -3.2563717270058987
3.032962783919598 -3.1768880098152295
3.0654794824120604 -3.0977858367059525
3.0979961809045227 -3.019151194141159
3.130512879396985 -2.941083165438613
3.1630295778894473 -2.863693502076785
3.1955462763819096 -2.7871023192001303
3.228062974874372 -2.711431292893394
3.260579673366834 -2.636795878626799
3.2930963718592965 -2.563297977332695
3.325613070351759 -2.491020198276601
3.358129768844221 -2.420022472839264
3.3906464673366834 -2.3503413314301724
3.4231631658291457 -2.2819917331107717
3.455679864321608 -2.2149709871682717
3.4881965628140703 -2.149264063969895
3.5207132613065326 -2.0848494756683067
3.553229959798995 -2.021704914443035
3.5857466582914572 -1.9598119503152702
3.6182633567839195 -1.8991592841484817
3.650780055276382 -1.8397442903933552
3.683296753768844 -1.781572832931488
3.7158134522613064 -1.7246575636690977
3.7483301507537687 -1.669015091511028
3.780846849246231 -1.6146625216333632
3.8133635477386933 -1.561613903979378
3.8458802462311557 -1.509877097687422
3.878396944723618 -1.459451464474114
3.9109136432160803 -1.4103266655820335
3.9434303417085426 -1.3624826736231626
3.975947040201005 -1.315890944282728
4.008463738693467 -1.2705165433853836
4.0409804371859295 -1.2263209092870966
4.073497135678392 -1.1832648609761236
4.106013834170854 -1.1413114445331303
4.138530532663316 -1.1004282449175662
4.171047231155779 -1.060588870117499
4.203563929648241 -1.021773429987661
4.236080628140703 -0.9839679680189874
4.268597326633166 -0.9471629443542042
4.301114025125628 -0.9113509961534874
4.33363072361809 -0.8765243017533066
4.3661474221105525 -0.8426719357903494
4.398664120603015 -0.809777615884741
4.431180819095477 -0.7778182046604343
4.463697517587939 -0.7467632463394693
4.496214216080402 -0.7165756926169706
4.528730914572864 -0.6872138201797497
4.561247613065326 -0.6586341779038776
4.593764311557789 -0.6307952431925514
4.626281010050251 -0.6036613326577935
4.658797708542713 -0.5772062194519094
4.6913144070351755 -0.5514158724890876
4.723831105527638 -0.5262897614338726
4.7563478040201 -0.5018402699897706
4.7888645025125625 -0.47808992643331294
4.821381201005025 -0.4550663853842707
4.853897899497487 -0.43279536241243477
4.886414597989949 -0.41129201123840176
4.918931296482412 -0.39055151485081296
4.951447994974874 -0.37053990673121007
4.983964693467336 -0.35118631535806344
5.016481391959799 -0.3323779048096185
5.048998090452261 -0.31395874132431345
5.081514788944723 -0.29573363230701943
5.1140314874371855 -0.27747765251478995
5.146548185929648 -0.2589515964718885
5.179064884422111 -0.23992299549536256
5.211581582914573 -0.22019164652920153
5.244098281407036 -0.19961786864951137
5.276614979899498 -0.17815099751533126
5.30913167839196 -0.15585502650901617
5.3416483768844225 -0.13292789435581653
5.374165075376885 -0.10971079484261281
5.406681773869347 -0.08668413449231593
5.439198472361809 -0.06444746658053191
5.471715170854272 -0.04368193992013403
5.504231869346734 -0.02509553783784213
5.536748567839196 -0.009353615936561255
5.569265266331659 0.0030001223494764417
5.601781964824121 0.011624230961388093
5.634298663316583 0.016450964316391037
5.6668153618090455 0.01773555854560982
5.699332060301508 0.016069176981545752
5.73184875879397 0.012342013715169742
5.7643654572864325 0.00764652575708169
5.796882155778895 0.0031182535294647096
5.829398854271357 -0.000275339762083604
5.861915552763819 -0.001967362341019907
5.894432251256282 -0.00198512060160283
5.926948949748744 -0.0010033413564087823
5.959465648241206 -9.95017762761563e-5
5.991982346733669 2.003409099415876e-5
6.024499045226131 0.0
6.057015743718593 0.0
6.0895324422110555 0.0
6.122049140703518 0.0
6.15456583919598 0.0
6.187082537688442 0.0
6.219599236180905 0.0
6.252115934673367 0.0
6.284632633165829 0.0
6.317149331658292 0.0
6.349666030150754 0.0
6.382182728643216 0.0
6.4146994271356785 0.0
6.447216125628141 0.0
6.479732824120603 0.0
6.5122495226130654 0.0
6.544766221105528 0.0
6.57728291959799 0.0
6.609799618090452 0.0
6.642316316582915 0.0
6.674833015075377 0.0
6.707349713567839 0.0
6.739866412060302 0.0
6.772383110552764 0.0
6.804899809045226 0.0
6.8374165075376885 0.0
6.869933206030151 0.0
6.902449904522613 0.0
6.934966603015075 0.0
6.967483301507538 0.0
7.0 0.0
