0.529177 -0.08199371203437522
0.5616936984924623 -0.02448237972083689
0.5942103969849246 0.05573155861856094
0.6267270954773869 0.03951134944787782
0.6592437939698492 -0.03224593357202821
0.6917604924623115 -0.04513976210370174
0.7242771909547738 0.011501141547284988
0.7567938894472361 0.044724314075551774
0.7893105879396984 0.007397547931702775
0.8218272864321609 -0.03893608237586932
0.8543439849246232 -0.024763395330410276
0.8868606834170855 0.026795043288302622
0.9193773819095478 0.03945945014163499
0.9518940804020101 -0.006369928573803918
0.9844107788944724 -0.04782645618456627
1.0169274773869346 -0.024389599250241645
1.049444175879397 0.04190953676305753
1.0819608743718594 0.06693611257719567
1.1144775728643217 -0.005688914769336861
1.146994271356784 -0.147665716472261
1.1795109698492463 -0.2746270008575493
1.2120276683417086 -0.3204967710240112
1.244544366834171 -0.28394185544084394
1.2770610653266332 -0.2147732779531566
1.3095777638190955 -0.16660936347204824
1.3420944623115578 -0.16142274539311074
1.3746111608040201 -0.18769009333720987
1.4071278592964824 -0.22082717486273395
1.4396445577889447 -0.24237440094913154
1.472161256281407 -0.24520484554216182
1.5046779547738693 -0.2285229346461506
1.5371946532663316 -0.19304180492110845
1.569711351758794 -0.14169708220424582
1.6022280502512563 -0.08307174317207
1.6347447487437186 -0.031641877964887044
1.6672614472361809 -0.0024069772574648596
1.6997781457286432 -0.002984731700962584
1.7322948442211055 -0.028758726018224934
1.7648115427135678 -0.06458190318562629
1.79732824120603 -0.09206214876707008
1.8298449396984924 -0.09806851883161016
1.8623616381909547 -0.07984649903011132
1.894878336683417 -0.044624415289035824
1.9273950351758793 -0.004834148094801094
1.9599117336683418 0.027931145808338442
1.9924284321608041 0.04715747802151782
2.024945130653266 0.05238283034231017
2.0574618291457285 0.04736634940707063
2.089978527638191 0.0371128591562524
2.122495226130653 0.02547032303107244
2.1550119246231154 0.014224143330409333
2.1875286231155777 0.003596680554608156
2.22004532160804 -0.006613536713416579
2.2525620201005023 -0.01611397696444783
2.2850787185929646 -0.023912799285483288
2.317595417085427 -0.028791474393017324
2.3501121155778892 -0.030042127713727496
2.3826288140703515 -0.027978556373000174
2.4151455125628143 -0.023923612559940466
2.4476622110552766 -0.01968901273363599
2.480178909547739 -0.016822031523986425
2.512695608040201 -0.015984438691418745
2.5452123065326635 -0.01673825422705022
2.577729005025126 -0.017809482621203188
2.610245703517588 -0.017690194027466077
2.6427624020100504 -0.015311103626117983
2.6752791005025127 -0.010511928827384054
2.707795798994975 -0.0041399380235702665
2.7403124974874373 0.0022366850326420717
2.7728291959798996 0.0068709763200445195
2.805345894472362 0.008425947265266132
2.8378625929648242 0.006405207878287911
2.8703792914572865 0.0012949481076134362
2.902895989949749 -0.005604306207715126
2.935412688442211 -0.01257569299542638
2.9679293869346735 -0.017970671941895944
3.0004460854271358 -0.020628367310791873
3.032962783919598 -0.020117119518943127
3.0654794824120604 -0.016753763779490782
3.0979961809045227 -0.011427146241260289
3.130512879396985 -0.005304258455396393
3.1630295778894473 0.00048234625575105383
3.1955462763819096 0.005079185614874859
3.228062974874372 0.008036933350012987
3.260579673366834 0.009307976501759185
3.2930963718592965 0.009146111284223934
3.325613070351759 0.007959595215197623
3.358129768844221 0.006170774236181842
3.3906464673366834 0.004121034748948205
3.4231631658291457 0.0020364386862752326
3.455679864321608 4.6039062453928636e-5
3.4881965628140703 -0.0017710650967046604
3.5207132613065326 -0.003338578558214067
3.553229959798995 -0.004558252379240457
3.5857466582914572 -0.00531680238179888
3.6182633567839195 -0.0055190840719774314
3.650780055276382 -0.005131200231858202
3.683296753768844 -0.004213500703940554
3.7158134522613064 -0.0029275250532236896
3.7483301507537687 -0.0015107867117194473
3.780846849246231 -0.00022509836372819336
3.8133635477386933 0.000706285020555697
3.8458802462311557 0.0011532531364650822
3.878396944723618 0.0011081491525146703
3.9109136432160803 0.000680843637610451
3.9434303417085426 6.147113782617453e-5
3.975947040201005 -0.0005372309953486365
4.008463738693467 -0.0009400471281537648
4.0409804371859295 -0.0010538192238982447
4.073497135678392 -0.0008839784183578558
4.106013834170854 -0.0005200571768568807
4.138530532663316 -9.715788604580666e-5
4.171047231155779 0.00025236662219185746
4.203563929648241 0.0004405343003099915
4.236080628140703 0.0004455858494907261
4.268597326633166 0.00030871380840835627
4.301114025125628 0.00010950471659043615
4.33363072361809 -6.87428798187284e-5
4.3661474221105525 -0.00016984473717229776
4.398664120603015 -0.00018037780881741128
4.431180819095477 -0.00012580986714283426
4.463697517587939 -5.119638439055052e-5
4.496214216080402 3.173898164732236e-6
4.528730914572864 1.9400592577767384e-5
4.561247613065326 5.253271069705079e-6
4.593764311557789 -1.6663950361817115e-5
4.626281010050251 -2.607230811690897e-5
4.658797708542713 -1.7563522760610795e-5
4.6913144070351755 -1.0171067970077274e-6
4.723831105527638 9.188805165649683e-6
4.7563478040201 7.016855590791238e-6
4.7888645025125625 -1.253147786428599e-6
4.821381201005025 -5.2833289032605535e-6
4.853897899497487 -2.4086021994662588e-6
4.886414597989949 9.669951737123483e-7
4.918931296482412 4.530409682956815e-7
4.951447994974874 -2.739747060331865e-7
4.983964693467336 3.800636250161915e-8
5.016481391959799 0.0
5.048998090452261 0.0
5.081514788944723 0.0
5.1140314874371855 0.0
5.146548185929648 0.0
5.179064884422111 0.0
5.211581582914573 0.0
5.244098281407036 0.0
5.276614979899498 0.0
5.30913167839196 0.0
5.3416483768844225 0.0
5.374165075376885 0.0
5.406681773869347 0.0
5.439198472361809 0.0
5.471715170854272 0.0
5.504231869346734 0.0
5.536748567839196 0.0
5.569265266331659 0.0
5.601781964824121 0.0
5.634298663316583 0.0
5.6668153618090455 0.0
5.699332060301508 0.0
5.73184875879397 0.0
5.7643654572864325 0.0
5.796882155778895 0.0
5.829398854271357 0.0
5.861915552763819 0.0
5.894432251256282 0.0
5.926948949748744 0.0
5.959465648241206 0.0
5.991982346733669 0.0
6.024499045226131 0.0
6.057015743718593 0.0
6.0895324422110555 0.0
6.122049140703518 0.0
6.15456583919598 0.0
6.187082537688442 0.0
6.219599236180905 0.0
6.252115934673367 0.0
6.284632633165829 0.0
6.317149331658292 0.0
6.349666030150754 0.0
6.382182728643216 0.0
6.4146994271356785 0.0
6.447216125628141 0.0
6.479732824120603 0.0
6.5122495226130654 0.0
6.544766221105528 0.0
6.57728291959799 0.0
6.609799618090452 0.0
6.642316316582915 0.0
6.674833015075377 0.0
6.707349713567839 0.0
6.739866412060302 0.0
6.772383110552764 0.0
6.804899809045226 0.0
6.8374165075376885 0.0
6.869933206030151 0.0
6.902449904522613 0.0
6.934966603015075 0.0
6.967483301507538 0.0
7.0 0.0
