0.529177 -18.153988335843678
0.5616936984924623 -13.270150644608293
0.5942103969849246 -7.9015924864488625
0.6267270954773869 -2.7977472165439394
0.6592437939698492 1.4695955438419332
0.6917604924623115 4.533436585663367
0.7242771909547738 6.240063268716767
0.7567938894472361 6.635306716361811
0.7893105879396984 5.9293462260611705
0.8218272864321609 4.444844158228079
0.8543439849246232 2.556157100456403
0.8868606834170855 0.6287897866495769
0.9193773819095478 -1.0320804576549563
0.9518940804020101 -2.2171444686100585
0.9844107788944724 -2.828831346312654
1.0169274773869346 -2.877386666596067
1.049444175879397 -2.4603970668922557
1.0819608743718594 -1.7314651164488168
1.1144775728643217 -0.8649063557531917
1.146994271356784 -0.023111025964681176
1.1795109698492463 0.6682153155106789
1.2120276683417086 1.1339223458780907
1.244544366834171 1.3518357091979851
1.2770610653266332 1.3453484769015631
1.3095777638190955 1.1693317259741889
1.3420944623115578 0.8931906314846856
1.3746111608040201 0.5847274734132952
1.4071278592964824 0.2976411070685572
1.4396445577889447 0.0642741508945619
1.472161256281407 -0.10607742305001011
1.5046779547738693 -0.22408533021007315
1.5371946532663316 -0.31407378043331846
1.569711351758794 -0.40630276054071146
1.6022280502512563 -0.5295774997084663
1.6347447487437186 -0.705500422121986
1.6672614472361809 -0.9451080923954578
1.6997781457286432 -1.2480429158022162
1.7322948442211055 -1.6039138512714999
1.7648115427135678 -1.9951742364282836
1.79732824120603 -2.4007118619119865
1.8298449396984924 -2.799388622115657
1.8623616381909547 -3.1729375792656356
1.894878336683417 -3.507864101406085
1.9273950351758793 -3.7962461114366306
1.9599117336683418 -4.035539590930057
1.9924284321608041 -4.227640258002793
2.024945130653266 -4.3775205446982
2.0574618291457285 -4.491758523798126
2.089978527638191 -4.577219301632795
2.122495226130653 -4.640061995292854
2.1550119246231154 -4.685149225160785
2.1875286231155777 -4.715849667873044
2.22004532160804 -4.734160055515531
2.2525620201005023 -4.741036707522653
2.2850787185929646 -4.736817790790155
2.317595417085427 -4.721631053827878
2.3501121155778892 -4.695710228825192
2.3826288140703515 -4.659578403290652
2.4151455125628143 -4.6140910247868305
2.4476622110552766 -4.560359253149727
2.480178909547739 -4.499592851365378
2.512695608040201 -4.432909725584977
2.5452123065326635 -4.361157507002645
2.577729005025126 -4.284783454220815
2.610245703517588 -4.203775359692372
2.6427624020100504 -4.117681062309202
2.6752791005025127 -4.025700207626869
2.707795798994975 -3.9268309760263946
2.7403124974874373 -3.820047716060799
2.7728291959798996 -3.7044830698614533
2.805345894472362 -3.579589874989324
2.8378625929648242 -3.445263001080093
2.8703792914572865 -3.3019081865822955
2.902895989949749 -3.1504526714943495
2.935412688442211 -2.9922998710862885
2.9679293869346735 -2.829236622026656
3.0004460854271358 -2.6633060674539593
3.032962783919598 -2.496661750754356
3.0654794824120604 -2.3314189638840617
3.0979961809045227 -2.1695180809929298
3.130512879396985 -2.0126119007018133
3.1630295778894473 -1.861985406920212
3.1955462763819096 -1.7185123440958705
3.228062974874372 -1.5826490540475788
3.260579673366834 -1.4544625226517383
3.2930963718592965 -1.333686813195527
3.325613070351759 -1.2198001803153602
3.358129768844221 -1.1121142135434638
3.3906464673366834 -1.0098663045428111
3.4231631658291457 -0.9123074441940844
3.455679864321608 -0.8187786603666609
3.4881965628140703 -0.7287711055123509
3.5207132613065326 -0.641966692495771
3.553229959798995 -0.5582580710888578
3.5857466582914572 -0.4777484795486089
3.6182633567839195 -0.4007334772413742
3.650780055276382 -0.3276676882433094
3.683296753768844 -0.25912042663549073
3.7158134522613064 -0.19572443224933522
3.7483301507537687 -0.13812195178252296
3.780846849246231 -0.08691210764663992
3.8133635477386933 -0.042602972407621564
3.8458802462311557 -0.005571083403992816
3.878396944723618 0.023969637626578333
3.9109136432160803 0.04598838556739793
3.9434303417085426 0.06064697446163336
3.975947040201005 0.06829859945901262
4.008463738693467 0.06947668497923587
4.0409804371859295 0.06487509006547043
4.073497135678392 0.05532125623540196
4.106013834170854 0.04174407211394282
4.138530532663316 0.025138304552456248
4.171047231155779 0.006527424260639236
4.203563929648241 -0.013073446109046927
4.236080628140703 -0.03269289279887744
4.268597326633166 -0.05143551263063273
4.301114025125628 -0.06851001411087054
4.33363072361809 -0.08325221642917313
4.3661474221105525 -0.09514228875013941
4.398664120603015 -0.1038158137598657
4.431180819095477 -0.10906849420098297
4.463697517587939 -0.11085454690692131
4.496214216080402 -0.10927904379605025
4.528730914572864 -0.10458466190357285
4.561247613065326 -0.09713349285448203
4.593764311557789 -0.08738473315315787
4.626281010050251 -0.07586922596601653
4.658797708542713 -0.06316194764985994
4.6913144070351755 -0.04985362152001471
4.723831105527638 -0.0365226908816112
4.7563478040201 -0.02370888654695591
4.7888645025125625 -0.011889575640452676
4.821381201005025 -0.0014599745936720865
4.853897899497487 0.0072818510725483065
4.886414597989949 0.014144492510240525
4.918931296482412 0.019046764728045673
4.951447994974874 0.02201519407935848
4.983964693467336 0.023175613652711036
5.016481391959799 0.02273939193037222
5.048998090452261 0.020985147251849412
5.081514788944723 0.018237095535369008
5.1140314874371855 0.014841419493677677
5.146548185929648 0.011142213035782333
5.179064884422111 0.007458625999788637
5.211581582914573 0.004064797723913216
5.244098281407036 0.0011740145819203462
5.276614979899498 -0.001071743965439964
5.30913167839196 -0.0026060865184263093
5.3416483768844225 -0.003436005732510239
5.374165075376885 -0.0036334130618342897
5.406681773869347 -0.003321199188576429
5.439198472361809 -0.0026551508526608814
5.471715170854272 -0.0018035264911304694
5.504231869346734 -0.0009264363307011081
5.536748567839196 -0.00015733086365798954
5.569265266331659 0.00041117532964562997
5.601781964824121 0.0007352684078796301
5.634298663316583 0.000820456340079545
5.6668153618090455 0.0007143395469029201
5.699332060301508 0.000492482737172395
5.73184875879397 0.0002395293067820603
5.7643654572864325 2.8955746529391035e-5
5.796882155778895 -9.415786371391732e-5
5.829398854271357 -0.00012260128460184205
5.861915552763819 -8.471057844872121e-5
5.894432251256282 -2.8543974622152746e-5
5.926948949748744 4.449137122719549e-6
5.959465648241206 5.328651241143234e-6
5.991982346733669 -6.467053026426584e-8
6.024499045226131 0.0
6.057015743718593 0.0
6.0895324422110555 0.0
6.122049140703518 0.0
6.15456583919598 0.0
6.187082537688442 0.0
6.219599236180905 0.0
6.252115934673367 0.0
6.284632633165829 0.0
6.317149331658292 0.0
6.349666030150754 0.0
6.382182728643216 0.0
6.4146994271356785 0.0
6.447216125628141 0.0
6.479732824120603 0.0
6.5122495226130654 0.0
6.544766221105528 0.0
6.57728291959799 0.0
6.609799618090452 0.0
6.642316316582915 0.0
6.674833015075377 0.0
6.707349713567839 0.0
6.739866412060302 0.0
6.772383110552764 0.0
6.804899809045226 0.0
6.8374165075376885 0.0
6.869933206030151 0.0
6.902449904522613 0.0
6.934966603015075 0.0
6.967483301507538 0.0
7.0 0.0
