0.529177 97.88609413765948
0.5616936984924623 81.74908793427079
0.5942103969849246 67.63338283564809
0.6267270954773869 55.31348461628835
0.6592437939698492 44.62889965651567
0.6917604924623115 35.43210608885056
0.7242771909547738 27.570602376372108
0.7567938894472361 20.889710408691258
0.7893105879396984 15.242571679272942
0.8218272864321609 10.49781315923633
0.8543439849246232 6.541124333509686
0.8868606834170855 3.2718047666352845
0.9193773819095478 0.5976806413634108
0.9518940804020101 -1.568393094237706
0.9844107788944724 -3.3089245304362294
1.0169274773869346 -4.699473826897247
1.049444175879397 -5.805261696086916
1.0819608743718594 -6.678520278718452
1.1144775728643217 -7.357807534936114
1.146994271356784 -7.869571280033597
1.1795109698492463 -8.231427374817372
1.2120276683417086 -8.456168012199441
1.244544366834171 -8.555483235774375
1.2770610653266332 -8.542650115281674
1.3095777638190955 -8.433847709049417
1.3420944623115578 -8.248138886493962
1.3746111608040201 -8.006428737941746
1.4071278592964824 -7.729834944149161
1.4396445577889447 -7.437906912619553
1.472161256281407 -7.14704963580084
1.5046779547738693 -6.869389500781551
1.5371946532663316 -6.612197394929467
1.569711351758794 -6.377880473607377
1.6022280502512563 -6.164476875677849
1.6347447487437186 -5.966538348838014
1.6672614472361809 -5.776260874898242
1.6997781457286432 -5.584718306635125
1.7322948442211055 -5.383064171760566
1.7648115427135678 -5.163588095597106
1.79732824120603 -4.920542067548979
1.8298449396984924 -4.650684544920352
1.8623616381909547 -4.353523791618841
1.894878336683417 -4.031272769774262
1.9273950351758793 -3.6885537014435386
1.9599117336683418 -3.33190919542335
1.9924284321608041 -2.969187606870207
2.024945130653266 -2.608873042194489
2.0574618291457285 -2.2594259814244992
2.089978527638191 -1.92869036590605
2.122495226130653 -1.623409079104249
2.1550119246231154 -1.3488740265109413
2.1875286231155777 -1.108721349034397
2.22004532160804 -0.9048682070553582
2.2525620201005023 -0.7375761368001008
2.2850787185929646 -0.6056178218530022
2.317595417085427 -0.5065194106011859
2.3501121155778892 -0.4368490427087295
2.3826288140703515 -0.39252354730149364
2.4151455125628143 -0.36910869708492555
2.4476622110552766 -0.36209323269048355
2.480178909547739 -0.36712241319759187
2.512695608040201 -0.3801824848801516
2.5452123065326635 -0.3977326942631976
2.577729005025126 -0.416785947061328
2.610245703517588 -0.43494271652713223
2.6427624020100504 -0.4503852474534824
2.6752791005025127 -0.46184050783557495
2.707795798994975 -0.4685208131434706
2.7403124974874373 -0.470050747043274
2.7728291959798996 -0.46638811490868193
2.805345894472362 -0.45774538704461065
2.8378625929648242 -0.4445166008919159
2.8703792914572865 -0.4272131559435479
2.902895989949749 -0.4064104809776268
2.935412688442211 -0.38270627532637036
2.9679293869346735 -0.35668998474096725
3.0004460854271358 -0.32892239698441017
3.032962783919598 -0.2999237347188455
3.0654794824120604 -0.2701683645424282
3.0979961809045227 -0.24008419701613093
3.130512879396985 -0.21005497977347432
3.1630295778894473 -0.18042393686494052
3.1955462763819096 -0.15149753528322663
3.228062974874372 -0.12354852091220891
3.260579673366834 -0.09681772396805854
3.2930963718592965 -0.07151445912109011
3.325613070351759 -0.0478156170179318
3.358129768844221 -0.02586374922043433
3.3906464673366834 -0.0057645825849022
3.4231631658291457 0.012415536735204569
3.455679864321608 0.02865176852037621
3.4881965628140703 0.042962023628717816
3.5207132613065326 0.05540697158528474
3.553229959798995 0.06608857124075485
3.5857466582914572 0.07514701583687611
3.6182633567839195 0.08275611460135224
3.650780055276382 0.08911725316062302
3.683296753768844 0.09445217620452695
3.7158134522613064 0.09899491214002865
3.7483301507537687 0.1029832077368269
3.780846849246231 0.10664986028530166
3.8133635477386933 0.11021432707264012
3.8458802462311557 0.11387496039577627
3.878396944723618 0.11780216560714507
3.9109136432160803 0.12213271547216209
3.9434303417085426 0.12696538245916145
3.975947040201005 0.1323579774498853
4.008463738693467 0.1383258142654995
4.0409804371859295 0.1448415589879346
4.073497135678392 0.15183637487450596
4.106013834170854 0.1592022399397024
4.138530532663316 0.1667952958628689
4.171047231155779 0.17444008320825333
4.203563929648241 0.1819345271505881
4.236080628140703 0.18905555696574083
4.268597326633166 0.19556526756224457
4.301114025125628 0.2012175577805806
4.33363072361809 0.2057652033154227
4.3661474221105525 0.20896733732035955
4.398664120603015 0.21059731497848588
4.431180819095477 0.2104509265186607
4.463697517587939 0.20835489467464186
4.496214216080402 0.20417554760661005
4.528730914572864 0.19782749922609355
4.561247613065326 0.18928210064160567
4.593764311557789 0.1785753569245685
4.626281010050251 0.16581494356660187
4.658797708542713 0.15118592121484653
4.6913144070351755 0.13495475340715757
4.723831105527638 0.11747130155930563
4.7563478040201 0.09916862953593863
4.7888645025125625 0.08056072552363958
4.821381201005025 0.062238673946808376
4.853897899497487 0.04486642055343282
4.886414597989949 0.02917810849550051
4.918931296482412 0.0159800641675929
4.951447994974874 0.006161923360707533
4.983964693467336 0.0007231579140807298
5.016481391959799 0.0
5.048998090452261 0.0
5.081514788944723 0.0
5.1140314874371855 0.0
5.146548185929648 0.0
5.179064884422111 0.0
5.211581582914573 0.0
5.244098281407036 0.0
5.276614979899498 0.0
5.30913167839196 0.0
5.3416483768844225 0.0
5.374165075376885 0.0
5.406681773869347 0.0
5.439198472361809 0.0
5.471715170854272 0.0
5.504231869346734 0.0
5.536748567839196 0.0
5.569265266331659 0.0
5.601781964824121 0.0
5.634298663316583 0.0
5.6668153618090455 0.0
5.699332060301508 0.0
5.73184875879397 0.0
5.7643654572864325 0.0
5.796882155778895 0.0
5.829398854271357 0.0
5.861915552763819 0.0
5.894432251256282 0.0
5.926948949748744 0.0
5.959465648241206 0.0
5.991982346733669 0.0
6.024499045226131 0.0
6.057015743718593 0.0
6.0895324422110555 0.0
6.122049140703518 0.0
6.15456583919598 0.0
6.187082537688442 0.0
6.219599236180905 0.0
6.252115934673367 0.0
6.284632633165829 0.0
6.317149331658292 0.0
6.349666030150754 0.0
6.382182728643216 0.0
6.4146994271356785 0.0
6.447216125628141 0.0
6.479732824120603 0.0
6.5122495226130654 0.0
6.544766221105528 0.0
6.57728291959799 0.0
6.609799618090452 0.0
6.642316316582915 0.0
6.674833015075377 0.0
6.707349713567839 0.0
6.739866412060302 0.0
6.772383110552764 0.0
6.804899809045226 0.0
6.8374165075376885 0.0
6.869933206030151 0.0
6.902449904522613 0.0
6.934966603015075 0.0
6.967483301507538 0.0
7.0 0.0
