1 0.237057 360.19 1366.65
2 0.197828 298.49 1370.43
3 0.190813 297.82 1328.73
4 0.179570 281.40 1316.40
5 0.166400 259.97 1304.74
6 0.162114 250.74 1306.94
7 0.161041 248.30 1307.72
8 0.151989 238.97 1277.51
9 0.137664 213.40 1257.50
10 0.130968 201.91 1243.79
11 0.121924 184.04 1228.09
12 0.117521 181.93 1202.60
13 0.112032 173.64 1184.08
14 0.108974 172.63 1164.41
15 0.104137 168.43 1139.08
16 0.098258 167.02 1097.94
17 0.094868 162.79 1082.15
18 0.092303 167.92 1048.44
19 0.091044 164.97 1046.03
20 0.088743 162.11 1034.72
21 0.080694 147.22 1005.26
22 0.074954 137.70 978.86
23 0.073079 141.03 954.40
24 0.069854 137.34 934.42
25 0.065635 136.68 896.91
26 0.061273 130.74 869.92
27 0.056532 127.24 831.38
28 0.053894 122.40 816.39
29 0.051663 116.83 806.70
30 0.049032 115.59 781.58
31 0.048207 116.70 769.77
32 0.047013 115.90 758.53
33 0.045821 115.42 746.27
34 0.044358 113.38 734.75
35 0.043119 111.25 725.76
36 0.041848 109.83 714.40
37 0.041361 108.71 711.44
38 0.040667 107.46 706.31
39 0.039530 105.43 697.67
40 0.038693 104.05 690.91
41 0.037809 100.57 688.61
42 0.037312 100.55 682.50
43 0.036669 98.00 680.65
44 0.035834 97.03 672.51
45 0.035025 97.13 661.96
46 0.034296 94.73 658.38
47 0.033935 95.01 653.02
48 0.033468 94.22 648.85
49 0.032968 93.15 644.86
51 0.032016 90.64 638.22
52 0.031576 90.07 633.69
53 0.031414 89.03 633.99
54 0.031128 88.26 631.93
55 0.030659 87.20 628.07
56 0.030189 85.10 626.49
57 0.029490 82.86 622.01
58 0.028866 81.09 617.36
59 0.028336 78.81 614.98
60 0.027974 79.22 609.06
61 0.027743 78.66 607.04
62 0.027513 77.09 607.19
63 0.027182 76.35 604.09
64 0.026792 75.86 599.63
65 0.026358 76.65 591.74
66 0.026039 74.87 590.96
67 0.025754 74.12 588.43
68 0.025526 72.46 588.59
69 0.025193 72.00 584.70
70 0.024773 71.22 580.17
71 0.024487 70.24 577.97
72 0.024047 69.49 572.99
73 0.023663 69.46 567.32
74 0.023137 67.96 562.45
75 0.022848 67.38 559.24
76 0.022618 65.16 560.12
77 0.022292 64.71 556.03
78 0.021918 64.10 551.47
79 0.021617 64.17 546.68
80 0.021337 63.72 543.19
81 0.021086 63.93 538.83
82 0.020950 64.00 536.54
83 0.020754 63.76 533.91
84 0.020493 63.18 530.90
85 0.020239 62.32 528.52
86 0.019984 61.26 526.47
87 0.019762 60.86 523.65
88 0.019607 60.72 521.42
89 0.019409 59.86 519.82
90 0.019156 59.08 517.18
91 0.019006 57.94 516.86
92 0.018799 58.09 513.16
93 0.018613 57.87 510.48
94 0.018432 57.72 507.74
95 0.018265 57.47 505.42
96 0.018104 57.46 502.71
97 0.017903 57.10 500.00
98 0.017800 58.07 496.38
99 0.017649 57.72 494.47
101 0.017288 55.50 492.50
102 0.017210 54.83 492.40
103 0.017093 54.53 490.93
104 0.016942 54.26 488.80
105 0.016840 54.17 487.20
106 0.016741 54.10 485.60
107 0.016640 54.06 483.91
108 0.016535 54.06 482.05
109 0.016420 53.77 480.57
110 0.016295 53.64 478.59
111 0.016272 53.40 478.63
112 0.016229 53.31 478.04
113 0.016152 53.22 476.84
114 0.016024 52.92 475.11
115 0.015879 52.80 472.71
116 0.015790 52.70 471.30
117 0.015746 52.73 470.45
118 0.015683 52.63 469.51
119 0.015594 52.45 468.23
120 0.015495 52.10 467.08
121 0.015443 51.80 466.70
122 0.015374 51.92 465.23
123 0.015278 51.72 463.84
124 0.015214 51.86 462.38
125 0.015126 51.95 460.61
126 0.015036 51.78 459.25
127 0.014951 51.74 457.75
128 0.014868 51.55 456.57
129 0.014795 51.42 455.45
130 0.014699 51.49 453.53
131 0.014612 51.09 452.64
132 0.014566 50.61 452.69
133 0.014502 50.43 451.82
134 0.014427 50.37 450.52
135 0.014354 50.25 449.37
136 0.014314 50.14 448.81
137 0.014256 49.96 448.04
138 0.014186 49.78 447.05
139 0.014124 49.78 445.87
140 0.014072 49.65 445.12
141 0.014020 49.53 444.36
142 0.013963 49.52 443.28
143 0.013919 49.59 442.30
144 0.013859 49.52 441.26
145 0.013782 49.09 440.58
146 0.013730 48.74 440.24
147 0.013667 48.55 439.37
148 0.013605 48.39 438.46
149 0.013532 48.12 437.54
151 0.013401 47.99 435.24
152 0.013329 48.08 433.64
153 0.013276 48.09 432.60
154 0.013215 48.08 431.41
155 0.013142 48.21 429.74
156 0.013099 48.23 428.86
157 0.013041 48.22 427.71
158 0.012980 48.04 426.83
159 0.012922 47.86 426.01
160 0.012868 47.89 424.89
161 0.012804 47.82 423.73
162 0.012742 47.79 422.55
163 0.012721 47.92 421.88
164 0.012687 47.81 421.41
165 0.012642 47.74 420.63
166 0.012608 47.51 420.35
167 0.012576 47.59 419.56
168 0.012553 47.75 418.80
169 0.012521 47.56 418.51
170 0.012477 47.46 417.81
171 0.012425 47.39 416.87
172 0.012399 47.19 416.73
173 0.012364 47.15 416.08
174 0.012324 47.19 415.20
175 0.012311 47.20 414.91
176 0.012290 47.20 414.47
177 0.012255 47.14 413.87
178 0.012221 46.94 413.55
179 0.012203 46.92 413.22
180 0.012183 46.83 412.98
181 0.012162 46.84 412.53
182 0.012134 46.72 412.17
183 0.012097 46.48 411.86
184 0.012081 46.51 411.48
185 0.012058 46.41 411.19
186 0.012031 46.35 410.75
187 0.012007 46.41 410.14
188 0.011994 46.52 409.66
189 0.011974 46.42 409.44
190 0.011948 46.36 408.99
191 0.011935 46.21 409.03
192 0.011918 46.24 408.60
193 0.011897 46.28 408.09
194 0.011880 46.23 407.83
195 0.011863 46.23 407.49
196 0.011847 46.17 407.26
197 0.011834 46.20 406.94
198 0.011819 46.01 406.98
199 0.011801 45.96 406.70
201 0.011772 45.79 406.41
202 0.011756 45.86 405.94
203 0.011741 45.85 405.65
204 0.011722 45.68 405.57
205 0.011704 45.58 405.37
206 0.011690 45.57 405.09
207 0.011673 45.42 405.03
208 0.011654 45.35 404.76
209 0.011641 45.34 404.50
210 0.011628 45.31 404.30
211 0.011612 45.11 404.34
212 0.011598 45.01 404.23
213 0.011594 44.91 404.32
214 0.011586 44.91 404.15
215 0.011574 44.90 403.93
216 0.011563 45.00 403.49
217 0.011553 44.93 403.43
218 0.011541 44.95 403.12
219 0.011525 44.89 402.90
220 0.011515 45.04 402.40
221 0.011501 44.94 402.29
222 0.011484 44.86 402.09
223 0.011468 44.82 401.84
224 0.011456 44.85 401.51
225 0.011444 44.89 401.18
226 0.011435 44.71 401.33
227 0.011425 44.73 401.07
228 0.011417 44.72 400.93
229 0.011407 44.57 401.01
230 0.011396 44.54 400.82
231 0.011382 44.45 400.71
232 0.011371 44.40 400.56
233 0.011363 44.41 400.36
234 0.011355 44.38 400.24
235 0.011347 44.31 400.20
236 0.011339 44.24 400.16
237 0.011329 44.17 400.09
238 0.011322 44.02 400.22
239 0.011315 44.03 400.05
240 0.011308 44.03 399.90
241 0.011299 44.00 399.76
242 0.011289 44.03 399.48
243 0.011283 44.02 399.38
244 0.011277 44.04 399.20
245 0.011269 44.13 398.89
246 0.011262 44.11 398.75
247 0.011255 44.14 398.56
248 0.011249 44.10 398.51
249 0.011244 44.06 398.48
251 0.011233 44.04 398.27
252 0.011227 44.03 398.16
253 0.011223 44.01 398.11
254 0.011218 43.99 398.05
255 0.011214 43.97 397.99
256 0.011209 43.89 398.02
257 0.011203 43.88 397.94
258 0.011198 43.85 397.88
259 0.011193 43.85 397.78
260 0.011189 43.86 397.66
261 0.011183 43.84 397.58
262 0.011178 43.85 397.45
263 0.011173 43.84 397.36
264 0.011168 43.85 397.24
265 0.011162 43.85 397.09
266 0.011156 43.75 397.16
267 0.011151 43.75 397.07
268 0.011146 43.67 397.10
269 0.011141 43.63 397.06
270 0.011137 43.60 397.02
271 0.011132 43.65 396.83
272 0.011128 43.66 396.73
273 0.011124 43.66 396.66
274 0.011121 43.62 396.65
275 0.011116 43.54 396.69
276 0.011112 43.51 396.67
277 0.011107 43.50 396.55
278 0.011101 43.55 396.35
279 0.011097 43.56 396.24
280 0.011092 43.51 396.23
281 0.011086 43.42 396.27
282 0.011081 43.33 396.34
283 0.011075 43.23 396.38
284 0.011068 43.21 396.28
285 0.011064 43.20 396.20
286 0.011059 43.19 396.12
287 0.011054 43.16 396.04
288 0.011048 43.12 396.01
289 0.011043 42.98 396.14
290 0.011036 42.89 396.16
291 0.011030 42.86 396.08
292 0.011025 43.01 395.71
293 0.011020 43.04 395.54
294 0.011015 43.10 395.33
295 0.011010 43.13 395.17
296 0.011006 43.09 395.15
297 0.011002 42.98 395.27
298 0.010999 42.86 395.40
299 0.010995 42.80 395.44
301 0.010986 42.78 395.30
302 0.010984 42.80 395.20
303 0.010980 42.82 395.08
304 0.010977 42.71 395.21
305 0.010973 42.66 395.22
306 0.010970 42.57 395.31
307 0.010967 42.52 395.33
308 0.010964 42.51 395.28
309 0.010960 42.50 395.22
310 0.010957 42.53 395.11
311 0.010954 42.56 394.99
312 0.010950 42.55 394.92
313 0.010947 42.55 394.85
314 0.010943 42.57 394.74
315 0.010940 42.61 394.60
316 0.010937 42.57 394.58
317 0.010933 42.58 394.50
318 0.010929 42.57 394.44
319 0.010926 42.53 394.44
320 0.010922 42.50 394.40
321 0.010919 42.51 394.32
322 0.010916 42.49 394.29
323 0.010912 42.47 394.24
324 0.010909 42.44 394.22
325 0.010906 42.44 394.16
326 0.010903 42.41 394.15
327 0.010899 42.38 394.13
328 0.010895 42.37 394.06
329 0.010893 42.32 394.10
330 0.010890 42.35 393.98
331 0.010887 42.34 393.93
332 0.010884 42.28 393.97
333 0.010882 42.24 393.99
334 0.010879 42.22 393.99
335 0.010877 42.21 393.93
336 0.010874 42.21 393.88
337 0.010871 42.20 393.85
338 0.010869 42.19 393.81
339 0.010867 42.19 393.76
340 0.010864 42.19 393.71
341 0.010862 42.17 393.70
342 0.010860 42.20 393.61
343 0.010858 42.18 393.59
344 0.010856 42.20 393.51
345 0.010853 42.20 393.46
346 0.010851 42.18 393.45
347 0.010850 42.16 393.44
348 0.010847 42.17 393.38
349 0.010845 42.17 393.33
351 0.010841 42.07 393.41
352 0.010839 42.05 393.40
353 0.010837 42.02 393.42
354 0.010835 42.02 393.38
355 0.010833 42.01 393.36
356 0.010832 42.02 393.31
357 0.010830 42.02 393.28
358 0.010828 42.00 393.27
359 0.010827 41.99 393.26
360 0.010825 41.96 393.29
361 0.010824 41.97 393.24
362 0.010823 41.95 393.24
363 0.010821 41.92 393.26
364 0.010819 41.88 393.29
365 0.010818 41.87 393.27
366 0.010816 41.85 393.27
367 0.010814 41.87 393.20
368 0.010812 41.87 393.16
369 0.010810 41.84 393.17
370 0.010808 41.80 393.20
371 0.010807 41.76 393.23
372 0.010805 41.72 393.26
373 0.010803 41.69 393.26
374 0.010801 41.68 393.24
375 0.010799 41.69 393.18
376 0.010797 41.70 393.13
377 0.010795 41.73 393.03
378 0.010793 41.70 393.03
379 0.010791 41.68 393.03
380 0.010789 41.64 393.07
381 0.010788 41.63 393.05
382 0.010786 41.64 393.00
383 0.010784 41.59 393.04
384 0.010782 41.62 392.94
385 0.010780 41.69 392.78
386 0.010779 41.72 392.68
387 0.010777 41.71 392.67
388 0.010775 41.72 392.62
389 0.010773 41.72 392.57
390 0.010772 41.67 392.63
391 0.010769 41.63 392.65
392 0.010767 41.60 392.65
393 0.010764 41.57 392.64
394 0.010762 41.60 392.56
395 0.010761 41.67 392.40
396 0.010759 41.70 392.30
397 0.010758 41.73 392.22
398 0.010756 41.75 392.14
399 0.010754 41.75 392.11
401 0.010751 41.69 392.14
402 0.010749 41.68 392.13
403 0.010747 41.66 392.10
404 0.010744 41.64 392.10
405 0.010743 41.61 392.12
406 0.010741 41.60 392.10
407 0.010739 41.58 392.09
408 0.010738 41.59 392.04
409 0.010735 41.55 392.05
410 0.010734 41.54 392.04
411 0.010731 41.59 391.89
412 0.010729 41.64 391.76
413 0.010727 41.66 391.68
414 0.010725 41.65 391.65
415 0.010722 41.60 391.68
416 0.010721 41.56 391.71
417 0.010719 41.57 391.66
418 0.010717 41.62 391.53
419 0.010715 41.64 391.44
420 0.010712 41.65 391.39
421 0.010711 41.69 391.26
422 0.010709 41.64 391.32
423 0.010707 41.62 391.31
424 0.010704 41.60 391.30
425 0.010702 41.53 391.37
426 0.010699 41.55 391.28
427 0.010697 41.53 391.26
428 0.010695 41.50 391.27
429 0.010693 41.50 391.23
430 0.010691 41.48 391.22
431 0.010689 41.45 391.22
432 0.010687 41.47 391.15
433 0.010685 41.46 391.13
434 0.010683 41.45 391.09
435 0.010681 41.44 391.06
436 0.010678 41.49 390.91
437 0.010675 41.48 390.88
438 0.010672 41.42 390.92
439 0.010669 41.35 390.96
440 0.010666 41.28 391.03
441 0.010663 41.25 391.00
442 0.010660 41.24 390.96
443 0.010658 41.27 390.86
444 0.010656 41.27 390.82
445 0.010653 41.23 390.84
446 0.010651 41.18 390.88
447 0.010649 41.16 390.86
448 0.010647 41.13 390.86
449 0.010644 41.09 390.89
451 0.010640 41.01 390.93
452 0.010638 40.99 390.91
453 0.010635 41.00 390.85
454 0.010633 41.03 390.75
455 0.010630 40.98 390.78
456 0.010628 40.96 390.77
457 0.010627 40.94 390.76
458 0.010624 40.94 390.72
459 0.010623 40.96 390.64
460 0.010620 40.90 390.69
461 0.010618 40.87 390.71
462 0.010617 40.78 390.82
463 0.010615 40.77 390.81
464 0.010613 40.76 390.78
465 0.010611 40.73 390.80
466 0.010609 40.71 390.78
467 0.010607 40.70 390.74
468 0.010603 40.70 390.67
469 0.010601 40.70 390.63
470 0.010599 40.68 390.61
471 0.010597 40.65 390.62
472 0.010595 40.58 390.70
473 0.010593 40.60 390.63
474 0.010591 40.60 390.59
475 0.010590 40.56 390.62
476 0.010588 40.57 390.56
477 0.010586 40.53 390.60
478 0.010585 40.56 390.51
479 0.010583 40.52 390.55
480 0.010582 40.50 390.55
481 0.010580 40.47 390.56
482 0.010579 40.48 390.53
483 0.010578 40.48 390.49
484 0.010576 40.45 390.51
485 0.010575 40.47 390.46
486 0.010574 40.45 390.46
487 0.010572 40.41 390.51
488 0.010571 40.38 390.53
489 0.010570 40.35 390.55
490 0.010569 40.35 390.52
491 0.010567 40.36 390.47
492 0.010566 40.38 390.41
493 0.010565 40.40 390.36
494 0.010563 40.39 390.33
495 0.010562 40.39 390.32
496 0.010560 40.37 390.30
497 0.010558 40.34 390.32
498 0.010557 40.31 390.33
499 0.010555 40.31 390.30
501 0.010552 40.30 390.25
502 0.010551 40.28 390.27
503 0.010550 40.30 390.20
504 0.010549 40.30 390.18
505 0.010547 40.30 390.16
506 0.010546 40.28 390.15
507 0.010544 40.33 390.02
508 0.010542 40.32 390.00
509 0.010541 40.32 389.96
510 0.010539 40.28 389.99
511 0.010538 40.21 390.09
512 0.010536 40.20 390.09
513 0.010535 40.18 390.08
514 0.010534 40.16 390.09
515 0.010533 40.14 390.10
516 0.010532 40.16 390.04
517 0.010531 40.20 389.96
518 0.010530 40.19 389.95
519 0.010529 40.21 389.90
520 0.010528 40.20 389.89
521 0.010527 40.16 389.93
522 0.010526 40.16 389.91
523 0.010525 40.15 389.92
524 0.010524 40.14 389.91
525 0.010523 40.16 389.84
526 0.010522 40.20 389.76
527 0.010521 40.20 389.73
528 0.010520 40.20 389.71
529 0.010519 40.18 389.72
530 0.010517 40.16 389.73
531 0.010516 40.13 389.76
532 0.010515 40.13 389.73
533 0.010514 40.14 389.69
534 0.010513 40.14 389.66
535 0.010512 40.15 389.62
536 0.010510 40.16 389.58
537 0.010509 40.14 389.58
538 0.010507 40.10 389.61
539 0.010506 40.07 389.63
540 0.010504 40.04 389.65
541 0.010502 40.00 389.68
542 0.010501 40.01 389.62
543 0.010500 40.02 389.59
544 0.010499 40.05 389.52
545 0.010497 40.05 389.48
546 0.010496 40.05 389.45
547 0.010495 40.04 389.46
548 0.010495 40.03 389.45
549 0.010494 40.03 389.44
551 0.010492 40.02 389.41
552 0.010491 40.03 389.37
553 0.010490 40.03 389.36
554 0.010488 40.02 389.35
555 0.010487 40.00 389.35
556 0.010486 39.98 389.35
557 0.010485 39.99 389.31
558 0.010484 39.99 389.29
559 0.010483 40.01 389.24
560 0.010482 40.01 389.21
561 0.010481 40.01 389.19
562 0.010480 40.02 389.15
563 0.010479 40.02 389.15
564 0.010479 40.03 389.12
565 0.010478 40.03 389.10
566 0.010477 40.04 389.07
567 0.010477 40.02 389.08
568 0.010476 40.02 389.07
569 0.010475 40.02 389.05
570 0.010474 40.01 389.05
571 0.010474 40.01 389.04
572 0.010473 40.02 389.01
573 0.010472 40.04 388.95
574 0.010472 40.05 388.93
575 0.010471 40.06 388.90
576 0.010471 40.05 388.91
577 0.010470 40.01 388.96
578 0.010469 39.96 389.02
579 0.010469 39.93 389.06
580 0.010468 39.92 389.07
581 0.010467 39.91 389.07
582 0.010467 39.92 389.03
583 0.010466 39.93 389.00
584 0.010465 39.93 389.00
585 0.010465 39.91 389.01
586 0.010464 39.90 389.02
587 0.010464 39.88 389.05
588 0.010464 39.87 389.05
589 0.010463 39.86 389.06
590 0.010463 39.85 389.06
591 0.010462 39.83 389.09
592 0.010461 39.82 389.10
593 0.010461 39.80 389.12
594 0.010461 39.80 389.11
595 0.010460 39.79 389.11
596 0.010459 39.80 389.08
597 0.010459 39.81 389.05
598 0.010458 39.81 389.04
599 0.010458 39.81 389.03
601 0.010456 39.80 389.01
602 0.010455 39.79 389.01
603 0.010455 39.81 388.96
604 0.010454 39.83 388.92
605 0.010454 39.83 388.91
606 0.010453 39.83 388.90
607 0.010453 39.81 388.91
608 0.010452 39.79 388.94
609 0.010452 39.75 388.99
610 0.010451 39.76 388.97
611 0.010451 39.76 388.95
612 0.010450 39.77 388.93
613 0.010449 39.79 388.88
614 0.010449 39.80 388.84
615 0.010448 39.79 388.84
616 0.010447 39.79 388.83
617 0.010447 39.76 388.86
618 0.010446 39.76 388.86
619 0.010445 39.74 388.87
620 0.010444 39.72 388.88
621 0.010444 39.72 388.87
622 0.010443 39.70 388.90
623 0.010442 39.69 388.90
624 0.010442 39.67 388.92
625 0.010441 39.69 388.88
626 0.010441 39.71 388.83
627 0.010440 39.72 388.80
628 0.010439 39.74 388.74
629 0.010439 39.73 388.75
630 0.010438 39.72 388.75
631 0.010438 39.70 388.77
632 0.010437 39.69 388.78
633 0.010437 39.69 388.77
634 0.010436 39.69 388.75
635 0.010435 39.69 388.73
636 0.010434 39.70 388.70
637 0.010434 39.71 388.66
638 0.010433 39.71 388.67
639 0.010433 39.71 388.65
640 0.010432 39.71 388.64
641 0.010431 39.70 388.64
642 0.010431 39.69 388.65
643 0.010431 39.69 388.64
644 0.010430 39.67 388.65
645 0.010430 39.68 388.64
646 0.010429 39.68 388.63
647 0.010428 39.68 388.61
648 0.010428 39.70 388.57
649 0.010427 39.70 388.55
651 0.010426 39.67 388.58
652 0.010426 39.67 388.58
653 0.010425 39.66 388.57
654 0.010425 39.65 388.58
655 0.010425 39.67 388.54
656 0.010424 39.69 388.51
657 0.010424 39.70 388.47
658 0.010423 39.71 388.44
659 0.010423 39.70 388.45
660 0.010422 39.67 388.48
661 0.010422 39.67 388.48
662 0.010421 39.64 388.52
663 0.010421 39.64 388.50
664 0.010420 39.65 388.47
665 0.010420 39.65 388.47
666 0.010419 39.65 388.46
667 0.010419 39.63 388.48
668 0.010418 39.61 388.50
669 0.010418 39.59 388.52
670 0.010417 39.58 388.53
671 0.010416 39.58 388.51
672 0.010416 39.58 388.49
673 0.010415 39.59 388.48
674 0.010415 39.57 388.50
675 0.010414 39.55 388.51
676 0.010414 39.55 388.50
677 0.010413 39.54 388.50
678 0.010413 39.53 388.51
679 0.010412 39.55 388.48
680 0.010412 39.54 388.47
681 0.010411 39.55 388.45
682 0.010411 39.54 388.45
683 0.010410 39.57 388.40
684 0.010410 39.57 388.38
685 0.010409 39.57 388.37
686 0.010409 39.58 388.34
687 0.010408 39.57 388.35
688 0.010408 39.55 388.37
689 0.010407 39.53 388.39
690 0.010407 39.52 388.41
691 0.010406 39.52 388.39
692 0.010406 39.54 388.35
693 0.010406 39.53 388.36
694 0.010405 39.54 388.33
695 0.010405 39.53 388.35
696 0.010404 39.53 388.33
697 0.010404 39.52 388.34
698 0.010403 39.50 388.36
699 0.010403 39.51 388.32
701 0.010402 39.51 388.31
702 0.010401 39.52 388.29
703 0.010401 39.51 388.29
704 0.010401 39.51 388.29
705 0.010400 39.51 388.29
706 0.010400 39.50 388.29
707 0.010400 39.49 388.30
708 0.010399 39.47 388.32
709 0.010399 39.47 388.32
710 0.010398 39.45 388.33
711 0.010398 39.45 388.33
712 0.010397 39.44 388.33
713 0.010397 39.46 388.30
714 0.010397 39.45 388.30
715 0.010396 39.46 388.28
716 0.010396 39.47 388.26
717 0.010396 39.47 388.26
718 0.010396 39.47 388.25
719 0.010395 39.47 388.24
720 0.010395 39.46 388.24
721 0.010395 39.47 388.22
722 0.010394 39.46 388.23
723 0.010394 39.47 388.20
724 0.010394 39.49 388.17
725 0.010394 39.49 388.17
726 0.010393 39.49 388.15
727 0.010393 39.50 388.13
728 0.010393 39.50 388.13
729 0.010392 39.50 388.12
730 0.010392 39.49 388.13
731 0.010392 39.48 388.14
732 0.010391 39.46 388.16
733 0.010391 39.47 388.15
734 0.010391 39.46 388.16
735 0.010390 39.46 388.15
736 0.010390 39.47 388.11
737 0.010390 39.47 388.12
738 0.010390 39.46 388.13
739 0.010389 39.46 388.12
740 0.010389 39.47 388.10
741 0.010389 39.47 388.10
742 0.010389 39.48 388.07
743 0.010388 39.49 388.05
744 0.010388 39.49 388.05
745 0.010388 39.49 388.04
746 0.010387 39.47 388.06
747 0.010387 39.47 388.06
748 0.010387 39.47 388.05
749 0.010386 39.47 388.04
751 0.010386 39.48 388.02
752 0.010386 39.48 388.01
753 0.010385 39.48 388.00
754 0.010385 39.47 388.00
755 0.010384 39.47 387.99
756 0.010384 39.47 387.99
757 0.010384 39.45 388.02
758 0.010383 39.43 388.04
759 0.010383 39.41 388.07
760 0.010383 39.39 388.10
761 0.010382 39.38 388.11
762 0.010382 39.37 388.11
763 0.010382 39.39 388.07
764 0.010381 39.42 388.01
765 0.010381 39.43 387.98
766 0.010380 39.45 387.93
767 0.010380 39.45 387.93
768 0.010380 39.45 387.93
769 0.010379 39.44 387.93
770 0.010379 39.44 387.93
771 0.010378 39.44 387.92
772 0.010378 39.45 387.90
773 0.010378 39.44 387.90
774 0.010377 39.45 387.88
775 0.010377 39.44 387.88
776 0.010377 39.44 387.88
777 0.010376 39.43 387.88
778 0.010376 39.43 387.88
779 0.010375 39.43 387.87
780 0.010375 39.43 387.87
781 0.010375 39.42 387.88
782 0.010375 39.41 387.88
783 0.010374 39.41 387.88
784 0.010374 39.41 387.87
785 0.010374 39.42 387.84
786 0.010373 39.44 387.81
787 0.010373 39.45 387.79
788 0.010373 39.46 387.76
789 0.010372 39.46 387.75
790 0.010372 39.45 387.76
791 0.010372 39.45 387.75
792 0.010372 39.45 387.75
793 0.010371 39.45 387.73
794 0.010371 39.45 387.74
795 0.010370 39.44 387.74
796 0.010370 39.43 387.76
797 0.010370 39.41 387.78
798 0.010369 39.40 387.79
799 0.010369 39.40 387.78
801 0.010368 39.41 387.75
802 0.010368 39.42 387.73
803 0.010368 39.43 387.71
804 0.010367 39.42 387.70
805 0.010367 39.42 387.70
806 0.010367 39.43 387.68
807 0.010366 39.43 387.67
808 0.010366 39.44 387.64
809 0.010366 39.45 387.61
810 0.010365 39.45 387.60
811 0.010365 39.44 387.61
812 0.010365 39.43 387.63
813 0.010364 39.42 387.65
814 0.010364 39.40 387.66
815 0.010363 39.40 387.66
816 0.010363 39.40 387.64
817 0.010363 39.40 387.63
818 0.010362 39.40 387.63
819 0.010362 39.40 387.63
820 0.010362 39.38 387.65
821 0.010361 39.37 387.65
822 0.010361 39.36 387.67
823 0.010360 39.35 387.67
824 0.010360 39.35 387.67
825 0.010360 39.35 387.66
826 0.010359 39.34 387.66
827 0.010359 39.33 387.67
828 0.010359 39.32 387.68
829 0.010358 39.32 387.67
830 0.010358 39.33 387.65
831 0.010358 39.35 387.61
832 0.010357 39.36 387.58
833 0.010357 39.37 387.56
834 0.010357 39.37 387.56
835 0.010356 39.36 387.57
836 0.010356 39.35 387.59
837 0.010356 39.34 387.59
838 0.010355 39.35 387.57
839 0.010355 39.35 387.56
840 0.010355 39.37 387.52
841 0.010354 39.37 387.51
842 0.010354 39.37 387.51
843 0.010354 39.36 387.51
844 0.010353 39.35 387.52
845 0.010353 39.36 387.50
846 0.010353 39.36 387.49
847 0.010352 39.36 387.48
848 0.010352 39.37 387.46
849 0.010352 39.36 387.46
851 0.010351 39.35 387.47
852 0.010351 39.34 387.49
853 0.010351 39.34 387.48
854 0.010350 39.33 387.48
855 0.010350 39.33 387.48
856 0.010350 39.32 387.48
857 0.010350 39.31 387.50
858 0.010349 39.30 387.51
859 0.010349 39.27 387.55
860 0.010349 39.26 387.56
861 0.010348 39.26 387.56
862 0.010348 39.26 387.55
863 0.010348 39.26 387.55
864 0.010348 39.26 387.54
865 0.010347 39.27 387.53
866 0.010347 39.26 387.53
867 0.010347 39.26 387.53
868 0.010346 39.25 387.53
869 0.010346 39.25 387.53
870 0.010346 39.25 387.53
871 0.010345 39.24 387.52
872 0.010345 39.26 387.50
873 0.010345 39.27 387.46
874 0.010345 39.29 387.43
875 0.010344 39.30 387.41
876 0.010344 39.31 387.38
877 0.010344 39.31 387.37
878 0.010343 39.31 387.36
879 0.010343 39.31 387.36
880 0.010343 39.31 387.35
881 0.010343 39.31 387.35
882 0.010342 39.31 387.34
883 0.010342 39.32 387.33
884 0.010342 39.32 387.31
885 0.010341 39.32 387.30
886 0.010341 39.34 387.27
887 0.010341 39.34 387.26
888 0.010340 39.34 387.24
889 0.010340 39.35 387.23
890 0.010340 39.34 387.23
891 0.010339 39.34 387.23
892 0.010339 39.33 387.23
893 0.010339 39.33 387.22
894 0.010338 39.34 387.20
895 0.010338 39.36 387.17
896 0.010338 39.38 387.12
897 0.010337 39.40 387.08
898 0.010337 39.41 387.05
899 0.010337 39.42 387.03
