0.529177 3.4449889263732416
0.5616936984924623 1.770292187400912
0.5942103969849246 -1.2782294475741196
0.6267270954773869 -2.5271184345721736
0.6592437939698492 -1.0865938128953871
0.6917604924623115 1.2335405373946742
0.7242771909547738 2.0792210205299853
0.7567938894472361 0.817301669993924
0.7893105879396984 -1.1611429889675264
0.8218272864321609 -1.9812135066487713
0.8543439849246232 -0.9636840436553484
0.8868606834170855 0.982997851580194
0.9193773819095478 2.277621463483001
0.9518940804020101 1.8739629513513592
0.9844107788944724 -0.1850368575169341
1.0169274773869346 -3.0529178388485434
1.049444175879397 -5.752924666558499
1.0819608743718594 -7.692597567060375
1.1144775728643217 -8.780973286245683
1.146994271356784 -9.246284707032942
1.1795109698492463 -9.38374361360394
1.2120276683417086 -9.397286117520082
1.244544366834171 -9.36877927477417
1.2770610653266332 -9.302973770161714
1.3095777638190955 -9.1836473623693
1.3420944623115578 -9.005577104861686
1.3746111608040201 -8.779319785402436
1.4071278592964824 -8.52181678739214
1.4396445577889447 -8.246103348346537
1.472161256281407 -7.956674429334839
1.5046779547738693 -7.650692919247092
1.5371946532663316 -7.322104521231381
1.569711351758794 -6.965539182920281
1.6022280502512563 -6.578231122325974
1.6347447487437186 -6.159813846910367
1.6672614472361809 -5.710965788704129
1.6997781457286432 -5.232194563221356
1.7322948442211055 -4.723645918435977
1.7648115427135678 -4.186067674391211
1.79732824120603 -3.622384227989471
1.8298449396984924 -3.0390487114187295
1.8623616381909547 -2.446497591259913
1.894878336683417 -1.8584742715900688
1.9273950351758793 -1.2904566744675208
1.9599117336683418 -0.757709736311881
1.9924284321608041 -0.273511047160639
2.024945130653266 0.15207771503162348
2.0574618291457285 0.5127734317442787
2.089978527638191 0.8060575745024039
2.122495226130653 1.032777408055722
2.1550119246231154 1.1965517088165711
2.1875286231155777 1.3031081445340078
2.22004532160804 1.3596114152346672
2.2525620201005023 1.374002845560824
2.2850787185929646 1.3543703075745839
2.317595417085427 1.308386594047704
2.3501121155778892 1.242871094298721
2.3826288140703515 1.1635263282888673
2.4151455125628143 1.0748736705261308
2.4476622110552766 0.9803707250280809
2.480178909547739 0.8826525247118298
2.512695608040201 0.7838151557489255
2.5452123065326635 0.6856614142816966
2.577729005025126 0.5898520255613562
2.610245703517588 0.497943325715994
2.6427624020100504 0.4113301483095029
2.6752791005025127 0.3311393399596909
2.707795798994975 0.2581281947988714
2.7403124974874373 0.19263288668713585
2.7728291959798996 0.13458998247443787
2.805345894472362 0.08362774626908731
2.8378625929648242 0.03920172592029303
2.8703792914572865 0.0007371619793161699
2.902895989949749 -0.03225865591895172
2.935412688442211 -0.060139508007864606
2.9679293869346735 -0.08312650408481659
3.0004460854271358 -0.10136685436123116
3.032962783919598 -0.11502089600105592
3.0654794824120604 -0.12434745891192733
3.0979961809045227 -0.1297607019327529
3.130512879396985 -0.13184162411289435
3.1630295778894473 -0.13130118999646356
3.1955462763819096 -0.12890543352608574
3.228062974874372 -0.1253825422500654
3.260579673366834 -0.12133561284463212
3.2930963718592965 -0.1171820732948845
3.325613070351759 -0.11313289941443827
3.358129768844221 -0.10921410990874847
3.3906464673366834 -0.10532248155419666
3.4231631658291457 -0.10129959678602063
3.455679864321608 -0.09700496117534385
3.4881965628140703 -0.09237053405183815
3.5207132613065326 -0.08742488533926007
3.553229959798995 -0.0822836302398855
3.5857466582914572 -0.07711159581180027
3.6182633567839195 -0.07206917605253693
3.650780055276382 -0.0672589152284786
3.683296753768844 -0.06268779381093736
3.7158134522613064 -0.05825626315436239
3.7483301507537687 -0.05377797282977781
3.780846849246231 -0.04902614087410484
3.8133635477386933 -0.04379557861022931
3.8458802462311557 -0.03796515720557636
3.878396944723618 -0.03154499052402571
3.9109136432160803 -0.02469592674577825
3.9434303417085426 -0.017715311071526685
3.975947040201005 -0.010990909908571211
4.008463738693467 -0.004932505668989506
4.0409804371859295 0.00010383477120967655
4.073497135678392 0.003881790456205181
4.106013834170854 0.006326086938429398
4.138530532663316 0.007529674649106255
4.171047231155779 0.007725400779804659
4.203563929648241 0.00722929016035323
4.236080628140703 0.006369466834485138
4.268597326633166 0.0054183006369612485
4.301114025125628 0.004544519999114982
4.33363072361809 0.0037968173056128762
4.3661474221105525 0.0031220429477230027
4.398664120603015 0.0024115302499012614
4.431180819095477 0.0015609841594255158
4.463697517587939 0.000525107427392868
4.496214216080402 -0.000650715703500282
4.528730914572864 -0.0018326633721130747
4.561247613065326 -0.002834918167309297
4.593764311557789 -0.003478864545684246
4.626281010050251 -0.0036547199780443407
4.658797708542713 -0.0033627750031541837
4.6913144070351755 -0.002717224282719144
4.723831105527638 -0.0019088675763327956
4.7563478040201 -0.0011396695059033846
4.7888645025125625 -0.0005555940591079889
4.821381201005025 -0.00020706784528101707
4.853897899497487 -5.4654543077958806e-5
4.886414597989949 -1.382737917765553e-5
4.918931296482412 -9.335119614206633e-6
4.951447994974874 -5.142904058175191e-6
4.983964693467336 -6.64172716824396e-8
5.016481391959799 0.0
5.048998090452261 0.0
5.081514788944723 0.0
5.1140314874371855 0.0
5.146548185929648 0.0
5.179064884422111 0.0
5.211581582914573 0.0
5.244098281407036 0.0
5.276614979899498 0.0
5.30913167839196 0.0
5.3416483768844225 0.0
5.374165075376885 0.0
5.406681773869347 0.0
5.439198472361809 0.0
5.471715170854272 0.0
5.504231869346734 0.0
5.536748567839196 0.0
5.569265266331659 0.0
5.601781964824121 0.0
5.634298663316583 0.0
5.6668153618090455 0.0
5.699332060301508 0.0
5.73184875879397 0.0
5.7643654572864325 0.0
5.796882155778895 0.0
5.829398854271357 0.0
5.861915552763819 0.0
5.894432251256282 0.0
5.926948949748744 0.0
5.959465648241206 0.0
5.991982346733669 0.0
6.024499045226131 0.0
6.057015743718593 0.0
6.0895324422110555 0.0
6.122049140703518 0.0
6.15456583919598 0.0
6.187082537688442 0.0
6.219599236180905 0.0
6.252115934673367 0.0
6.284632633165829 0.0
6.317149331658292 0.0
6.349666030150754 0.0
6.382182728643216 0.0
6.4146994271356785 0.0
6.447216125628141 0.0
6.479732824120603 0.0
6.5122495226130654 0.0
6.544766221105528 0.0
6.57728291959799 0.0
6.609799618090452 0.0
6.642316316582915 0.0
6.674833015075377 0.0
6.707349713567839 0.0
6.739866412060302 0.0
6.772383110552764 0.0
6.804899809045226 0.0
6.8374165075376885 0.0
6.869933206030151 0.0
6.902449904522613 0.0
6.934966603015075 0.0
6.967483301507538 0.0
7.0 0.0
