0.529177 -100.32350964808029
0.5616936984924623 -76.74659520373098
0.5942103969849246 -49.337532670091605
0.6267270954773869 -22.010848274008822
0.6592437939698492 2.060301410881948
0.6917604924623115 20.608549061267695
0.7242771909547738 32.369562388630584
0.7567938894472361 37.08560919432966
0.7893105879396984 35.40647358078968
0.8218272864321609 28.696739512466593
0.8543439849246232 18.774344897332412
0.8868606834170855 7.616593059859952
0.9193773819095478 -2.925343172644716
0.9518940804020101 -11.364680540005793
0.9844107788944724 -16.740122313407483
1.0169274773869346 -18.683400728383276
1.049444175879397 -17.392481279664935
1.0819608743718594 -13.524419536215646
1.1144775728643217 -8.033209511055247
1.146994271356784 -1.9841101785641513
1.1795109698492463 3.6237784860095417
1.2120276683417086 8.000002146032784
1.244544366834171 10.652614632313998
1.2770610653266332 11.418618962505207
1.3095777638190955 10.438817835012742
1.3420944623115578 8.089432947046589
1.3746111608040201 4.888067737985693
1.4071278592964824 1.3930517903190776
1.4396445577889447 -1.886773180340242
1.472161256281407 -4.559298774058334
1.5046779547738693 -6.3867802991953795
1.5371946532663316 -7.293184959513383
1.569711351758794 -7.3456180971479625
1.6022280502512563 -6.7175695643145446
1.6347447487437186 -5.643184176373325
1.6672614472361809 -4.3714182783314754
1.6997781457286432 -3.1272087029228715
1.7322948442211055 -2.084222428587964
1.7648115427135678 -1.3509731888734677
1.79732824120603 -0.9695979586940666
1.8298449396984924 -0.9247366732579394
1.8623616381909547 -1.1589217108139565
1.894878336683417 -1.590653874567579
1.9273950351758793 -2.1317782729311148
1.9599117336683418 -2.701655763998133
1.9924284321608041 -3.2367083833232755
2.024945130653266 -3.6949782009123737
2.0574618291457285 -4.056211136141428
2.089978527638191 -4.3185632301556325
2.122495226130653 -4.493299178269808
2.1550119246231154 -4.598841575541883
2.1875286231155777 -4.655303192739666
2.22004532160804 -4.680280813428908
2.2525620201005023 -4.686294600329347
2.2850787185929646 -4.679894301989407
2.317595417085427 -4.662173145659835
2.3501121155778892 -4.63025729412584
2.3826288140703515 -4.57927562381883
2.4151455125628143 -4.504345857061708
2.4476622110552766 -4.402212172310101
2.480178909547739 -4.27230538052936
2.512695608040201 -4.117140077843942
2.5452123065326635 -3.9420899426240794
2.577729005025126 -3.7546765264287387
2.610245703517588 -3.5635609660439513
2.6427624020100504 -3.3774421578364127
2.6752791005025127 -3.2040451377233694
2.707795798994975 -3.0493394613058626
2.7403124974874373 -2.917070519162735
2.7728291959798996 -2.8086277413931384
2.805345894472362 -2.723221450271012
2.8378625929648242 -2.6583008862126007
2.8703792914572865 -2.6101228174902644
2.902895989949749 -2.574373474859385
2.935412688442211 -2.5467543497907172
2.9679293869346735 -2.5234610989100474
3.0004460854271358 -2.50151004273539
3.032962783919598 -2.4788940892594837
3.0654794824120604 -2.454575415176805
3.0979961809045227 -2.428342876935858
3.130512879396985 -2.400576006166375
3.1630295778894473 -2.3719638379225216
3.1955462763819096 -2.34322604312365
3.228062974874372 -2.3148770382413204
3.260579673366834 -2.287062629729917
3.2930963718592965 -2.2594852857673686
3.325613070351759 -2.231420272741161
3.358129768844221 -2.201812375722511
3.3906464673366834 -2.169433074830522
3.4231631658291457 -2.1330717222645035
3.455679864321608 -2.0917317989406
3.4881965628140703 -2.0448045912162343
3.5207132613065326 -1.9921970878567663
3.553229959798995 -1.9343977384451136
3.5857466582914572 -1.8724719551792077
3.6182633567839195 -1.8079878550597641
3.650780055276382 -1.7428807700089237
3.683296753768844 -1.6792716933905467
3.7158134522613064 -1.6192594950807688
3.7483301507537687 -1.5647090857564763
3.780846849246231 -1.5170576635355246
3.8133635477386933 -1.4771588901967334
3.8458802462311557 -1.4451806781235064
3.878396944723618 -1.4205667306796386
3.9109136432160803 -1.4020656654993218
3.9434303417085426 -1.3878250891066273
3.975947040201005 -1.3755419810859166
4.008463738693467 -1.3626557075785968
4.0409804371859295 -1.3465663221813884
4.073497135678392 -1.324858790347207
4.106013834170854 -1.295513500846937
4.138530532663316 -1.2570848616342118
4.171047231155779 -1.2088327356559603
4.203563929648241 -1.1507956561199535
4.236080628140703 -1.083799785885276
4.268597326633166 -1.009403015819771
4.301114025125628 -0.9297789804968488
4.33363072361809 -0.847550675034654
4.3661474221105525 -0.7655874037336616
4.398664120603015 -0.6867816774774838
4.431180819095477 -0.6138241972294054
4.463697517587939 -0.5489951195158937
4.496214216080402 -0.4939884128089034
4.528730914572864 -0.44978340608759027
4.561247613065326 -0.416573823793442
4.593764311557789 -0.39375999541880446
4.626281010050251 -0.3800048796383635
4.658797708542713 -0.3733494394164154
4.6913144070351755 -0.3713781360511348
4.723831105527638 -0.3714212425002188
4.7563478040201 -0.37077762579065165
4.7888645025125625 -0.36693985886995506
4.821381201005025 -0.35780314886869746
4.853897899497487 -0.34184066410307423
4.886414597989949 -0.3182303529265482
4.918931296482412 -0.28692211333509476
4.951447994974874 -0.24863893547444604
4.983964693467336 -0.2048110582309164
5.016481391959799 -0.15744785109745862
5.048998090452261 -0.10895761066058185
5.081514788944723 -0.06193029535279493
5.1140314874371855 -0.018901983497926267
5.146548185929648 0.01787784690532135
5.179064884422111 0.04665454092719301
5.211581582914573 0.06633164919367118
5.244098281407036 0.07657240540356725
5.276614979899498 0.07782733579551859
5.30913167839196 0.07128267470216088
5.3416483768844225 0.05873197908476868
5.374165075376885 0.04238152567813813
5.406681773869347 0.024607996570921387
5.439198472361809 0.007693777630265686
5.471715170854272 -0.006429967927033431
5.504231869346734 -0.016400284421251854
5.536748567839196 -0.021568876167293638
5.569265266331659 -0.022053133772715228
5.601781964824121 -0.01867688297170389
5.634298663316583 -0.01280017073986528
5.6668153618090455 -0.006054882926036953
5.699332060301508 -2.222629336756654e-5
5.73184875879397 0.004093360408660374
5.7643654572864325 0.0057250346180808265
5.796882155778895 0.0050651198835112154
5.829398854271357 0.002983668393426342
5.861915552763819 0.0007139198478398612
5.894432251256282 -0.0006585076353076147
5.926948949748744 -0.0007536809007433476
5.959465648241206 -0.00018196414930571336
5.991982346733669 1.3505286915460601e-5
6.024499045226131 0.0
6.057015743718593 0.0
6.0895324422110555 0.0
6.122049140703518 0.0
6.15456583919598 0.0
6.187082537688442 0.0
6.219599236180905 0.0
6.252115934673367 0.0
6.284632633165829 0.0
6.317149331658292 0.0
6.349666030150754 0.0
6.382182728643216 0.0
6.4146994271356785 0.0
6.447216125628141 0.0
6.479732824120603 0.0
6.5122495226130654 0.0
6.544766221105528 0.0
6.57728291959799 0.0
6.609799618090452 0.0
6.642316316582915 0.0
6.674833015075377 0.0
6.707349713567839 0.0
6.739866412060302 0.0
6.772383110552764 0.0
6.804899809045226 0.0
6.8374165075376885 0.0
6.869933206030151 0.0
6.902449904522613 0.0
6.934966603015075 0.0
6.967483301507538 0.0
7.0 0.0
