0.529177 43.41510878888079
0.5616936984924623 31.36346275786576
0.5942103969849246 21.757590299584365
0.6267270954773869 14.157069527733256
0.6592437939698492 8.205661385171311
0.6917604924623115 3.6078225261896364
0.7242771909547738 0.1136682658150221
0.7567938894472361 -2.4905293600502887
0.7893105879396984 -4.388271341982602
0.8218272864321609 -5.736545748989499
0.8543439849246232 -6.668270889578366
0.8868606834170855 -7.294115110901259
0.9193773819095478 -7.704116255301926
0.9518940804020101 -7.969351179471516
0.9844107788944724 -8.143774635487546
1.0169274773869346 -8.26625142005355
1.049444175879397 -8.362741638713544
1.0819608743718594 -8.448561771800769
1.1144775728643217 -8.530629048228661
1.146994271356784 -8.609598162397276
1.1795109698492463 -8.681812368012459
1.2120276683417086 -8.741010646893187
1.244544366834171 -8.779754931689979
1.2770610653266332 -8.790563142774886
1.3095777638190955 -8.766752937898218
1.3420944623115578 -8.703016325056524
1.3746111608040201 -8.595756164904174
1.4071278592964824 -8.443222172328149
1.4396445577889447 -8.245486788895732
1.472161256281407 -8.004300931801481
1.5046779547738693 -7.722866909702475
1.5371946532663316 -7.405561496215
1.569711351758794 -7.057636952294217
1.6022280502512563 -6.684922256671996
1.6347447487437186 -6.293541375935092
1.6672614472361809 -5.889660392074575
1.6997781457286432 -5.479270900750635
1.7322948442211055 -5.068013398415417
1.7648115427135678 -4.6610414170460785
1.79732824120603 -4.262924913952929
1.8298449396984924 -3.8775898175212546
1.8623616381909547 -3.5082895835499244
1.894878336683417 -3.1576040377345294
1.9273950351758793 -2.827460574064389
1.9599117336683418 -2.5191728582406085
1.9924284321608041 -2.2334924706990478
2.024945130653266 -1.9706693475638986
2.0574618291457285 -1.730517383741244
2.089978527638191 -1.5124821056652422
2.122495226130653 -1.3157078676875926
2.1550119246231154 -1.1391025507734298
2.1875286231155777 -0.9813982278710682
2.22004532160804 -0.8412066963519464
2.2525620201005023 -0.7170691586641169
2.2850787185929646 -0.6074996561218313
2.317595417085427 -0.5110221287507102
2.3501121155778892 -0.4262011895301612
2.3826288140703515 -0.3516668687196898
2.4151455125628143 -0.2861337084675597
2.4476622110552766 -0.22841467514246006
2.480178909547739 -0.1774304123460979
2.512695608040201 -0.13221438668659857
2.5452123065326635 -0.09191448606981112
2.577729005025126 -0.055791620965010225
2.610245703517588 -0.023215856808519675
2.6427624020100504 0.006339426153090244
2.6752791005025127 0.033304887755832624
2.707795798994975 0.05802368238380495
2.7403124974874373 0.08076064266003868
2.7728291959798996 0.10171186738807592
2.805345894472362 0.12101443342743323
2.8378625929648242 0.13875599417161766
2.8703792914572865 0.15498406790760555
2.902895989949749 0.16971485708717182
2.935412688442211 0.18294147412109396
2.9679293869346735 0.1946414805634049
3.0004460854271358 0.20478367442871104
3.032962783919598 0.21333408493160277
3.0654794824120604 0.22026115526170997
3.0979961809045227 0.22554011226867487
3.130512879396985 0.22915653733286945
3.1630295778894473 0.23110916544385418
3.1955462763819096 0.23141194984179947
3.228062974874372 0.2300954377205926
3.260579673366834 0.22720750868364803
3.2930963718592965 0.2228135321020659
3.325613070351759 0.21699600247160333
3.358129768844221 0.2098537134952494
3.3906464673366834 0.20150053212273633
3.4231631658291457 0.1920638333327247
3.455679864321608 0.18168265519852866
3.4881965628140703 0.1705056318841116
3.5207132613065326 0.15868875979742825
3.553229959798995 0.146393049296762
3.5857466582914572 0.13378211120499373
3.6182633567839195 0.12101972402257388
3.650780055276382 0.10826742421943436
3.683296753768844 0.09568215839379945
3.7158134522613064 0.08341403246822665
3.7483301507537687 0.07160418949916902
3.780846849246231 0.060382844137848224
3.8133635477386933 0.049867498340802285
3.8458802462311557 0.040161359601938784
3.878396944723618 0.03135197979219129
3.9109136432160803 0.023510129662327017
3.9434303417085426 0.016688921196532647
3.975947040201005 0.010923187310936555
4.008463738693467 0.006229125875961472
4.0409804371859295 0.0026042127033178986
4.073497135678392 2.738598220730637e-5
4.106013834170854 -0.001540497333166968
4.138530532663316 -0.002155934487802824
4.171047231155779 -0.0018917821850550354
4.203563929648241 -0.0008359985599781794
4.236080628140703 0.0009098723949136911
4.268597326633166 0.0032324670416414847
4.301114025125628 0.006008611007359832
4.33363072361809 0.009107561958501265
4.3661474221105525 0.012393476634088074
4.398664120603015 0.015728091880873762
4.431180819095477 0.018973608891712956
4.463697517587939 0.021995769406942145
4.496214216080402 0.02466711229487828
4.528730914572864 0.026870398667995232
4.561247613065326 0.028502193512451868
4.593764311557789 0.029476591704849398
4.626281010050251 0.02972907624985055
4.658797708542713 0.029220496594518863
4.6913144070351755 0.0279411549512929
4.723831105527638 0.025914988685826756
4.7563478040201 0.023203836995207894
4.7888645025125625 0.01991178030669971
4.821381201005025 0.01618954107158288
4.853897899497487 0.012238934894980957
4.886414597989949 0.008317361242518473
4.918931296482412 0.00474232327928803
4.951447994974874 0.0018959667357307808
4.983964693467336 0.00022962804490589406
5.016481391959799 0.0
5.048998090452261 0.0
5.081514788944723 0.0
5.1140314874371855 0.0
5.146548185929648 0.0
5.179064884422111 0.0
5.211581582914573 0.0
5.244098281407036 0.0
5.276614979899498 0.0
5.30913167839196 0.0
5.3416483768844225 0.0
5.374165075376885 0.0
5.406681773869347 0.0
5.439198472361809 0.0
5.471715170854272 0.0
5.504231869346734 0.0
5.536748567839196 0.0
5.569265266331659 0.0
5.601781964824121 0.0
5.634298663316583 0.0
5.6668153618090455 0.0
5.699332060301508 0.0
5.73184875879397 0.0
5.7643654572864325 0.0
5.796882155778895 0.0
5.829398854271357 0.0
5.861915552763819 0.0
5.894432251256282 0.0
5.926948949748744 0.0
5.959465648241206 0.0
5.991982346733669 0.0
6.024499045226131 0.0
6.057015743718593 0.0
6.0895324422110555 0.0
6.122049140703518 0.0
6.15456583919598 0.0
6.187082537688442 0.0
6.219599236180905 0.0
6.252115934673367 0.0
6.284632633165829 0.0
6.317149331658292 0.0
6.349666030150754 0.0
6.382182728643216 0.0
6.4146994271356785 0.0
6.447216125628141 0.0
6.479732824120603 0.0
6.5122495226130654 0.0
6.544766221105528 0.0
6.57728291959799 0.0
6.609799618090452 0.0
6.642316316582915 0.0
6.674833015075377 0.0
6.707349713567839 0.0
6.739866412060302 0.0
6.772383110552764 0.0
6.804899809045226 0.0
6.8374165075376885 0.0
6.869933206030151 0.0
6.902449904522613 0.0
6.934966603015075 0.0
6.967483301507538 0.0
7.0 0.0
