0.529177 -0.022008746806477575
0.5616936984924623 -0.0028328813993425683
0.5942103969849246 0.016661706468028115
0.6267270954773869 0.00778907365457826
0.6592437939698492 -0.011492899535426204
0.6917604924623115 -0.01053309147988557
0.7242771909547738 0.006565595765039234
0.7567938894472361 0.011864861769879553
0.7893105879396984 -0.0016238566767015072
0.8218272864321609 -0.011897388854379187
0.8543439849246232 -0.0035317108028039
0.8868606834170855 0.010224916228708025
0.9193773819095478 0.008777009518723844
0.9518940804020101 -0.0060027137669180775
0.9844107788944724 -0.013286760710002454
1.0169274773869346 -0.0019701738166304494
1.049444175879397 0.014812834507949901
1.0819608743718594 0.01540808117999859
1.1144775728643217 -0.006394737910397907
1.146994271356784 -0.036277892667499145
1.1795109698492463 -0.054787413327915147
1.2120276683417086 -0.05409799470595544
1.244544366834171 -0.04103418786297652
1.2770610653266332 -0.028160348831193005
1.3095777638190955 -0.024087040612016608
1.3420944623115578 -0.030180370517371102
1.3746111608040201 -0.04263721147185606
1.4071278592964824 -0.05561679675798814
1.4396445577889447 -0.06331832551109073
1.472161256281407 -0.06159959555225214
1.5046779547738693 -0.04973820488419278
1.5371946532663316 -0.031380248645518805
1.569711351758794 -0.013284795982713149
1.6022280502512563 -0.0019621375100200567
1.6347447487437186 -0.00017447953524651894
1.6672614472361809 -0.005629407588060076
1.6997781457286432 -0.012699487565896561
1.7322948442211055 -0.015928063600767928
1.7648115427135678 -0.013026843035675029
1.79732824120603 -0.005651659265538456
1.8298449396984924 0.002170633497030394
1.8623616381909547 0.006684208850458617
1.894878336683417 0.0064422057668025445
1.9273950351758793 0.0027197894358437225
1.9599117336683418 -0.0016201771583723712
1.9924284321608041 -0.0039058752354890203
2.024945130653266 -0.0030173585429338345
2.0574618291457285 0.00029447351471389993
2.089978527638191 0.0040900843555391475
2.122495226130653 0.006389427139595227
2.1550119246231154 0.006134675050930127
2.1875286231155777 0.0035444444462768843
2.22004532160804 -0.00018521759466239018
2.2525620201005023 -0.0035653044179753124
2.2850787185929646 -0.0054986252814046566
2.317595417085427 -0.005663349654128069
2.3501121155778892 -0.004491807696581418
2.3826288140703515 -0.0028383633970747724
2.4151455125628143 -0.0015415990689575665
2.4476622110552766 -0.0010850272331026645
2.480178909547739 -0.0014747523216556147
2.512695608040201 -0.002337801238525117
2.5452123065326635 -0.0031548381892889665
2.577729005025126 -0.0035059232851608613
2.610245703517588 -0.0032287841561924324
2.6427624020100504 -0.0024445516497166864
2.6752791005025127 -0.001466626475121302
2.707795798994975 -0.000649943313590029
2.7403124974874373 -0.00024902369909796107
2.7728291959798996 -0.0003365025155517287
2.805345894472362 -0.0008015292304435206
2.8378625929648242 -0.001414686383895969
2.8703792914572865 -0.001924696526259595
2.902895989949749 -0.0021473875272590703
2.935412688442211 -0.0020173906326022006
2.9679293869346735 -0.0015913405410969972
3.0004460854271358 -0.0010099656304305427
3.032962783919598 -0.0004390033217305245
3.0654794824120604 -1.2328643549608387e-5
3.0979961809045227 0.0002043252766270598
3.130512879396985 0.00022084486431594996
3.1630295778894473 0.00010419220586754818
3.1955462763819096 -5.5322075354524713e-5
3.228062974874372 -0.00017906301218317822
3.260579673366834 -0.00022453729377502896
3.2930963718592965 -0.00019298294415648343
3.325613070351759 -0.00012040394540235866
3.358129768844221 -5.778900003861054e-5
3.3906464673366834 -4.8920217295744806e-5
3.4231631658291457 -0.0001136930304710404
3.455679864321608 -0.00024189180595612925
3.4881965628140703 -0.00039823054783028056
3.5207132613065326 -0.0005356613614253547
3.553229959798995 -0.0006116316338307115
3.5857466582914572 -0.0006016569825533225
3.6182633567839195 -0.0005060949447397434
3.650780055276382 -0.00034863517083749684
3.683296753768844 -0.0001677999513276518
3.7158134522613064 -4.790268860688229e-6
3.7483301507537687 0.00010822648704333915
3.780846849246231 0.00015589191633580413
3.8133635477386933 0.00014161443272087126
3.8458802462311557 8.383720449955945e-5
3.878396944723618 8.476123184664175e-6
3.9109136432160803 -5.966480819097342e-5
3.9434303417085426 -0.00010373820441600401
3.975947040201005 -0.00011810678779511363
4.008463738693467 -0.00010754448993566257
4.0409804371859295 -8.329280518637461e-5
4.073497135678392 -5.778349782303849e-5
4.106013834170854 -4.002793434665364e-5
4.138530532663316 -3.3159571444230096e-5
4.171047231155779 -3.464741024572504e-5
4.203563929648241 -3.865850368356405e-5
4.236080628140703 -3.931596592110509e-5
4.268597326633166 -3.341669167866712e-5
4.301114025125628 -2.1563655081990873e-5
4.33363072361809 -7.4369988851685775e-6
4.3661474221105525 4.255908152117627e-6
4.398664120603015 1.0086840234180272e-5
4.431180819095477 9.38078039780521e-6
4.463697517587939 4.237319615185697e-6
4.496214216080402 -1.7855711007541686e-6
4.528730914572864 -5.558601799293683e-6
4.561247613065326 -5.824295953971159e-6
4.593764311557789 -3.4695510748861125e-6
4.626281010050251 -5.846566750733473e-7
4.658797708542713 1.025484891670203e-6
4.6913144070351755 9.021315463542123e-7
4.723831105527638 -9.2146365204826e-8
4.7563478040201 -7.509733563892951e-7
4.7888645025125625 -5.892741228308296e-7
4.821381201005025 -6.777219141440582e-8
4.853897899497487 1.5441662526427535e-7
4.886414597989949 2.6255349894199753e-8
4.918931296482412 -5.100815769765177e-8
4.951447994974874 -4.5929482439532876e-11
4.983964693467336 2.9814373192493804e-10
5.016481391959799 0.0
5.048998090452261 0.0
5.081514788944723 0.0
5.1140314874371855 0.0
5.146548185929648 0.0
5.179064884422111 0.0
5.211581582914573 0.0
5.244098281407036 0.0
5.276614979899498 0.0
5.30913167839196 0.0
5.3416483768844225 0.0
5.374165075376885 0.0
5.406681773869347 0.0
5.439198472361809 0.0
5.471715170854272 0.0
5.504231869346734 0.0
5.536748567839196 0.0
5.569265266331659 0.0
5.601781964824121 0.0
5.634298663316583 0.0
5.6668153618090455 0.0
5.699332060301508 0.0
5.73184875879397 0.0
5.7643654572864325 0.0
5.796882155778895 0.0
5.829398854271357 0.0
5.861915552763819 0.0
5.894432251256282 0.0
5.926948949748744 0.0
5.959465648241206 0.0
5.991982346733669 0.0
6.024499045226131 0.0
6.057015743718593 0.0
6.0895324422110555 0.0
6.122049140703518 0.0
6.15456583919598 0.0
6.187082537688442 0.0
6.219599236180905 0.0
6.252115934673367 0.0
6.284632633165829 0.0
6.317149331658292 0.0
6.349666030150754 0.0
6.382182728643216 0.0
6.4146994271356785 0.0
6.447216125628141 0.0
6.479732824120603 0.0
6.5122495226130654 0.0
6.544766221105528 0.0
6.57728291959799 0.0
6.609799618090452 0.0
6.642316316582915 0.0
6.674833015075377 0.0
6.707349713567839 0.0
6.739866412060302 0.0
6.772383110552764 0.0
6.804899809045226 0.0
6.8374165075376885 0.0
6.869933206030151 0.0
6.902449904522613 0.0
6.934966603015075 0.0
6.967483301507538 0.0
7.0 0.0
