-9.5332338377072823
5.6547078041846452
3.4381590795173316
-3.1251693173309953
1.6205862874649513
-2.8960223730468000
-0.0021157907914040
-0.0130376011540211
-1.1524213902805378
2.0371099626487164
-0.6257437100987078
1.8908774662039012
0.7717296457174574
0.3772427390130459
1.8620461056775888
-0.8887250307114984
1.9644324296385718
-1.1961845296835769
1.2896798363634911
-0.8091587109501692
0.5334689856561181
-0.3266932262484053
0.1101153877721982
-0.0680298793429046
-0.0000000000023381
0.0000000000020387
0.0000000000000886
-0.0000000000012618
0.0000000000013162
0.0000000000004214
0.0000000000026719
-0.0000000000022678
0.0000000000001031
0.0000000000015047
-0.0000000000006874
-0.0000000000030249
0.0000000000038365
-0.0000000000020815
-0.0000000000022308
0.0000000000032885
-0.0000000000004094
0.0000000000026592
0.0000000000005956
-0.0000000000087042
0.0000000000077208
-0.0000000000062338
0.0000000000006564
0.0000000000058895
-0.0000000000080579
0.0000000000004455
0.0000000000059797
-0.0000000000035235
0.0000000000066560
0.0000000000000937
-0.0000000000091302
0.0000000000037280
0.0000000000027608
-0.0000000000056917
0.0000000000084066
0.0000000000156219
-0.0000000000108393
0.0000000000101849
-0.0000000000002317
-0.0000000000121366
0.0000000000110484
-0.0000000000084202
-0.0000000000052478
0.0000000000084344
-0.0000000000114164
-0.0000000000067927
0.0000000000154113
-0.0000000000105576
-0.0000000000345459
0.0000000000324429
-0.0000000000183092
-0.0000000000063976
0.0000000000233015
-0.0000000000272948
0.0000000000066793
0.0000000000170538
-0.0000000000261835
0.0000000000047951
0.0000000000365779
-0.0000000000314499
0.0000000000241038
0.0000000000075269
-0.0000000000246480
0.0000000000253406
-0.0000000000091143
-0.0000000000384108
0.0000000000334322
-0.0000000000243371
-0.0000000000031814
0.0000000000268329
-0.0000000000003435
0.0000000000011924
-0.0000000000008068
0.0000000000002267
0.0000000000011622
-0.0000000000031891
-0.0000000000031130
0.0000000000087445
-0.0000000000043961
-0.0000000000044201
0.0000000000029744
0.0000000000009105
0.0000000000058122
0.0000000000017718
-0.0000000000077886
-0.0000000000016697
-0.0000000000162451
0.0000000000090905
0.0000000000039228
-0.0000000000069914
0.0000000000127733
-0.0000000000110863
-0.0000000000050364
0.0000000000141054
-0.0000000000108007
-0.0000000000179978
0.0000000000168423
-0.0000000000044961
0.0000000000130828
0.0000000000076092
0.0000000000193036
-0.0000000000110617
-0.0000000000104331
0.0000000000141663
-0.0000000000202048
0.0000000000076913
0.0000000000179308
-0.0000000000229252
0.0000000000135148
0.0000000000294520
-0.0000000000104874
-0.0000000000775248
0.0000000000337920
0.0000000000086935
-0.0000000000346020
0.0000000000461631
-0.0000000000158216
-0.0000000000411954
0.0000000000462987
0.0000000000796379
-0.0000000000417391
-0.0000000000110090
0.0000000000426535
-0.0000000000439642
-0.0000000000733973
0.0000000000462896
0.0000000000005842
0.0000000000004052
0.0000000000052265
-0.0000000000079806
0.0000000000048792
0.0000000000086220
-0.0000000000122517
-0.0000000000015559
0.0000000000135656
-0.0000000000066691
-0.0000000000020190
0.0000000000035899
0.0000000000028780
0.0000000000087935
-0.0000000000014002
-0.0000000000105142
-0.0000000000037362
0.0000000000190532
-0.0000000000167844
0.0000000000068950
0.0000000000252907
-0.0000000000257568
-0.0000000000099384
0.0000000000229495
-0.0000000000152511
-0.0000000000046616
0.0000000000029291
0.0000000000062152
0.0000000000071576
-0.0000000000200197
0.0000000000191918
-0.0000000000056334
-0.0000000000309997
0.0000000000352722
0.0000000000086064
-0.0000000000413503
-0.0000000000316172
-0.0000000000144284
0.0000000000419432
-0.0000000000381525
0.0000000000004133
0.0000000000532387
0.0000000000336018
0.0000000000085808
-0.0000000000403785
0.0000000000072250
-0.0000000000075399
0.0000000000082983
0.0000000000061193
-0.0000000000145928
0.0000000000075756
0.0000000000005818
-0.0000000000134813
0.0000000000096267
0.0000000000024319
-0.0000000000073106
0.0000000000087537
0.0000000000022942
0.0000000000161852
-0.0000000000097807
0.0000000000095836
0.0000000000139391
-0.0000000000225848
0.0000000000090662
0.0000000000051698
-0.0000000000171888
0.0000000000123153
0.0000000000127080
-0.0000000000101664
0.0000000000171259
-0.0000000000060180
-0.0000000000090219
0.0000000000255670
-0.0000000000065972
-0.0000000000076930
0.0000000000129810
-0.0000000000156790
0.0000000000003996
0.0000000000114093
-0.0000000000353363
0.0000000000105200
0.0000000000047379
-0.0000000000084582
0.0000000000036343
0.0000000000016370
-0.0000000000082029
0.0000000000058265
-0.0000000000008703
-0.0000000000045400
0.0000000000154630
-0.0000000000002834
0.0000000000098080
0.0000000000112877
-0.0000000000161470
0.0000000000031538
0.0000000000042615
-0.0000000000123374
0.0000000000047791
0.0000000000028313
-0.0000000000120794
-0.0000000000137320
0.0000000000227971
0.0000000000077302
-0.0000000000082957
-0.0000000000285223
0.0000000000376191
-0.0000000000116142
0.0000000000043706
0.0000000000086385
-0.0000000000110967
0.0000000000004225
0.0000000000081560
-0.0000000000106109
0.0000000000035244
-0.0000000000008014
-0.0000000000324292
-0.0000000000013920
0.0000000000164678
-0.0000000000301602
0.0000000000017799
0.0000000000189160
0.0000000000364267
-0.0000000000100877
-0.0000000000239407
0.0000000000133808
-0.0000000000170051
0.0000000000111686
0.0000000000045231
-0.0000000000194970
0.0000000000154305
0.0000000000035651
0.0000000000231438
-0.0000000000220567
0.0000000000162097
0.0000000000162841
-0.0000000000287134
0.0000000000155011
0.0000000000044733
-0.0000000000128369
0.0000000000146148
-0.0000000000079050
0.0000000000195620
0.0000000000055917
-0.0000000000126724
0.0000000000140732
0.0000000000030807
-0.0000000000020778
