0.529177 3607.351686945164
0.5616936984924623 3303.5961184357116
0.5942103969849246 2868.2317113398826
0.6267270954773869 2378.1495854719938
0.6592437939698492 1890.0175243306464
0.6917604924623115 1441.9247821129459
0.7242771909547738 1055.8802337262773
0.7567938894472361 740.9374762690667
0.7893105879396984 496.5852810306729
0.8218272864321609 316.02959914260396
0.8543439849246232 189.06485194880082
0.8868606834170855 104.34628817887028
0.9193773819095478 50.99583491943861
0.9518940804020101 19.57550672287931
0.9844107788944724 2.5315334943675794
1.0169274773869346 -5.753790711924751
1.049444175879397 -9.161947034923742
1.0819608743718594 -10.16674339680793
1.1144775728643217 -10.197549146525319
1.146994271356784 -9.974991359577416
1.1795109698492463 -9.78560350158591
1.2120276683417086 -9.684274608440717
1.244544366834171 -9.628367683914234
1.2770610653266332 -9.55565568668294
1.3095777638190955 -9.421215033903536
1.3420944623115578 -9.20783856883304
1.3746111608040201 -8.921968131762071
1.4071278592964824 -8.583843577531866
1.4396445577889447 -8.217356928811682
1.472161256281407 -7.842452296289537
1.5046779547738693 -7.471000289168501
1.5371946532663316 -7.105882732852081
1.569711351758794 -6.742425557227307
1.6022280502512563 -6.371150020849427
1.6347447487437186 -5.980913518169302
1.6672614472361809 -5.561746941427145
1.6997781457286432 -5.106968319379689
1.7322948442211055 -4.614400541835323
1.7648115427135678 -4.086712710595009
1.79732824120603 -3.531030379021047
1.8298449396984924 -2.958024175609637
1.8623616381909547 -2.3807011469496047
1.894878336683417 -1.8131033677355504
1.9273950351758793 -1.2690781661046913
1.9599117336683418 -0.7612355721549307
1.9924284321608041 -0.30016011493529504
2.024945130653266 0.10609841421660349
2.0574618291457285 0.4522641036272148
2.089978527638191 0.7358363478026035
2.122495226130653 0.9568999495415369
2.1550119246231154 1.1177961726950798
2.1875286231155777 1.2227065667996726
2.22004532160804 1.2771964656027421
2.2525620201005023 1.2877574067521778
2.2850787185929646 1.2613787879364509
2.317595417085427 1.2051699975524457
2.3501121155778892 1.126045838918401
2.3826288140703515 1.0304808118823985
2.4151455125628143 0.9243319815404334
2.4476622110552766 0.8127258149223167
2.480178909547739 0.7000014289271803
2.512695608040201 0.589701003097673
2.5452123065326635 0.4845974567772373
2.577729005025126 0.38674964233501896
2.610245703517588 0.2975760406383188
2.6427624020100504 0.2179390588428305
2.6752791005025127 0.14823335058025577
2.707795798994975 0.08847296501630808
2.7403124974874373 0.0383734780133409
2.7728291959798996 -0.0025735088477745194
2.805345894472362 -0.03503504439328253
2.8378625929648242 -0.059781336268258656
2.8703792914572865 -0.07764005422200171
2.902895989949749 -0.08945988004649053
2.935412688442211 -0.09608241195678602
2.9679293869346735 -0.09832133133278376
3.0004460854271358 -0.09694765847063991
3.032962783919598 -0.09267993525344309
3.0654794824120604 -0.08617825153447711
3.0979961809045227 -0.07804115595274652
3.130512879396985 -0.06880464132950692
3.1630295778894473 -0.058942553582824075
3.1955462763819096 -0.04886792857331557
3.228062974874372 -0.038934904109396484
3.260579673366834 -0.029440978192496914
3.2930963718592965 -0.02062948582761237
3.325613070351759 -0.012692243964522731
3.358129768844221 -0.005772367756094354
3.3906464673366834 3.270690189083325e-5
3.4231631658291457 0.004667946922154442
3.455679864321608 0.008117147126426971
3.4881965628140703 0.01039902752955868
3.5207132613065326 0.011562996974589623
3.553229959798995 0.011684605608309084
3.5857466582914572 0.010860738517067148
3.6182633567839195 0.009204631331670043
3.650780055276382 0.0068408133734010335
3.683296753768844 0.0039001031155976307
3.7158134522613064 0.0005147930487510166
3.7483301507537687 -0.0031858343245403375
3.780846849246231 -0.007079520988213517
3.8133635477386933 -0.01105445122806259
3.8458802462311557 -0.01501196411214778
3.878396944723618 -0.018868476977729642
3.9109136432160803 -0.02255656660446448
3.9434303417085426 -0.02602518910538265
3.975947040201005 -0.029239056455196533
4.008463738693467 -0.03217722543359969
4.0409804371859295 -0.034830991983540116
4.073497135678392 -0.03720121897828221
4.106013834170854 -0.03929525660947775
4.138530532663316 -0.04112364059358242
4.171047231155779 -0.04269677280041151
4.203563929648241 -0.04402180053017446
4.236080628140703 -0.04509991344872333
4.268597326633166 -0.04592427025932011
4.301114025125628 -0.04647874982373423
4.33363072361809 -0.04673769313126286
4.3661474221105525 -0.04666676289019733
4.398664120603015 -0.046224996413855024
4.431180819095477 -0.0453680648869863
4.463697517587939 -0.04405267818060565
4.496214216080402 -0.042241989440867656
4.528730914572864 -0.03991175814775261
4.561247613065326 -0.037056924798037016
4.593764311557789 -0.03369813547578815
4.626281010050251 -0.02988763112421111
4.658797708542713 -0.025713785162565728
4.6913144070351755 -0.02130343514033939
4.723831105527638 -0.01682101035288497
4.7563478040201 -0.012463308783310367
4.7888645025125625 -0.008448624428524454
4.821381201005025 -0.004998771073076114
4.853897899497487 -0.0023123919572185514
4.886414597989949 -0.0005277876087461664
4.918931296482412 0.00032666259181723944
4.951447994974874 0.00039656474172033995
4.983964693467336 8.229298532569373e-5
5.016481391959799 0.0
5.048998090452261 0.0
5.081514788944723 0.0
5.1140314874371855 0.0
5.146548185929648 0.0
5.179064884422111 0.0
5.211581582914573 0.0
5.244098281407036 0.0
5.276614979899498 0.0
5.30913167839196 0.0
5.3416483768844225 0.0
5.374165075376885 0.0
5.406681773869347 0.0
5.439198472361809 0.0
5.471715170854272 0.0
5.504231869346734 0.0
5.536748567839196 0.0
5.569265266331659 0.0
5.601781964824121 0.0
5.634298663316583 0.0
5.6668153618090455 0.0
5.699332060301508 0.0
5.73184875879397 0.0
5.7643654572864325 0.0
5.796882155778895 0.0
5.829398854271357 0.0
5.861915552763819 0.0
5.894432251256282 0.0
5.926948949748744 0.0
5.959465648241206 0.0
5.991982346733669 0.0
6.024499045226131 0.0
6.057015743718593 0.0
6.0895324422110555 0.0
6.122049140703518 0.0
6.15456583919598 0.0
6.187082537688442 0.0
6.219599236180905 0.0
6.252115934673367 0.0
6.284632633165829 0.0
6.317149331658292 0.0
6.349666030150754 0.0
6.382182728643216 0.0
6.4146994271356785 0.0
6.447216125628141 0.0
6.479732824120603 0.0
6.5122495226130654 0.0
6.544766221105528 0.0
6.57728291959799 0.0
6.609799618090452 0.0
6.642316316582915 0.0
6.674833015075377 0.0
6.707349713567839 0.0
6.739866412060302 0.0
6.772383110552764 0.0
6.804899809045226 0.0
6.8374165075376885 0.0
6.869933206030151 0.0
6.902449904522613 0.0
6.934966603015075 0.0
6.967483301507538 0.0
7.0 0.0
