0.529177 0.6731424279595899
0.5616936984924623 -0.07980291534289563
0.5942103969849246 -0.5591429999554407
0.6267270954773869 -0.10194267502362209
0.6592437939698492 0.43668361649207554
0.6917604924623115 0.22056225283893127
0.7242771909547738 -0.3122415301396586
0.7567938894472361 -0.30149673230090457
0.7893105879396984 0.1787576572367584
0.8218272864321609 0.3505432791604335
0.8543439849246232 -0.02676501239875506
0.8868606834170855 -0.35691795802006254
0.9193773819095478 -0.14807711999037565
0.9518940804020101 0.29280818527843167
0.9844107788944724 0.33388215052571013
1.0169274773869346 -0.11158847498165869
1.049444175879397 -0.48000975324907813
1.0819608743718594 -0.25540061595404495
1.1144775728643217 0.4319441868192371
1.146994271356784 0.9298088926587411
1.1795109698492463 0.6610745361222143
1.2120276683417086 -0.44718161285078395
1.244544366834171 -2.0125672217366173
1.2770610653266332 -3.5363936347408185
1.3095777638190955 -4.687676123894846
1.3420944623115578 -5.370410305468965
1.3746111608040201 -5.639113654461369
1.4071278592964824 -5.595989703264365
1.4396445577889447 -5.337932477843253
1.472161256281407 -4.9445068285800176
1.5046779547738693 -4.476547160139944
1.5371946532663316 -3.973471120103852
1.569711351758794 -3.454434192862834
1.6022280502512563 -2.9272424281721783
1.6347447487437186 -2.3998692406089503
1.6672614472361809 -1.8865834155303673
1.6997781457286432 -1.4061885260260283
1.7322948442211055 -0.9764416737588704
1.7648115427135678 -0.6101296884650083
1.79732824120603 -0.3148052493729665
1.8298449396984924 -0.09426802712425797
1.8623616381909547 0.05101638061120184
1.894878336683417 0.12534518749788504
1.9273950351758793 0.13941971104020467
1.9599117336683418 0.10994795620297282
1.9924284321608041 0.05639143578787298
2.024945130653266 -0.0038752921476543634
2.0574618291457285 -0.059605874226917877
2.089978527638191 -0.10703485996691597
2.122495226130653 -0.14822642511717277
2.1550119246231154 -0.18764509862859313
2.1875286231155777 -0.22881582482233398
2.22004532160804 -0.2725102763036489
2.2525620201005023 -0.31684758336308505
2.2850787185929646 -0.35870553672418737
2.317595417085427 -0.3953838491351007
2.3501121155778892 -0.4256323001870328
2.3826288140703515 -0.44970823255960113
2.4151455125628143 -0.46869310535322484
2.4476622110552766 -0.4836011365640047
2.480178909547739 -0.4947785658541761
2.512695608040201 -0.5018251397638096
2.5452123065326635 -0.503957536834605
2.577729005025126 -0.5005370983814146
2.610245703517588 -0.49146625145471035
2.6427624020100504 -0.47728456240218975
2.6752791005025127 -0.4589735305021918
2.707795798994975 -0.4376147947684217
2.7403124974874373 -0.41408650962199545
2.7728291959798996 -0.3889293649101546
2.805345894472362 -0.3624104425193764
2.8378625929648242 -0.3347161265176055
2.8703792914572865 -0.30615664319742564
2.902895989949749 -0.2772772329032023
2.935412688442211 -0.2488284583529321
2.9679293869346735 -0.22161840418857537
3.0004460854271358 -0.19632040003318707
3.032962783919598 -0.17332268159481146
3.0654794824120604 -0.15268104500290747
3.0979961809045227 -0.1341875578430063
3.130512879396985 -0.1175201444594336
3.1630295778894473 -0.10240873460924149
3.1955462763819096 -0.08875292501164722
3.228062974874372 -0.07665080277581637
3.260579673366834 -0.06633635999060061
3.2930963718592965 -0.05805794211903503
3.325613070351759 -0.0519494613068332
3.358129768844221 -0.04794405819251324
3.3906464673366834 -0.04575944917019115
3.4231631658291457 -0.044954790032306846
3.455679864321608 -0.04503231604718394
3.4881965628140703 -0.04554290198785793
3.5207132613065326 -0.046157190005203574
3.553229959798995 -0.04668075843818542
3.5857466582914572 -0.047015557394615826
3.6182633567839195 -0.04709109163013636
3.650780055276382 -0.04679967399738416
3.683296753768844 -0.045966867355616614
3.7158134522613064 -0.044372710453558284
3.7483301507537687 -0.04181772387119054
3.780846849246231 -0.03820835593239735
3.8133635477386933 -0.033626832907316384
3.8458802462311557 -0.02835409279759915
3.878396944723618 -0.02283044064057549
3.9109136432160803 -0.01756108040564186
3.9434303417085426 -0.012994559537901296
3.975947040201005 -0.00941361299703658
4.008463738693467 -0.006875338682505117
4.0409804371859295 -0.0052214683189504285
4.073497135678392 -0.004155121865892397
4.106013834170854 -0.0033565205906711526
4.138530532663316 -0.0025956132090527717
4.171047231155779 -0.001800344824403055
4.203563929648241 -0.0010558447199855436
4.236080628140703 -0.0005365881801253636
4.268597326633166 -0.0004006683871580208
4.301114025125628 -0.000691832415668614
4.33363072361809 -0.0012933069877476555
4.3661474221105525 -0.001956814691084219
4.398664120603015 -0.0023976596507395698
4.431180819095477 -0.002415505832573217
4.463697517587939 -0.001984906519624019
4.496214216080402 -0.0012691714961761136
4.528730914572864 -0.0005447958632203154
4.561247613065326 -6.829993714063676e-5
4.593764311557789 4.858191567791437e-5
4.626281010050251 -0.00011334850375988026
4.658797708542713 -0.0003419778136617424
4.6913144070351755 -0.0004328558678139416
4.723831105527638 -0.0003195502424091501
4.7563478040201 -0.00010287682539456
4.7888645025125625 4.9888934427144704e-5
4.821381201005025 5.884953048962416e-5
4.853897899497487 -5.073006605016417e-6
4.886414597989949 -2.539880966878627e-5
4.918931296482412 3.296991792467452e-6
4.951447994974874 5.404137880304916e-6
4.983964693467336 -9.274096441913571e-7
5.016481391959799 0.0
5.048998090452261 0.0
5.081514788944723 0.0
5.1140314874371855 0.0
5.146548185929648 0.0
5.179064884422111 0.0
5.211581582914573 0.0
5.244098281407036 0.0
5.276614979899498 0.0
5.30913167839196 0.0
5.3416483768844225 0.0
5.374165075376885 0.0
5.406681773869347 0.0
5.439198472361809 0.0
5.471715170854272 0.0
5.504231869346734 0.0
5.536748567839196 0.0
5.569265266331659 0.0
5.601781964824121 0.0
5.634298663316583 0.0
5.6668153618090455 0.0
5.699332060301508 0.0
5.73184875879397 0.0
5.7643654572864325 0.0
5.796882155778895 0.0
5.829398854271357 0.0
5.861915552763819 0.0
5.894432251256282 0.0
5.926948949748744 0.0
5.959465648241206 0.0
5.991982346733669 0.0
6.024499045226131 0.0
6.057015743718593 0.0
6.0895324422110555 0.0
6.122049140703518 0.0
6.15456583919598 0.0
6.187082537688442 0.0
6.219599236180905 0.0
6.252115934673367 0.0
6.284632633165829 0.0
6.317149331658292 0.0
6.349666030150754 0.0
6.382182728643216 0.0
6.4146994271356785 0.0
6.447216125628141 0.0
6.479732824120603 0.0
6.5122495226130654 0.0
6.544766221105528 0.0
6.57728291959799 0.0
6.609799618090452 0.0
6.642316316582915 0.0
6.674833015075377 0.0
6.707349713567839 0.0
6.739866412060302 0.0
6.772383110552764 0.0
6.804899809045226 0.0
6.8374165075376885 0.0
6.869933206030151 0.0
6.902449904522613 0.0
6.934966603015075 0.0
6.967483301507538 0.0
7.0 0.0
