0.529177 2.374077122836866
0.5616936984924623 1.1406093958632937
0.5942103969849246 -1.3965848895747968
0.6267270954773869 -1.4637757659636463
0.6592437939698492 0.556567421850616
0.6917604924623115 1.4535070030505608
0.7242771909547738 0.14336990841945862
0.7567938894472361 -1.2087135113352474
0.7893105879396984 -0.7039944013151853
0.8218272864321609 0.7512774195812426
0.8543439849246232 1.077158055089285
0.8868606834170855 -0.08595939908701666
0.9193773819095478 -1.1377353950167048
0.9518940804020101 -0.7263048798504315
0.9844107788944724 0.676429503436907
1.0169274773869346 1.4604378435336685
1.049444175879397 0.5805270527378639
1.0819608743718594 -1.6614037776062105
1.1144775728643217 -4.1942904705246065
1.146994271356784 -6.154261346890451
1.1795109698492463 -7.317637172006641
1.2120276683417086 -7.89672684672297
1.244544366834171 -8.158870897805059
1.2770610653266332 -8.238753907764021
1.3095777638190955 -8.167421761416051
1.3420944623115578 -7.960145242654676
1.3746111608040201 -7.652926436300277
1.4071278592964824 -7.2882639003937015
1.4396445577889447 -6.895283955705111
1.472161256281407 -6.487327609277486
1.5046779547738693 -6.069799346688569
1.5371946532663316 -5.645293642199192
1.569711351758794 -5.213545471058637
1.6022280502512563 -4.771280508389509
1.6347447487437186 -4.315162578200216
1.6672614472361809 -3.845894567779908
1.6997781457286432 -3.369917090160527
1.7322948442211055 -2.8976445559838453
1.7648115427135678 -2.44014578968347
1.79732824120603 -2.006773774843623
1.8298449396984924 -1.6046859239352784
1.8623616381909547 -1.239449699162492
1.894878336683417 -0.9154567890026897
1.9273950351758793 -0.6356079304266018
1.9599117336683418 -0.40067718509931183
1.9924284321608041 -0.20908457055298868
2.024945130653266 -0.05741815461811939
2.0574618291457285 0.058560148902245146
2.089978527638191 0.14299903165226624
2.122495226130653 0.19955455716802817
2.1550119246231154 0.2315164833581207
2.1875286231155777 0.24215375356163804
2.22004532160804 0.23491632485774971
2.2525620201005023 0.21332433216133495
2.2850787185929646 0.18063688965474967
2.317595417085427 0.13954219212342878
2.3501121155778892 0.09207748170047125
2.3826288140703515 0.03982627790452398
2.4151455125628143 -0.015730374308418504
2.4476622110552766 -0.07291125030241119
2.480178909547739 -0.12974091474075067
2.512695608040201 -0.18410110691820591
2.5452123065326635 -0.2340370507137095
2.577729005025126 -0.2780621268308323
2.610245703517588 -0.3153227856802232
2.6427624020100504 -0.3455665866087543
2.6752791005025127 -0.36895189229824155
2.707795798994975 -0.38580159766706856
2.7403124974874373 -0.396411511778183
2.7728291959798996 -0.40098196706054523
2.805345894472362 -0.3996756021429064
2.8378625929648242 -0.3927475154498552
2.8703792914572865 -0.38066928401218547
2.902895989949749 -0.3641813330752939
2.935412688442211 -0.3442476226446729
2.9679293869346735 -0.3219320583976355
3.0004460854271358 -0.2982475808117897
3.032962783919598 -0.27403533947165215
3.0654794824120604 -0.24991334750541228
3.0979961809045227 -0.22630195617517757
3.130512879396985 -0.2035020587982217
3.1630295778894473 -0.18178368859781813
3.1955462763819096 -0.16144346506166585
3.228062974874372 -0.1428068978696615
3.260579673366834 -0.12617733567446976
3.2930963718592965 -0.11175649377838681
3.325613070351759 -0.09957317398203713
3.358129768844221 -0.08945327818759097
3.3906464673366834 -0.08104779965248099
3.4231631658291457 -0.07391307988956441
3.455679864321608 -0.06761791821475072
3.4881965628140703 -0.061842275005403735
3.5207132613065326 -0.05643551248897438
3.553229959798995 -0.05141671908432954
3.5857466582914572 -0.04692004153213247
3.6182633567839195 -0.043106689068849846
3.650780055276382 -0.04007583811795712
3.683296753768844 -0.037805616824130084
3.7158134522613064 -0.03614341018203504
3.7483301507537687 -0.034846389254539645
3.780846849246231 -0.033655035084109386
3.8133635477386933 -0.03237089653129033
3.8458802462311557 -0.030908888676833612
3.878396944723618 -0.02930435502827322
3.9109136432160803 -0.027672318401585017
3.9434303417085426 -0.026134676770823262
3.975947040201005 -0.024743924242386584
4.008463738693467 -0.02343447509122143
4.0409804371859295 -0.02202356985901588
4.073497135678392 -0.020265888277435806
4.106013834170854 -0.01794550695314001
4.138530532663316 -0.014973118351690573
4.171047231155779 -0.011451583455880154
4.203563929648241 -0.007681475223648704
4.236080628140703 -0.004098096223913217
4.268597326633166 -0.0011560144506006509
4.301114025125628 0.0008023509045642641
4.33363072361809 0.001649190018383706
4.3661474221105525 0.0015078135172075235
4.398664120603015 0.0007086739203714387
4.431180819095477 -0.00032026588627331876
4.463697517587939 -0.001188868837004975
4.496214216080402 -0.0016556756496584057
4.528730914572864 -0.0016741546514253969
4.561247613065326 -0.0013617195353958778
4.593764311557789 -0.0009125399488993935
4.626281010050251 -0.0004993317338062297
4.658797708542713 -0.0002110300609956539
4.6913144070351755 -4.9880033088811615e-5
4.723831105527638 2.5271330855503038e-5
4.7563478040201 5.027022041304008e-5
4.7888645025125625 3.9666007694449945e-5
4.821381201005025 6.351254512537707e-6
4.853897899497487 -2.0576724068632757e-5
4.886414597989949 -1.669668472459307e-5
4.918931296482412 1.6992502196444548e-6
4.951447994974874 2.1818648292537546e-6
4.983964693467336 -4.718273771686654e-7
5.016481391959799 0.0
5.048998090452261 0.0
5.081514788944723 0.0
5.1140314874371855 0.0
5.146548185929648 0.0
5.179064884422111 0.0
5.211581582914573 0.0
5.244098281407036 0.0
5.276614979899498 0.0
5.30913167839196 0.0
5.3416483768844225 0.0
5.374165075376885 0.0
5.406681773869347 0.0
5.439198472361809 0.0
5.471715170854272 0.0
5.504231869346734 0.0
5.536748567839196 0.0
5.569265266331659 0.0
5.601781964824121 0.0
5.634298663316583 0.0
5.6668153618090455 0.0
5.699332060301508 0.0
5.73184875879397 0.0
5.7643654572864325 0.0
5.796882155778895 0.0
5.829398854271357 0.0
5.861915552763819 0.0
5.894432251256282 0.0
5.926948949748744 0.0
5.959465648241206 0.0
5.991982346733669 0.0
6.024499045226131 0.0
6.057015743718593 0.0
6.0895324422110555 0.0
6.122049140703518 0.0
6.15456583919598 0.0
6.187082537688442 0.0
6.219599236180905 0.0
6.252115934673367 0.0
6.284632633165829 0.0
6.317149331658292 0.0
6.349666030150754 0.0
6.382182728643216 0.0
6.4146994271356785 0.0
6.447216125628141 0.0
6.479732824120603 0.0
6.5122495226130654 0.0
6.544766221105528 0.0
6.57728291959799 0.0
6.609799618090452 0.0
6.642316316582915 0.0
6.674833015075377 0.0
6.707349713567839 0.0
6.739866412060302 0.0
6.772383110552764 0.0
6.804899809045226 0.0
6.8374165075376885 0.0
6.869933206030151 0.0
6.902449904522613 0.0
6.934966603015075 0.0
6.967483301507538 0.0
7.0 0.0
