0.529177 164.4809737262213
0.5616936984924623 118.01388841696553
0.5942103969849246 72.37560485457408
0.6267270954773869 32.252511069987975
0.6592437939698492 0.3313034473915195
0.6917604924623115 -22.427669737374032
0.7242771909547738 -36.404959952895666
0.7567938894472361 -42.88458919914777
0.7893105879396984 -43.627303016845445
0.8218272864321609 -40.50567843077263
0.8543439849246232 -35.232875261904184
0.8868606834170855 -29.19565672511638
0.9193773819095478 -23.384172093912895
0.9518940804020101 -18.398702609885987
0.9844107788944724 -14.507898776237681
1.0169274773869346 -11.733167465380149
1.049444175879397 -9.938064683882033
1.0819608743718594 -8.90782069894152
1.1144775728643217 -8.410717045562706
1.146994271356784 -8.238715669749922
1.1795109698492463 -8.228860135647892
1.2120276683417086 -8.269384061936819
1.244544366834171 -8.29538089540489
1.2770610653266332 -8.27870421355442
1.3095777638190955 -8.215915605011503
1.3420944623115578 -8.116963805381829
1.3746111608040201 -7.996151039935398
1.4071278592964824 -7.865996943502694
1.4396445577889447 -7.733926178824618
1.472161256281407 -7.601289811592039
1.5046779547738693 -7.4640445624062295
1.5371946532663316 -7.3143991940379465
1.569711351758794 -7.142831162140681
1.6022280502512563 -6.9400246411865965
1.6347447487437186 -6.698441536009625
1.6672614472361809 -6.413382617151058
1.6997781457286432 -6.083511583306688
1.7322948442211055 -5.710895561978987
1.7648115427135678 -5.300662905453919
1.79732824120603 -4.860398590850764
1.8298449396984924 -4.39939619673288
1.8623616381909547 -3.927870483074969
1.894878336683417 -3.456212341879052
1.9273950351758793 -2.9943432633006637
1.9599117336683418 -2.5512029748444434
1.9924284321608041 -2.134383720736082
2.024945130653266 -1.749908815711592
2.0574618291457285 -1.4021418690717269
2.089978527638191 -1.0938061121365763
2.122495226130653 -0.8260899314313974
2.1550119246231154 -0.5988142231666416
2.1875286231155777 -0.41063873964657205
2.22004532160804 -0.259287462574207
2.2525620201005023 -0.14177659531981135
2.2850787185929646 -0.05463253393077139
2.317595417085427 0.005909194054197542
2.3501121155778892 0.04372977237022724
2.3826288140703515 0.0626807052290701
2.4151455125628143 0.06646596145702688
2.4476622110552766 0.05855174807265939
2.480178909547739 0.04210183226103936
2.512695608040201 0.019935587214149564
2.5452123065326635 -0.0054944507489835814
2.577729005025126 -0.03210883690184119
2.610245703517588 -0.05819451389243113
2.6427624020100504 -0.08238814404023742
2.6752791005025127 -0.10365215410456585
2.707795798994975 -0.12124580651578754
2.7403124974874373 -0.13469323943741074
2.7728291959798996 -0.143750060151433
2.805345894472362 -0.14836974752472543
2.8378625929648242 -0.1486708285660825
2.8703792914572865 -0.14490554508387277
2.902895989949749 -0.13743051924512883
2.935412688442211 -0.1266797588680788
2.9679293869346735 -0.11314021042312561
3.0004460854271358 -0.09732996501145408
3.032962783919598 -0.07977914483848281
3.0654794824120604 -0.06101343989223551
3.0979961809045227 -0.041540222127878224
3.130512879396985 -0.021837133525025365
3.1630295778894473 -0.0023430217055420144
3.1955462763819096 0.01654892014124698
3.228062974874372 0.03449596534107968
3.260579673366834 0.051208784589846346
3.2930963718592965 0.06645267096087082
3.325613070351759 0.08004724160480237
3.358129768844221 0.091864804464592
3.3906464673366834 0.10182758261453273
3.4231631658291457 0.10990399136505857
3.455679864321608 0.11610416374986698
3.4881965628140703 0.12047491812677436
3.5207132613065326 0.12309435710955086
3.553229959798995 0.12406627972347906
3.5857466582914572 0.12351457845340974
3.6182633567839195 0.12157777973931161
3.650780055276382 0.1184038706062438
3.683296753768844 0.11414553572035402
3.7158134522613064 0.10895590856910076
3.7483301507537687 0.10298491809226107
3.780846849246231 0.09637628841829837
3.8133635477386933 0.08926522493254652
3.8458802462311557 0.08177679528779436
3.878396944723618 0.07402498976159677
3.9109136432160803 0.06611242216604296
3.9434303417085426 0.058130610906061975
3.975947040201005 0.050160760331777965
4.008463738693467 0.04227494575405899
4.0409804371859295 0.03453759188028016
4.073497135678392 0.02700712439838071
4.106013834170854 0.019737668362324712
4.138530532663316 0.012780665209334074
4.171047231155779 0.006186282911187391
4.203563929648241 4.5010869484940486e-6
4.236080628140703 -0.0057142350038361656
4.268597326633166 -0.010918880790370622
4.301114025125628 -0.01555824659328664
4.33363072361809 -0.019582080930604207
4.3661474221105525 -0.02294279329657911
4.398664120603015 -0.02559779159247455
4.431180819095477 -0.027512370100509997
4.463697517587939 -0.028663040797880512
4.496214216080402 -0.029041154221204124
4.528730914572864 -0.028656606367405857
4.561247613065326 -0.027541375624196007
4.593764311557789 -0.02575257886229565
4.626281010050251 -0.02337467899405965
4.658797708542713 -0.02052041793058379
4.6913144070351755 -0.017329989372854016
4.723831105527638 -0.013967905675428938
4.7563478040201 -0.010616952537873203
4.7888645025125625 -0.007468564928558408
4.821381201005025 -0.0047088978208762455
4.853897899497487 -0.002499806414618888
4.886414597989949 -0.0009538928958932047
4.918931296482412 -0.00010272080709228248
4.951447994974874 0.00014275590848455977
4.983964693467336 4.055384994217093e-5
5.016481391959799 0.0
5.048998090452261 0.0
5.081514788944723 0.0
5.1140314874371855 0.0
5.146548185929648 0.0
5.179064884422111 0.0
5.211581582914573 0.0
5.244098281407036 0.0
5.276614979899498 0.0
5.30913167839196 0.0
5.3416483768844225 0.0
5.374165075376885 0.0
5.406681773869347 0.0
5.439198472361809 0.0
5.471715170854272 0.0
5.504231869346734 0.0
5.536748567839196 0.0
5.569265266331659 0.0
5.601781964824121 0.0
5.634298663316583 0.0
5.6668153618090455 0.0
5.699332060301508 0.0
5.73184875879397 0.0
5.7643654572864325 0.0
5.796882155778895 0.0
5.829398854271357 0.0
5.861915552763819 0.0
5.894432251256282 0.0
5.926948949748744 0.0
5.959465648241206 0.0
5.991982346733669 0.0
6.024499045226131 0.0
6.057015743718593 0.0
6.0895324422110555 0.0
6.122049140703518 0.0
6.15456583919598 0.0
6.187082537688442 0.0
6.219599236180905 0.0
6.252115934673367 0.0
6.284632633165829 0.0
6.317149331658292 0.0
6.349666030150754 0.0
6.382182728643216 0.0
6.4146994271356785 0.0
6.447216125628141 0.0
6.479732824120603 0.0
6.5122495226130654 0.0
6.544766221105528 0.0
6.57728291959799 0.0
6.609799618090452 0.0
6.642316316582915 0.0
6.674833015075377 0.0
6.707349713567839 0.0
6.739866412060302 0.0
6.772383110552764 0.0
6.804899809045226 0.0
6.8374165075376885 0.0
6.869933206030151 0.0
6.902449904522613 0.0
6.934966603015075 0.0
6.967483301507538 0.0
7.0 0.0
