0.529177 -100.32350967213097
0.5616936984924623 -76.74659522114052
0.5942103969849246 -49.33753268415421
0.6267270954773869 -22.0108482867563
0.6592437939698492 2.0603013984546124
0.6917604924623115 20.60854904896587
0.7242771909547738 32.369562376805334
0.7567938894472361 37.085609183637644
0.7893105879396984 35.40647357196758
0.8218272864321609 28.696739506140148
0.8543439849246232 18.774344893885427
0.8868606834170855 7.6165930593597295
0.9193773819095478 -2.925343170463748
0.9518940804020101 -11.364680535694788
0.9844107788944724 -16.74012230772314
1.0169274773869346 -18.683400722180522
1.049444175879397 -17.392481273775047
1.0819608743718594 -13.524419531360763
1.1144775728643217 -8.0332095077556
1.146994271356784 -1.9841101771016838
1.1795109698492463 3.623778485594812
1.2120276683417086 8.000002143926395
1.244544366834171 10.652614628865194
1.2770610653266332 11.418618958176012
1.3095777638190955 10.438817830296102
1.3420944623115578 8.089432942411804
1.3746111608040201 4.888067733823846
1.4071278592964824 1.3930517869157484
1.4396445577889447 -1.8867731828249816
1.472161256281407 -4.559298775579009
1.5046779547738693 -6.386780299808379
1.5371946532663316 -7.293184959351493
1.569711351758794 -7.345618096387625
1.6022280502512563 -6.717569563150391
1.6347447487437186 -5.643184174992712
1.6672614472361809 -4.371418276892655
1.6997781457286432 -3.1272087015549914
1.7322948442211055 -2.084222427374698
1.7648115427135678 -1.3509731878602906
1.79732824120603 -0.9695979578973493
1.8298449396984924 -0.9247366726649489
1.8623616381909547 -1.1589217104010459
1.894878336683417 -1.5906538742983685
1.9273950351758793 -2.1317782727692247
1.9599117336683418 -2.7016557639108214
1.9924284321608041 -3.2367083832832577
2.024945130653266 -3.694978200897822
2.0574618291457285 -4.056211136139609
2.089978527638191 -4.3185632301592705
2.122495226130653 -4.493299178271627
2.1550119246231154 -4.598841575541883
2.1875286231155777 -4.655303192739666
2.22004532160804 -4.680280813427089
2.2525620201005023 -4.686294600327528
2.2850787185929646 -4.679894301989407
2.317595417085427 -4.662173145659835
2.3501121155778892 -4.63025729412584
2.3826288140703515 -4.579275623820649
2.4151455125628143 -4.504345857061708
2.4476622110552766 -4.402212172310101
2.480178909547739 -4.272305380531179
2.512695608040201 -4.117140077843942
2.5452123065326635 -3.9420899426258984
2.577729005025126 -3.7546765264305577
2.610245703517588 -3.5635609660457703
2.6427624020100504 -3.3774421578382317
2.6752791005025127 -3.2040451377270074
2.707795798994975 -3.0493394613095006
2.7403124974874373 -2.917070519168192
2.7728291959798996 -2.8086277413985954
2.805345894472362 -2.723221450276469
2.8378625929648242 -2.6583008862162387
2.8703792914572865 -2.6101228174920834
2.902895989949749 -2.574373474859385
2.935412688442211 -2.5467543497888983
2.9679293869346735 -2.5234610989082285
3.0004460854271358 -2.501510042731752
3.032962783919598 -2.4788940892540268
3.0654794824120604 -2.454575415171348
3.0979961809045227 -2.428342876930401
3.130512879396985 -2.400576006162737
3.1630295778894473 -2.3719638379207026
3.1955462763819096 -2.343226043121831
3.228062974874372 -2.3148770382413204
3.260579673366834 -2.287062629729917
3.2930963718592965 -2.2594852857691876
3.325613070351759 -2.231420272741161
3.358129768844221 -2.20181237572433
3.3906464673366834 -2.169433074832341
3.4231631658291457 -2.1330717222663225
3.455679864321608 -2.0917317989406
3.4881965628140703 -2.0448045912162343
3.5207132613065326 -1.9921970878549473
3.553229959798995 -1.9343977384451136
3.5857466582914572 -1.8724719551773887
3.6182633567839195 -1.8079878550579451
3.650780055276382 -1.7428807700071047
3.683296753768844 -1.6792716933869087
3.7158134522613064 -1.6192594950771309
3.7483301507537687 -1.5647090857546573
3.780846849246231 -1.5170576635337056
3.8133635477386933 -1.4771588901949144
3.8458802462311557 -1.4451806781216874
3.878396944723618 -1.4205667306796386
3.9109136432160803 -1.4020656654993218
3.9434303417085426 -1.3878250891066273
3.975947040201005 -1.3755419810840976
4.008463738693467 -1.3626557075767778
4.0409804371859295 -1.3465663221795694
4.073497135678392 -1.3248587903453881
4.106013834170854 -1.295513500845118
4.138530532663316 -1.2570848616305739
4.171047231155779 -1.2088327356523223
4.203563929648241 -1.1507956561163155
4.236080628140703 -1.083799785883457
4.268597326633166 -1.009403015817952
4.301114025125628 -0.9297789804950298
4.33363072361809 -0.847550675032835
4.3661474221105525 -0.7655874037318426
4.398664120603015 -0.6867816774774838
4.431180819095477 -0.6138241972294054
4.463697517587939 -0.5489951195158937
4.496214216080402 -0.4939884128089034
4.528730914572864 -0.44978340608759027
4.561247613065326 -0.416573823793442
4.593764311557789 -0.39375999541880446
4.626281010050251 -0.3800048796383635
4.658797708542713 -0.3733494394164154
4.6913144070351755 -0.3713781360493158
4.723831105527638 -0.3714212425002188
4.7563478040201 -0.37077762579065165
4.7888645025125625 -0.36693985887177405
4.821381201005025 -0.35780314887233544
4.853897899497487 -0.3418406641067122
4.886414597989949 -0.3182303529320052
4.918931296482412 -0.2869221133441897
4.951447994974874 -0.24863893548717897
4.983964693467336 -0.2048110582436493
5.016481391959799 -0.15744785111382953
5.048998090452261 -0.10895761067877174
5.081514788944723 -0.0619302953746228
5.1140314874371855 -0.01890198352157313
5.146548185929648 0.017877846881674486
5.179064884422111 0.04665454090354615
5.211581582914573 0.06633164916820533
5.244098281407036 0.07657240537992038
5.276614979899498 0.07782733577369072
5.30913167839196 0.07128267468215199
5.3416483768844225 0.05873197906657879
5.374165075376885 0.04238152566358622
5.406681773869347 0.02460799655818846
5.439198472361809 0.007693777621170739
5.471715170854272 -0.0064299679343093885
5.504231869346734 -0.016400284424889833
5.536748567839196 -0.021568876170931617
5.569265266331659 -0.022053133774534217
5.601781964824121 -0.01867688297170389
5.634298663316583 -0.01280017073986528
5.6668153618090455 -0.006054882924217964
5.699332060301508 -2.2226291548577137e-5
5.73184875879397 0.004093360408660374
5.7643654572864325 0.0057250346180808265
5.796882155778895 0.0050651198835112154
5.829398854271357 0.002983668393426342
5.861915552763819 0.0007139198478398612
5.894432251256282 -0.0006585076353076147
5.926948949748744 -0.0007536809007433476
5.959465648241206 -0.00018196414930571336
5.991982346733669 1.3505286915460601e-5
6.024499045226131 0.0
6.057015743718593 0.0
6.0895324422110555 0.0
6.122049140703518 0.0
6.15456583919598 0.0
6.187082537688442 0.0
6.219599236180905 0.0
6.252115934673367 0.0
6.284632633165829 0.0
6.317149331658292 0.0
6.349666030150754 0.0
6.382182728643216 0.0
6.4146994271356785 0.0
6.447216125628141 0.0
6.479732824120603 0.0
6.5122495226130654 0.0
6.544766221105528 0.0
6.57728291959799 0.0
6.609799618090452 0.0
6.642316316582915 0.0
6.674833015075377 0.0
6.707349713567839 0.0
6.739866412060302 0.0
6.772383110552764 0.0
6.804899809045226 0.0
6.8374165075376885 0.0
6.869933206030151 0.0
6.902449904522613 0.0
6.934966603015075 0.0
6.967483301507538 0.0
7.0 0.0
