0.529177 10.128867616620482
0.5616936984924623 13.673511605222302
0.5942103969849246 15.470657511787067
0.6267270954773869 15.530862709250869
0.6592437939698492 13.991230409001219
0.6917604924623115 11.122683753499587
0.7242771909547738 7.314795569569469
0.7567938894472361 3.0401406179989863
0.7893105879396984 -1.1965601643951231
0.8218272864321609 -4.916572386880944
0.8543439849246232 -7.72325171378543
0.8868606834170855 -9.347092340047311
0.9193773819095478 -9.67263465654105
0.9518940804020101 -8.743380208254166
0.9844107788944724 -6.744738107989178
1.0169274773869346 -3.9687614564954856
1.049444175879397 -0.7672922270503477
1.0819608743718594 2.498397932442458
1.1144775728643217 5.503499442964312
1.146994271356784 7.99466688261964
1.1795109698492463 9.810255276855969
1.2120276683417086 10.884857424343863
1.244544366834171 11.23993429487382
1.2770610653266332 10.964343862990063
1.3095777638190955 10.189593158602293
1.3420944623115578 9.064625027029251
1.3746111608040201 7.734081357417381
1.4071278592964824 6.322577645591082
1.4396445577889447 4.925949949069036
1.472161256281407 3.609028415512512
1.5046779547738693 2.408485697442302
1.5371946532663316 1.3388086278300761
1.569711351758794 0.39942793865157
1.6022280502512563 -0.4185998018037935
1.6347447487437186 -1.12739416759905
1.6672614472361809 -1.7389596662615077
1.6997781457286432 -2.263702378128073
1.7322948442211055 -2.7103073912658147
1.7648115427135678 -3.0863809869279066
1.79732824120603 -3.3992886568757967
1.8298449396984924 -3.656768948512763
1.8623616381909547 -3.8671075957445282
1.894878336683417 -4.0388553774646425
1.9273950351758793 -4.180222553053682
1.9599117336683418 -4.298360548300479
1.9924284321608041 -4.398747068049488
2.024945130653266 -4.484839415683382
2.0574618291457285 -4.558076849361896
2.089978527638191 -4.618222256693116
2.122495226130653 -4.663957993636359
2.1550119246231154 -4.693604310245064
2.1875286231155777 -4.70581634483824
2.22004532160804 -4.700134191207326
2.2525620201005023 -4.677301338784673
2.2850787185929646 -4.6393183861837315
2.317595417085427 -4.589249873897643
2.3501121155778892 -4.530843084146909
2.3826288140703515 -4.468042885688192
2.4151455125628143 -4.404494167170924
2.4476622110552766 -4.343114558074376
2.480178909547739 -4.285798967786832
2.512695608040201 -4.233289339190378
2.5452123065326635 -4.185213493525225
2.577729005025126 -4.140270887728548
2.610245703517588 -4.096523995585812
2.6427624020100504 -4.05174368076041
2.6752791005025127 -4.003755542034924
2.707795798994975 -3.950740606214822
2.7403124974874373 -3.8914558122960443
2.7728291959798996 -3.825354901891842
2.805345894472362 -3.7526060275667987
2.8378625929648242 -3.6740163899958134
2.8703792914572865 -3.5908848940234748
2.902895989949749 -3.50481026309717
2.935412688442211 -3.417484070385399
2.9679293869346735 -3.3304961429275863
3.0004460854271358 -3.2451746319366066
3.032962783919598 -3.1624758398847916
3.0654794824120604 -3.0829308495849546
3.0979961809045227 -3.0066482225611253
3.130512879396985 -2.9333654251968255
3.1630295778894473 -2.8625368210505258
3.1955462763819096 -2.793443346656204
3.228062974874372 -2.7253083816231083
3.260579673366834 -2.657405599142294
3.2930963718592965 -2.5891473259980557
3.325613070351759 -2.5201456327631604
3.358129768844221 -2.450242465300107
3.3906464673366834 -2.3795091046013113
3.4231631658291457 -2.30821867589475
3.455679864321608 -2.2367980129165517
3.4881965628140703 -2.165766747222733
3.5207132613065326 -2.095671996985402
3.553229959798995 -2.0270265546641895
3.5857466582914572 -1.9602571914692817
3.6182633567839195 -1.8956678437898518
3.650780055276382 -1.8334202877085772
3.683296753768844 -1.773532705989055
3.7158134522613064 -1.7158945434894122
3.7483301507537687 -1.6602944200021739
3.780846849246231 -1.606456752100712
3.8133635477386933 -1.554082189581095
3.8458802462311557 -1.5028869962261524
3.878396944723618 -1.4526370402090834
3.9109136432160803 -1.4031730040587718
3.9434303417085426 -1.354424644521714
3.975947040201005 -1.3064132817999052
4.008463738693467 -1.2592430288132164
4.0409804371859295 -1.2130824525465869
4.073497135678392 -1.1681392840710032
4.106013834170854 -1.1246313879728405
4.138530532663316 -1.0827574282775458
4.171047231155779 -1.0426705272293475
4.203563929648241 -1.004457740307771
4.236080628140703 -0.968127429488959
4.268597326633166 -0.9336056928532344
4.301114025125628 -0.9007419999943522
4.33363072361809 -0.8693231912729971
4.3661474221105525 -0.8390941202706017
4.398664120603015 -0.8097825355471286
4.431180819095477 -0.7811253713389306
4.463697517587939 -0.75289348471415
4.496214216080402 -0.7249120481719729
4.528730914572864 -0.6970742639769014
4.561247613065326 -0.6693467659333692
4.593764311557789 -0.6417659507333155
4.626281010050251 -0.6144254525770521
4.658797708542713 -0.5874559509447863
4.6913144070351755 -0.560999388959317
4.723831105527638 -0.5351803914782067
4.7563478040201 -0.5100781334913336
4.7888645025125625 -0.4857020654108055
4.821381201005025 -0.4619747218202974
4.853897899497487 -0.43872432154239505
4.886414597989949 -0.41568903648840205
4.918931296482412 -0.39253372048369783
4.951447994974874 -0.36887862973162555
4.983964693467336 -0.34433833760704147
5.016481391959799 -0.3185677672026941
5.048998090452261 -0.2913111613215733
5.081514788944723 -0.2624490043908736
5.1140314874371855 -0.23203751429537078
5.146548185929648 -0.2003354212611157
5.179064884422111 -0.16781339906083304
5.211581582914573 -0.1351427225235966
5.244098281407036 -0.10316145674914878
5.276614979899498 -0.07281864584365394
5.30913167839196 -0.04509941546166374
5.3416483768844225 -0.020936433837050572
5.374165075376885 -0.0011155439588037552
5.406681773869347 0.013814696398185333
5.439198472361809 0.023618648850970203
5.471715170854272 0.028423341038433136
5.504231869346734 0.028732418211802724
5.536748567839196 0.025397036712092813
5.569265266331659 0.019540653313015355
5.601781964824121 0.012440378412065911
5.634298663316583 0.0053744853066746145
5.6668153618090455 -0.0005467562095873291
5.699332060301508 -0.004542421371297678
5.73184875879397 -0.006284161314397352
5.7643654572864325 -0.005948586529484601
5.796882155778895 -0.004169300269495579
5.829398854271357 -0.0018709964788286015
5.861915552763819 7.631126209162176e-6
5.894432251256282 0.000854121219163062
5.926948949748744 0.0006738344964105636
5.959465648241206 0.0001284765803575283
5.991982346733669 -1.1976833775406703e-5
6.024499045226131 0.0
6.057015743718593 0.0
6.0895324422110555 0.0
6.122049140703518 0.0
6.15456583919598 0.0
6.187082537688442 0.0
6.219599236180905 0.0
6.252115934673367 0.0
6.284632633165829 0.0
6.317149331658292 0.0
6.349666030150754 0.0
6.382182728643216 0.0
6.4146994271356785 0.0
6.447216125628141 0.0
6.479732824120603 0.0
6.5122495226130654 0.0
6.544766221105528 0.0
6.57728291959799 0.0
6.609799618090452 0.0
6.642316316582915 0.0
6.674833015075377 0.0
6.707349713567839 0.0
6.739866412060302 0.0
6.772383110552764 0.0
6.804899809045226 0.0
6.8374165075376885 0.0
6.869933206030151 0.0
6.902449904522613 0.0
6.934966603015075 0.0
6.967483301507538 0.0
7.0 0.0
