0.529177 97.86527669009388
0.5616936984924623 81.74220972860826
0.5942103969849246 67.61153327489876
0.6267270954773869 55.29236398905795
0.6592437939698492 44.61553963747258
0.6917604924623115 35.41844834060788
0.7242771909547738 27.54547099141945
0.7567938894472361 20.8495347711592
0.7893105879396984 15.192931893409366
0.8218272864321609 10.44726230500936
0.8543439849246232 6.493065217792264
0.8868606834170855 3.219702015628286
0.9193773819095478 0.5257446723081216
0.9518940804020101 -1.6801852321099204
0.9844107788944724 -3.4783658538797226
1.0169274773869346 -4.937021955546982
1.049444175879397 -6.111787605818392
1.0819608743718594 -7.045875460670061
1.1144775728643217 -7.771164113675013
1.146994271356784 -8.31026210198928
1.1795109698492463 -8.679389587775688
1.2120276683417086 -8.891689071243945
1.244544366834171 -8.96041205247883
1.2770610653266332 -8.901395603721596
1.3095777638190955 -8.734365482061662
1.3420944623115578 -8.482851784366233
1.3746111608040201 -8.172809128139534
1.4071278592964824 -7.83031123927509
1.4396445577889447 -7.4788689200146905
1.472161256281407 -7.136963735034669
1.5046779547738693 -6.8163002450845624
1.5371946532663316 -6.521092943233327
1.569711351758794 -6.248473896798828
1.6022280502512563 -5.9898884856182235
1.6347447487437186 -5.733182519176921
1.6672614472361809 -5.464997945529717
1.6997781457286432 -5.173089390572557
1.7322948442211055 -4.848236329790041
1.7648115427135678 -4.485532164922006
1.79732824120603 -4.084955152660427
1.8298449396984924 -3.6512430513855634
1.8623616381909547 -3.1931860409330852
1.894878336683417 -2.7225114529628627
1.9273950351758793 -2.2525572801222893
1.9599117336683418 -1.796923471629725
1.9924284321608041 -1.3682586255613955
2.024945130653266 -0.9772943692642002
2.0574618291457285 -0.6321896929117088
2.089978527638191 -0.3382003886627558
2.122495226130653 -0.09764989546374636
2.1550119246231154 0.08984982118232665
2.1875286231155777 0.22699447213568646
2.22004532160804 0.31827262453339245
2.2525620201005023 0.3694076280518175
2.2850787185929646 0.38681364941868424
2.317595417085427 0.37710918053272735
2.3501121155778892 0.34671621787214235
2.3826288140703515 0.30155889925475776
2.4151455125628143 0.24686307136295227
2.4476622110552766 0.1870488099828549
2.480178909547739 0.1257015774039587
2.512695608040201 0.06560433135871335
2.5452123065326635 0.008812075934770291
2.577729005025126 -0.04324850893448229
2.610245703517588 -0.08966923378665115
2.6427624020100504 -0.12995200293624976
2.6752791005025127 -0.16391003396449833
2.707795798994975 -0.19158358340911263
2.7403124974874373 -0.21317222975437744
2.7728291959798996 -0.22898353477023647
2.805345894472362 -0.23939633873322919
2.8378625929648242 -0.2448360187055414
2.8703792914572865 -0.24575866951158787
2.902895989949749 -0.24264123819597216
2.935412688442211 -0.23597502499416123
2.9679293869346735 -0.22626053041187788
3.0004460854271358 -0.2140022666495156
3.032962783919598 -0.19970277192231833
3.0654794824120604 -0.18385560300163206
3.0979961809045227 -0.16693749464531038
3.130512879396985 -0.14940014758525422
3.1630295778894473 -0.13166224160482898
3.1955462763819096 -0.11410228350405305
3.228062974874372 -0.09705281731521609
3.260579673366834 -0.08079637657493777
3.2930963718592965 -0.06556337693643854
3.325613070351759 -0.05153196043858088
3.358129768844221 -0.03882963391544081
3.3906464673366834 -0.02753641057609002
3.4231631658291457 -0.017689076120120717
3.455679864321608 -0.009286162635987694
3.4881965628140703 -0.002293222819730545
3.5207132613065326 0.003351953120613871
3.553229959798995 0.007734455372997218
3.5857466582914572 0.010957886420271734
3.6182633567839195 0.013140582227663344
3.650780055276382 0.014412400429932859
3.683296753768844 0.014911972011418584
3.7158134522613064 0.014784255664721968
3.7483301507537687 0.014178205167524993
3.780846849246231 0.013244361126226067
3.8133635477386933 0.012132207657032268
3.8458802462311557 0.010987187652290231
3.878396944723618 0.009947340683140737
3.9109136432160803 0.00913960728132679
3.9434303417085426 0.008675923514772421
3.975947040201005 0.008649301625496264
4.008463738693467 0.009130147983853476
4.0409804371859295 0.010163102109515876
4.073497135678392 0.011764685380796891
4.106013834170854 0.013922023079715018
4.138530532663316 0.016592849039795965
4.171047231155779 0.019706921570104896
4.203563929648241 0.023168878333194698
4.236080628140703 0.026862444619325743
4.268597326633166 0.03065579399702756
4.301114025125628 0.03440775387736039
4.33363072361809 0.03797446278986172
4.3661474221105525 0.041216032360864574
4.398664120603015 0.04400275486506189
4.431180819095477 0.0462204340281005
4.463697517587939 0.04777450607031142
4.496214216080402 0.04859275863140056
4.528730914572864 0.048626640152292566
4.561247613065326 0.04785136754162522
4.593764311557789 0.04626526361687411
4.626281010050251 0.043888957151921204
4.658797708542713 0.04076521702785385
4.6913144070351755 0.03696021732042709
4.723831105527638 0.032566880693138955
4.7563478040201 0.02771055052733118
4.7888645025125625 0.0225565137114927
4.821381201005025 0.017317740359715117
4.853897899497487 0.012259516981885099
4.886414597989949 0.007695307717824562
4.918931296482412 0.003965055432047393
4.951447994974874 0.0013830918699682115
4.983964693467336 0.00013771544195151364
5.016481391959799 0.0
5.048998090452261 0.0
5.081514788944723 0.0
5.1140314874371855 0.0
5.146548185929648 0.0
5.179064884422111 0.0
5.211581582914573 0.0
5.244098281407036 0.0
5.276614979899498 0.0
5.30913167839196 0.0
5.3416483768844225 0.0
5.374165075376885 0.0
5.406681773869347 0.0
5.439198472361809 0.0
5.471715170854272 0.0
5.504231869346734 0.0
5.536748567839196 0.0
5.569265266331659 0.0
5.601781964824121 0.0
5.634298663316583 0.0
5.6668153618090455 0.0
5.699332060301508 0.0
5.73184875879397 0.0
5.7643654572864325 0.0
5.796882155778895 0.0
5.829398854271357 0.0
5.861915552763819 0.0
5.894432251256282 0.0
5.926948949748744 0.0
5.959465648241206 0.0
5.991982346733669 0.0
6.024499045226131 0.0
6.057015743718593 0.0
6.0895324422110555 0.0
6.122049140703518 0.0
6.15456583919598 0.0
6.187082537688442 0.0
6.219599236180905 0.0
6.252115934673367 0.0
6.284632633165829 0.0
6.317149331658292 0.0
6.349666030150754 0.0
6.382182728643216 0.0
6.4146994271356785 0.0
6.447216125628141 0.0
6.479732824120603 0.0
6.5122495226130654 0.0
6.544766221105528 0.0
6.57728291959799 0.0
6.609799618090452 0.0
6.642316316582915 0.0
6.674833015075377 0.0
6.707349713567839 0.0
6.739866412060302 0.0
6.772383110552764 0.0
6.804899809045226 0.0
6.8374165075376885 0.0
6.869933206030151 0.0
6.902449904522613 0.0
6.934966603015075 0.0
6.967483301507538 0.0
7.0 0.0
